100,'Dimanche-01',641,,5264,650,,,0,200,,5253,650,,,0,167,,5254,650,,,0,131,,5255,650,,,0,165,,5256,650,,,0,123,,5257,650,,,0,118,,5258,650,,,0,160,,5259,650,,,0,123,,5260,650,,,0,175,,5261,650,,,0,115,,5262,650,,,0,115,,5263,650,,,0
100,'Fête-1-01',641,,5276,650,,,0,200,,5265,650,,,0,167,,5266,650,,,0,131,,5267,650,,,0,165,,5268,650,,,0,123,,5269,650,,,0,118,,5270,650,,,0,160,,5271,650,,,0,123,,5272,650,,,0,175,,5273,650,,,0,115,,5274,650,,,0,115,,5275,650,,,0
100,'Fête-2-01',529,,5277,650,,,0,105,,5278,650,,,0,66,,5279,650,,,0,42,,5280,650,,,0,158,,5281,650,,,0,103,,5284,650,,,0,54,,5293,650,,,0,101,,5285,650,,,0,142,,5294,650,,,0,38,,5286,650,,,0,102,,5287,650,,,0,100,,5291,650,,,0,110,,5288,650,,,0,75,,5289,650,,,0,104,,5282,650,,,0,92,,5283,650,,,0,131,,5292,650,,,0,184,,5290,650,,,0
100,'Samedi-01',641,,5306,650,,,0,200,,5295,650,,,0,167,,5296,650,,,0,131,,5297,650,,,0,165,,5298,650,,,0,123,,5299,650,,,0,118,,5300,650,,,0,160,,5301,650,,,0,123,,5302,650,,,0,175,,5303,650,,,0,115,,5304,650,,,0,115,,5305,650,,,0
100,'Semaine-01',529,,5307,650,,,0,105,,5308,650,,,0,66,,5309,650,,,0,42,,5310,650,,,0,158,,5311,650,,,0,103,,5314,650,,,0,54,,5323,650,,,0,101,,5315,650,,,0,142,,5324,650,,,0,38,,5316,650,,,0,102,,5317,650,,,0,100,,5321,650,,,0,110,,5318,650,,,0,75,,5319,650,,,0,104,,5312,650,,,0,92,,5313,650,,,0,131,,5322,650,,,0,184,,5320,650,,,0
2100,'Fête-2-01',548,,5486,290,,,0,70,,5487,290,,,0,31,,5488,290,,,0,75,,5489,290,,,0,30,,5490,290,,,0,75,,5491,290,,,0
2100,'Semaine-01',548,,5492,290,,,0,70,,5493,290,,,0,31,,5494,290,,,0,75,,5495,290,,,0,30,,5496,290,,,0,75,,5497,290,,,0
2300,'Fête-2-01',548,,5539,330,,,0,66,,5540,330,,,0,15,,5541,330,,,0,75,,5542,330,,,0,25,,5543,330,,,0,20,,5544,330,,,0,60,,5545,330,,,0,20,,5546,330,,,0
2300,'Semaine-01',548,,5547,330,,,0,66,,5548,330,,,0,15,,5549,330,,,0,75,,5550,330,,,0,25,,5551,330,,,0,20,,5552,330,,,0,60,,5553,330,,,0,20,,5554,330,,,0
2500,'Fête-2-01',605,,5592,310,,,0,34,,5589,330,,,0,61,,5593,310,,,0,29,,5590,330,,,0,26,,5594,310,,,0,69,,5591,330,,,0
2500,'Semaine-01',605,,5598,310,,,0,34,,5595,330,,,0,61,,5599,310,,,0,29,,5596,330,,,0,26,,5600,310,,,0,69,,5597,330,,,0
2600,'Fête-2-01',504,,5613,280,,,0,17,,5614,290,,,0
2600,'Semaine-01',504,,5615,280,,,0,17,,5616,290,,,0
2800,'Fête-2-01',523,,5659,180,,,0,20,,5658,180,,,0,15,,5656,420,,,0,65,,5664,180,,,0,20,,5655,460,,,0,60,,5657,420,,,0,21,,5660,180,,,0,20,,5661,180,,,0,61,,5662,180,,,0,20,,5663,180,,,0
2800,'Semaine-01',523,,5669,180,,,0,20,,5668,180,,,0,15,,5666,420,,,0,55,,5680,180,,,0,10,,5676,180,,,0,10,,5677,180,,,0,10,,5665,460,,,0,8,,5678,180,,,0,8,,5667,420,,,0,48,,5681,180,,,0,9,,5679,180,,,0,8,,5670,180,,,0,10,,5671,180,,,0,11,,5672,180,,,0,10,,5673,180,,,0,50,,5674,180,,,0,20,,5675,180,,,0
3100,'Dimanche-01',726,,5744,370,,,0,218,,5745,370,,,0,278,,5743,370,,,0,123,,5736,370,,,0,160,,5737,370,,,0,118,,5738,370,,,0,118,,5739,370,,,0,159,,5740,370,,,0,127,,5741,370,,,0,221,,5735,370,,,0,254,,5742,370,,,0
3100,'Fête-1-01',615,,5747,370,,,0,43,,5758,370,,,0,244,,5759,370,,,0,125,,5756,370,,,0,124,,5746,370,,,0,164,,5757,370,,,0,124,,5748,370,,,0,164,,5749,370,,,0,124,,5750,370,,,0,124,,5751,370,,,0,164,,5752,370,,,0,27,,5753,370,,,0,216,,5754,370,,,0,254,,5755,370,,,0
3100,'Fête-2-01',624,,5784,370,,,0,80,,5760,370,,,0,40,,5770,370,,,0,80,,5785,370,,,0,80,,5779,370,,,0,40,,5780,370,,,0,80,,5781,370,,,0,80,,5787,370,,,0,43,,5782,370,,,0,83,,5783,370,,,0,83,,5761,370,,,0,43,,5762,370,,,0,82,,5763,370,,,0,82,,5764,370,,,0,85,,5765,370,,,0,45,,5766,370,,,0,86,,5767,370,,,0,85,,5768,370,,,0,84,,5769,370,,,0,42,,5771,370,,,0,82,,5772,370,,,0,79,,5773,370,,,0,40,,5774,370,,,0,79,,5775,370,,,0,80,,5776,370,,,0,40,,5777,370,,,0,80,,5778,370,,,0
3100,'Samedi-01',615,,5789,370,,,0,43,,5800,370,,,0,244,,5801,370,,,0,125,,5798,370,,,0,124,,5788,370,,,0,164,,5799,370,,,0,124,,5790,370,,,0,164,,5791,370,,,0,124,,5792,370,,,0,124,,5793,370,,,0,164,,5794,370,,,0,27,,5795,370,,,0,216,,5796,370,,,0,254,,5797,370,,,0
3100,'Semaine-01',624,,5826,370,,,0,80,,5802,370,,,0,40,,5812,370,,,0,80,,5827,370,,,0,80,,5821,370,,,0,40,,5822,370,,,0,80,,5823,370,,,0,80,,5829,370,,,0,43,,5824,370,,,0,83,,5825,370,,,0,83,,5803,370,,,0,43,,5804,370,,,0,82,,5805,370,,,0,82,,5806,370,,,0,85,,5807,370,,,0,45,,5808,370,,,0,86,,5809,370,,,0,85,,5810,370,,,0,84,,5811,370,,,0,42,,5813,370,,,0,82,,5814,370,,,0,79,,5815,370,,,0,40,,5816,370,,,0,79,,5817,370,,,0,80,,5818,370,,,0,40,,5819,370,,,0,80,,5820,370,,,0
3200,'Dimanche-01',619,,5830,380,,,0,214,,5835,380,,,0,223,,5838,380,,,0,192,,5839,380,,,0,159,,5831,380,,,0,122,,5841,380,,,0,120,,5832,380,,,0,159,,5834,380,,,0,118,,5833,380,,,0,214,,5836,380,,,0,216,,5837,380,,,0
3200,'Fête-1-01',550,,5842,260,,,0,181,,5848,380,,,0,77,,5843,380,,,0,120,,5851,380,,,0,123,,5852,380,,,0,164,,5853,380,,,0,124,,5844,380,,,0,164,,5855,380,,,0,124,,5845,380,,,0,128,,5846,380,,,0,160,,5847,380,,,0,235,,5849,380,,,0,256,,5850,380,,,0
3200,'Fête-2-01',647,,5881,380,,,0,80,,5856,380,,,0,80,,5884,380,,,0,40,,5867,380,,,0,80,,5875,380,,,0,79,,5876,380,,,0,41,,5877,380,,,0,81,,5878,380,,,0,83,,5879,380,,,0,43,,5880,380,,,0,83,,5857,380,,,0,82,,5858,380,,,0,82,,5859,380,,,0,46,,5883,380,,,0,59,,5860,30,,,0,26,,5861,380,,,0,20,,5885,30,,,0,64,,5862,380,,,0,20,,5886,30,,,0,65,,5863,380,,,0,45,,5864,380,,,0,82,,5865,380,,,0,83,,5866,380,,,0,40,,5868,380,,,0,80,,5869,380,,,0,80,,5870,380,,,0,40,,5871,380,,,0,80,,5872,380,,,0,80,,5873,380,,,0,40,,5874,380,,,0
3200,'Samedi-01',550,,5887,260,,,0,181,,5893,380,,,0,77,,5888,380,,,0,120,,5896,380,,,0,123,,5897,380,,,0,164,,5898,380,,,0,124,,5889,380,,,0,164,,5900,380,,,0,124,,5890,380,,,0,128,,5891,380,,,0,160,,5892,380,,,0,235,,5894,380,,,0,256,,5895,380,,,0
3200,'Semaine-01',647,,5926,380,,,0,80,,5901,380,,,0,80,,5929,380,,,0,40,,5912,380,,,0,80,,5920,380,,,0,79,,5921,380,,,0,41,,5922,380,,,0,81,,5923,380,,,0,83,,5924,380,,,0,43,,5925,380,,,0,83,,5902,380,,,0,82,,5903,380,,,0,82,,5904,380,,,0,46,,5928,380,,,0,59,,5905,30,,,0,26,,5906,380,,,0,20,,5930,30,,,0,64,,5907,380,,,0,20,,5931,30,,,0,65,,5908,380,,,0,45,,5909,380,,,0,82,,5910,380,,,0,83,,5911,380,,,0,40,,5913,380,,,0,80,,5914,380,,,0,80,,5915,380,,,0,40,,5916,380,,,0,80,,5917,380,,,0,80,,5918,380,,,0,40,,5919,380,,,0
9000,'Semaine-01',655,,6077,190,,,0,63,,6078,190,,,0
11100,'Dimanche-01',827,,6109,400,0,5 10,0,188,,6108,400,0,5 10,0,290,,6110,400,0,5 10,0,249,,6111,400,0,5 10,0,305,,6112,400,0,5 10,0
11100,'Fête-1-01',827,,6117,400,0,5 10,0,188,,6116,400,0,5 10,0,290,,6118,400,0,5 10,0,249,,6119,400,0,5 10,0,305,,6120,400,0,5 10,0
11100,'Fête-2-01',538,,6128,400,0,5 14,0,70,,6126,400,0,5 14,0,30,,6129,400,0,5 14,0,70,,6127,400,0,5 14,0,30,,6133,400,0,5 14,0,70,,6134,400,0,5 14,0,34,,6125,400,0,5 10,0,100,,6135,400,0,5 10,0,373,,6124,400,0,5 10,0,398,,6130,400,0,5 14,0,30,,6132,400,0,5 14,0,70,,6131,400,0,5 14,0,130,,6136,400,0,5 10,0
11100,'Samedi-01',827,,6139,400,0,5 10,0,188,,6138,400,0,5 10,0,290,,6140,400,0,5 10,0,249,,6141,400,0,5 10,0,305,,6142,400,0,5 10,0
11100,'Semaine-01',539,,6154,400,0,5 15,0,15,,6148,400,0,5 10,0,60,,6152,400,0,5 15,0,27,,6155,400,0,5 15,0,6,,6149,400,0,5 10,0,54,,6153,400,0,5 15,0,11,,6167,400,0,16 17,0,20,,6161,400,0,5 15,0,20,,6156,400,0,5 15,0,5,,6150,400,0,16 17,0,55,,6163,400,0,5 15,0,40,,6151,400,0,16 17,0,157,,6164,400,0,16 17,0,35,,6146,400,0,16 17,0,265,,6147,400,0,5 10,0,341,,6158,400,0,5 10,0,5,,6157,330,0,5 15,0,92,,6160,400,0,5 10,0,60,,6159,330,0,5 15,0,336,,6162,330,0,5 10,0
