100,'Dimanche-02',609,,7889,250,,,0,200,,7878,250,,,0,125,,7879,250,,,0,170,,7880,250,,,0,125,,7881,250,,,0,124,,7882,250,,,0,160,,7883,250,,,0,120,,7884,250,,,0,124,,7885,250,,,0,175,,7886,250,,,0,115,,7887,250,,,0,155,,7888,250,,,0
100,'Fête-1-02',609,,7901,250,,,0,200,,7890,250,,,0,125,,7891,250,,,0,170,,7892,250,,,0,125,,7893,250,,,0,124,,7894,250,,,0,160,,7895,250,,,0,120,,7896,250,,,0,124,,7897,250,,,0,175,,7898,250,,,0,115,,7899,250,,,0,155,,7900,250,,,0
100,'Fête-2-02',453,,7902,250,,,0,103,,7903,250,,,0,65,,7904,250,,,0,81,,7905,250,,,0,119,,7906,250,,,0,105,,7909,250,,,0,94,,7918,250,,,0,101,,7910,250,,,0,100,,7919,250,,,0,38,,7911,250,,,0,142,,7912,250,,,0,100,,7916,250,,,0,110,,7913,250,,,0,35,,7914,250,,,0,108,,7907,250,,,0,95,,7908,250,,,0,173,,7917,250,,,0,185,,7915,250,,,0
100,'Samedi-02',609,,7931,250,,,0,200,,7920,250,,,0,125,,7921,250,,,0,170,,7922,250,,,0,125,,7923,250,,,0,124,,7924,250,,,0,160,,7925,250,,,0,120,,7926,250,,,0,124,,7927,250,,,0,175,,7928,250,,,0,115,,7929,250,,,0,155,,7930,250,,,0
100,'Semaine-02',453,,7932,250,,,0,103,,7933,250,,,0,65,,7934,250,,,0,81,,7935,250,,,0,119,,7936,250,,,0,105,,7939,250,,,0,94,,7948,250,,,0,101,,7940,250,,,0,100,,7949,250,,,0,38,,7941,250,,,0,142,,7942,250,,,0,100,,7946,250,,,0,110,,7943,250,,,0,35,,7944,250,,,0,108,,7937,250,,,0,95,,7938,250,,,0,173,,7947,250,,,0,185,,7945,250,,,0
2000,'Dimanche-02',719,,8023,530,,,0,124,,8024,530,,,0,166,,8025,530,,,0,125,,8026,530,,,0,125,,8027,530,,,0,164,,8028,530,,,0,125,,8029,530,,,0,165,,8030,530,,,0
2000,'Fête-1-02',719,,8031,530,,,0,124,,8032,530,,,0,166,,8033,530,,,0,125,,8034,530,,,0,125,,8035,530,,,0,164,,8036,530,,,0,125,,8037,530,,,0,165,,8038,530,,,0
2000,'Fête-2-02',702,,8039,530,,,0,125,,8040,530,,,0,125,,8041,530,,,0,166,,8042,530,,,0,126,,8043,530,,,0,165,,8044,530,,,0,126,,8045,530,,,0,166,,8046,530,,,0,126,,8047,530,,,0
2000,'Samedi-02',719,,8048,530,,,0,124,,8049,530,,,0,166,,8050,530,,,0,125,,8051,530,,,0,125,,8052,530,,,0,164,,8053,530,,,0,125,,8054,530,,,0,165,,8055,530,,,0
2000,'Semaine-02',702,,8056,530,,,0,125,,8057,530,,,0,125,,8058,530,,,0,166,,8059,530,,,0,126,,8060,530,,,0,165,,8061,530,,,0,126,,8062,530,,,0,166,,8063,530,,,0,126,,8064,530,,,0
2000,'Semaine-02-0001100',1952,,8066,530,,,0,164,,8065,530,,,0
2800,'Fête-2-02',529,,8281,80,,,0,85,,8280,120,,,0,20,,8282,80,,,0
2800,'Semaine-02',529,,8291,80,,,0,85,,8290,120,,,0,16,,8292,80,,,0
