2400,'Fête-2-02',620,,8194,20,,,0,39,,8195,20,,,0,80,,8197,20,,,0,80,,8198,20,,,0,40,,8196,20,,,0
2400,'Semaine-02',558,,8199,20,,,0,62,,8200,20,,,0,33,,8201,20,,,0,92,,8203,20,,,0,74,,8204,20,,,0,40,,8202,20,,,0
2501,'Fête-2-02',1615,,8226,360,,,0,40,,8227,360,,,0,74,,8228,360,,,0,79,,8229,360,,,0,40,,8230,360,,,0,68,,8231,360,,,0
2501,'Semaine-02',1615,,8232,360,,,0,40,,8233,360,,,0,74,,8234,360,,,0,79,,8235,360,,,0,40,,8236,360,,,0,68,,8237,360,,,0
2600,'Fête-2-02',449,,8238,70,,,0
2600,'Semaine-02',449,,8240,70,,,0
2000002500,'Dimanche-02',540,,9868,210,,,0,87,,9870,260,,,0,78,,9871,260,,,0,35,,9872,260,,,0,68,,9873,260,,,0,34,,9874,260,,,0,78,,9875,260,,,0,37,,9876,260,,,0,76,,9877,260,,,0,72,,9878,260,,,0,45,,9879,260,,,0,85,,9880,260,,,0,95,,9881,260,,,0,23,,9882,260,,,0,62,,9883,260,,,0,85,,9884,260,,,0,40,,9885,260,,,0,80,,9886,260,,,0,80,,9887,260,,,0,35,,9888,260,,,0,81,,9889,260,,,0,39,,9890,260,,,0,80,,9891,260,,,0,70,,9892,260,,,0,35,,9893,260,,,0,75,,9894,260,,,0,35,,9895,260,,,0,75,,9896,260,,,0,75,,9897,260,,,0,30,,9898,260,,,0,75,,9899,260,,,0,35,,9900,260,,,0,76,,9901,260,,,0
2000002500,'Fête-1-02',527,,9934,210,,,0,26,,9903,260,,,0,76,,9919,260,,,0,83,,9904,260,,,0,27,,9920,260,,,0,77,,9905,260,,,0,40,,9921,260,,,0,80,,9906,260,,,0,70,,9922,260,,,0,40,,9907,260,,,0,80,,9923,260,,,0,77,,9908,260,,,0,30,,9902,260,,,0,73,,9909,260,,,0,41,,9924,260,,,0,78,,9910,260,,,0,86,,9925,260,,,0,45,,9911,260,,,0,79,,9926,260,,,0,71,,9912,260,,,0,34,,9927,260,,,0,84,,9913,260,,,0,80,,9928,260,,,0,44,,9914,260,,,0,80,,9929,260,,,0,90,,9915,260,,,0,41,,9930,260,,,0,76,,9916,260,,,0,76,,9931,260,,,0,32,,9917,260,,,0,72,,9932,260,,,0,111,,9918,260,,,0
2000002500,'Fête-2-02',600,,9936,210,,,0,36,,9937,260,,,0,80,,9938,260,,,0,40,,9935,260,,,0,80,,9939,260,,,0,80,,9940,260,,,0,40,,9941,260,,,0,80,,9942,260,,,0,81,,9943,260,,,0,42,,9944,260,,,0,83,,9945,260,,,0,83,,9946,260,,,0,83,,9947,260,,,0,42,,9948,260,,,0,82,,9949,260,,,0,85,,9950,260,,,0,85,,9951,260,,,0,46,,9952,260,,,0,85,,9953,260,,,0,85,,9954,260,,,0,82,,9955,260,,,0,42,,9956,260,,,0,79,,9957,260,,,0,80,,9958,260,,,0,40,,9959,260,,,0,80,,9960,260,,,0,80,,9961,260,,,0,40,,9962,260,,,0,60,,9963,260,,,0,30,,9964,260,,,0,82,,9965,260,,,0
2000002500,'Samedi-02',527,,9998,210,,,0,26,,9967,260,,,0,76,,9983,260,,,0,83,,9968,260,,,0,27,,9984,260,,,0,77,,9969,260,,,0,40,,9985,260,,,0,80,,9970,260,,,0,70,,9986,260,,,0,40,,9971,260,,,0,80,,9987,260,,,0,77,,9972,260,,,0,30,,9966,260,,,0,73,,9973,260,,,0,41,,9988,260,,,0,78,,9974,260,,,0,86,,9989,260,,,0,45,,9975,260,,,0,79,,9990,260,,,0,71,,9976,260,,,0,34,,9991,260,,,0,84,,9977,260,,,0,80,,9992,260,,,0,44,,9978,260,,,0,80,,9993,260,,,0,90,,9979,260,,,0,41,,9994,260,,,0,76,,9980,260,,,0,76,,9995,260,,,0,32,,9981,260,,,0,72,,9996,260,,,0,111,,9982,260,,,0
2000002500,'Semaine-02',600,,10000,210,,,0,36,,10001,260,,,0,80,,10002,260,,,0,40,,9999,260,,,0,80,,10003,260,,,0,80,,10004,260,,,0,40,,10005,260,,,0,80,,10006,260,,,0,81,,10007,260,,,0,42,,10008,260,,,0,83,,10009,260,,,0,83,,10010,260,,,0,83,,10011,260,,,0,42,,10012,260,,,0,82,,10013,260,,,0,85,,10014,260,,,0,85,,10015,260,,,0,46,,10016,260,,,0,85,,10017,260,,,0,85,,10018,260,,,0,82,,10019,260,,,0,42,,10020,260,,,0,79,,10021,260,,,0,80,,10022,260,,,0,40,,10023,260,,,0,80,,10024,260,,,0,80,,10025,260,,,0,40,,10026,260,,,0,60,,10027,260,,,0,30,,10028,260,,,0,82,,10029,260,,,0
