2000002300,'Dimanche-01',550,,6971,90,,,0,79,,6973,90,,,0,74,,6974,90,,,0,101,,6975,90,,,0,41,,6976,90,,,0,75,,6977,90,,,0,107,,6978,90,,,0,97,,6979,90,,,0,95,,6980,90,,,0,82,,6981,90,,,0,37,,6982,90,,,0,83,,6983,90,,,0,79,,6984,90,,,0,42,,6985,90,,,0,78,,6986,90,,,0,80,,6987,90,,,0,39,,6988,90,,,0,82,,6989,90,,,0,36,,6990,90,,,0,146,,6991,90,,,0,109,,6992,90,,,0,112,,6993,90,,,0,104,,6994,90,,,0,111,,6995,90,,,0,102,,6972,90,,,0
2000002300,'Fête-1-01',552,,6996,90,,,0,83,,6998,90,,,0,81,,6999,90,,,0,35,,7000,90,,,0,87,,7001,90,,,0,84,,7002,90,,,0,81,,7003,90,,,0,53,,7004,90,,,0,90,,7005,90,,,0,85,,7006,90,,,0,79,,7007,90,,,0,41,,7008,90,,,0,83,,7009,90,,,0,85,,7010,90,,,0,39,,7011,90,,,0,85,,7012,90,,,0,83,,7013,90,,,0,80,,7014,90,,,0,40,,7015,90,,,0,85,,7016,90,,,0,87,,7017,90,,,0,104,,7018,90,,,0,80,,7019,90,,,0,32,,7020,90,,,0,104,,7021,90,,,0,111,,7022,90,,,0,96,,6997,90,,,0
2000002300,'Fête-2-01',559,,7023,90,,,0,80,,7024,90,,,0,80,,7048,90,,,0,81,,7049,90,,,0,39,,7025,90,,,0,80,,7047,90,,,0,40,,7045,90,,,0,81,,7044,90,,,0,82,,7046,90,,,0,83,,7043,90,,,0,43,,7040,90,,,0,83,,7042,90,,,0,82,,7041,90,,,0,42,,7039,90,,,0,85,,7038,90,,,0,85,,7037,90,,,0,86,,7036,90,,,0,45,,7035,90,,,0,85,,7034,90,,,0,82,,7033,90,,,0,82,,7032,90,,,0,39,,7031,90,,,0,80,,7030,90,,,0,80,,7029,90,,,0,40,,7028,90,,,0,80,,7027,90,,,0,80,,7026,90,,,0,121,,7050,90,,,0
2000002300,'Samedi-01',552,,7051,90,,,0,83,,7053,90,,,0,81,,7054,90,,,0,35,,7055,90,,,0,87,,7056,90,,,0,84,,7057,90,,,0,81,,7058,90,,,0,53,,7059,90,,,0,90,,7060,90,,,0,85,,7061,90,,,0,79,,7062,90,,,0,41,,7063,90,,,0,83,,7064,90,,,0,85,,7065,90,,,0,39,,7066,90,,,0,85,,7067,90,,,0,83,,7068,90,,,0,80,,7069,90,,,0,40,,7070,90,,,0,85,,7071,90,,,0,87,,7072,90,,,0,104,,7073,90,,,0,80,,7074,90,,,0,32,,7075,90,,,0,104,,7076,90,,,0,111,,7077,90,,,0,96,,7052,90,,,0
2000002300,'Semaine-01',559,,7078,90,,,0,80,,7079,90,,,0,80,,7103,90,,,0,81,,7104,90,,,0,39,,7080,90,,,0,80,,7102,90,,,0,40,,7100,90,,,0,81,,7099,90,,,0,82,,7101,90,,,0,83,,7098,90,,,0,43,,7095,90,,,0,83,,7097,90,,,0,82,,7096,90,,,0,42,,7094,90,,,0,85,,7093,90,,,0,85,,7092,90,,,0,86,,7091,90,,,0,45,,7090,90,,,0,85,,7089,90,,,0,82,,7088,90,,,0,82,,7087,90,,,0,39,,7086,90,,,0,80,,7085,90,,,0,80,,7084,90,,,0,40,,7083,90,,,0,80,,7082,90,,,0,80,,7081,90,,,0,121,,7105,90,,,0
2000002301,'Dimanche-01',614,,7106,90,,,0,34,,7116,90,,,0,80,,7111,90,,,0,101,,7121,90,,,0,76,,7117,90,,,0,40,,7110,90,,,0,107,,7112,90,,,0,97,,7113,90,,,0,95,,7120,90,,,0,75,,7114,90,,,0,84,,7109,90,,,0,38,,7122,90,,,0,84,,7115,90,,,0,77,,7119,90,,,0,43,,7118,90,,,0,79,,7108,90,,,0,80,,7123,90,,,0,37,,7124,90,,,0,81,,7129,90,,,0,106,,7126,90,,,0,109,,7125,90,,,0,112,,7130,90,,,0,104,,7128,90,,,0,151,,7127,90,,,0,102,,7107,90,,,0
2000002301,'Fête-1-01',617,,7131,90,,,0,83,,7141,90,,,0,36,,7136,90,,,0,75,,7147,90,,,0,92,,7142,90,,,0,40,,7135,90,,,0,85,,7144,90,,,0,88,,7137,90,,,0,95,,7138,90,,,0,40,,7146,90,,,0,84,,7139,90,,,0,76,,7134,90,,,0,48,,7148,90,,,0,80,,7140,90,,,0,84,,7145,90,,,0,80,,7143,90,,,0,48,,7133,90,,,0,75,,7149,90,,,0,85,,7150,90,,,0,40,,7155,90,,,0,92,,7152,90,,,0,104,,7151,90,,,0,72,,7156,90,,,0,40,,7157,90,,,0,144,,7154,90,,,0,111,,7153,90,,,0,96,,7132,90,,,0
2000002301,'Fête-2-01',624,,7186,90,,,0,80,,7183,90,,,0,40,,7184,90,,,0,80,,7185,90,,,0,80,,7181,90,,,0,40,,7182,90,,,0,80,,7179,90,,,0,81,,7178,90,,,0,42,,7180,90,,,0,83,,7176,90,,,0,83,,7173,90,,,0,43,,7177,90,,,0,82,,7175,90,,,0,82,,7174,90,,,0,85,,7172,90,,,0,45,,7171,90,,,0,86,,7170,90,,,0,85,,7169,90,,,0,85,,7168,90,,,0,42,,7167,90,,,0,82,,7166,90,,,0,79,,7165,90,,,0,40,,7164,90,,,0,80,,7163,90,,,0,80,,7162,90,,,0,40,,7161,90,,,0,80,,7160,90,,,0,74,,7159,90,,,0,98,,7158,90,,,0
2000002301,'Samedi-01',617,,7187,90,,,0,83,,7197,90,,,0,36,,7192,90,,,0,75,,7203,90,,,0,92,,7198,90,,,0,40,,7191,90,,,0,85,,7200,90,,,0,88,,7193,90,,,0,95,,7194,90,,,0,40,,7202,90,,,0,84,,7195,90,,,0,76,,7190,90,,,0,48,,7204,90,,,0,80,,7196,90,,,0,84,,7201,90,,,0,80,,7199,90,,,0,48,,7189,90,,,0,75,,7205,90,,,0,85,,7206,90,,,0,40,,7211,90,,,0,92,,7208,90,,,0,104,,7207,90,,,0,72,,7212,90,,,0,40,,7213,90,,,0,144,,7210,90,,,0,111,,7209,90,,,0,96,,7188,90,,,0
2000002301,'Semaine-01',624,,7242,90,,,0,80,,7239,90,,,0,40,,7240,90,,,0,80,,7241,90,,,0,80,,7237,90,,,0,40,,7238,90,,,0,80,,7235,90,,,0,81,,7234,90,,,0,42,,7236,90,,,0,83,,7232,90,,,0,83,,7229,90,,,0,43,,7233,90,,,0,82,,7231,90,,,0,82,,7230,90,,,0,85,,7228,90,,,0,45,,7227,90,,,0,86,,7226,90,,,0,85,,7225,90,,,0,85,,7224,90,,,0,42,,7223,90,,,0,82,,7222,90,,,0,79,,7221,90,,,0,40,,7220,90,,,0,80,,7219,90,,,0,80,,7218,90,,,0,40,,7217,90,,,0,80,,7216,90,,,0,74,,7215,90,,,0,98,,7214,90,,,0
