100,'Dimanche-02',630,,7889,520,,,0,200,,7878,520,,,0,125,,7879,520,,,0,170,,7880,520,,,0,125,,7881,520,,,0,164,,7882,520,,,0,119,,7883,520,,,0,120,,7884,520,,,0,163,,7885,520,,,0,135,,7886,520,,,0,155,,7887,520,,,0,115,,7888,520,,,0
100,'Fête-1-02',630,,7901,520,,,0,200,,7890,520,,,0,125,,7891,520,,,0,170,,7892,520,,,0,125,,7893,520,,,0,164,,7894,520,,,0,119,,7895,520,,,0,120,,7896,520,,,0,163,,7897,520,,,0,135,,7898,520,,,0,155,,7899,520,,,0,115,,7900,520,,,0
100,'Fête-2-02',515,,7902,520,,,0,104,,7903,520,,,0,26,,7904,520,,,0,81,,7905,520,,,0,119,,7906,520,,,0,104,,7909,520,,,0,94,,7918,520,,,0,101,,7910,520,,,0,100,,7919,520,,,0,78,,7911,520,,,0,102,,7912,520,,,0,100,,7916,520,,,0,110,,7913,520,,,0,75,,7914,520,,,0,107,,7907,520,,,0,93,,7908,520,,,0,133,,7917,520,,,0,184,,7915,520,,,0
100,'Samedi-02',630,,7931,520,,,0,200,,7920,520,,,0,125,,7921,520,,,0,170,,7922,520,,,0,125,,7923,520,,,0,164,,7924,520,,,0,119,,7925,520,,,0,120,,7926,520,,,0,163,,7927,520,,,0,135,,7928,520,,,0,155,,7929,520,,,0,115,,7930,520,,,0
100,'Semaine-02',515,,7932,520,,,0,104,,7933,520,,,0,26,,7934,520,,,0,81,,7935,520,,,0,119,,7936,520,,,0,104,,7939,520,,,0,94,,7948,520,,,0,101,,7940,520,,,0,100,,7949,520,,,0,78,,7941,520,,,0,102,,7942,520,,,0,100,,7946,520,,,0,110,,7943,520,,,0,75,,7944,520,,,0,107,,7937,520,,,0,93,,7938,520,,,0,133,,7947,520,,,0,184,,7945,520,,,0
2300,'Fête-2-02',535,,8164,190,,,0,65,,8165,190,,,0,15,,8166,190,,,0,35,,8167,190,,,0,65,,8168,190,,,0,20,,8169,190,,,0,20,,8170,190,,,0,60,,8171,190,,,0
2300,'Semaine-02',535,,8172,190,,,0,65,,8173,190,,,0,15,,8174,190,,,0,35,,8175,190,,,0,65,,8176,190,,,0,20,,8177,190,,,0,20,,8178,190,,,0,60,,8179,190,,,0
2400,'Fête-2-02',626,,8194,130,,,0,79,,8195,130,,,0,40,,8197,130,,,0,80,,8198,130,,,0,80,,8196,130,,,0
2400,'Semaine-02',604,,8199,130,,,0,22,,8200,130,,,0,33,,8201,130,,,0,92,,8203,130,,,0,74,,8204,130,,,0,80,,8202,130,,,0
2600,'Fête-2-02',456,,8238,180,,,0
2600,'Semaine-02',456,,8240,180,,,0
2800,'Fête-2-02',507,,8284,50,,,0,20,,8283,50,,,0,15,,8281,290,,,0,65,,8289,50,,,0,20,,8280,330,,,0,20,,8282,290,,,0,60,,8285,50,,,0,20,,8286,50,,,0,20,,8287,50,,,0,60,,8288,50,,,0
2800,'Semaine-02',507,,8294,50,,,0,20,,8293,50,,,0,15,,8291,290,,,0,15,,8305,50,,,0,50,,8301,50,,,0,10,,8302,50,,,0,10,,8290,330,,,0,8,,8303,50,,,0,8,,8292,290,,,0,8,,8306,50,,,0,8,,8304,50,,,0,48,,8295,50,,,0,10,,8296,50,,,0,11,,8297,50,,,0,9,,8298,50,,,0,10,,8299,50,,,0,60,,8300,50,,,0
3300,'Dimanche-02',601,,8559,370,,,0,42,,8557,370,,,0,91,,8568,370,,,0,81,,8578,370,,,0,43,,8580,370,,,0,93,,8581,370,,,0,80,,8582,370,,,0,80,,8583,370,,,0,40,,8584,370,,,0,80,,8560,370,,,0,80,,8561,370,,,0,39,,8562,370,,,0,80,,8563,370,,,0,80,,8564,370,,,0,39,,8565,370,,,0,79,,8566,370,,,0,79,,8567,370,,,0,39,,8569,370,,,0,79,,8570,370,,,0,80,,8571,370,,,0,47,,8572,370,,,0,85,,8573,370,,,0,85,,8574,370,,,0,87,,8575,370,,,0,46,,8576,370,,,0,83,,8577,370,,,0,88,,8558,370,,,0,83,,8579,370,,,0
3300,'Fête-1-02',621,,8588,370,,,0,81,,8586,370,,,0,42,,8597,370,,,0,82,,8607,370,,,0,82,,8609,370,,,0,44,,8610,370,,,0,81,,8611,370,,,0,82,,8612,370,,,0,42,,8613,370,,,0,82,,8589,370,,,0,82,,8590,370,,,0,82,,8591,370,,,0,42,,8592,370,,,0,82,,8593,370,,,0,82,,8594,370,,,0,42,,8595,370,,,0,82,,8596,370,,,0,85,,8598,370,,,0,39,,8599,370,,,0,82,,8600,370,,,0,82,,8601,370,,,0,79,,8602,370,,,0,41,,8603,370,,,0,81,,8604,370,,,0,82,,8605,370,,,0,43,,8606,370,,,0,86,,8608,370,,,0,86,,8587,370,,,0
3300,'Fête-2-02',628,,8615,370,,,0,80,,8643,370,,,0,41,,8624,370,,,0,80,,8634,370,,,0,80,,8637,370,,,0,40,,8638,370,,,0,80,,8639,370,,,0,82,,8640,370,,,0,41,,8641,370,,,0,83,,8616,370,,,0,83,,8617,370,,,0,83,,8618,370,,,0,43,,8619,370,,,0,83,,8620,370,,,0,86,,8621,370,,,0,45,,8622,370,,,0,85,,8623,370,,,0,84,,8625,370,,,0,81,,8626,370,,,0,43,,8627,370,,,0,82,,8628,370,,,0,80,,8629,370,,,0,40,,8630,370,,,0,79,,8631,370,,,0,80,,8632,370,,,0,40,,8633,370,,,0,80,,8635,370,,,0,80,,8636,370,,,0
3300,'Samedi-02',621,,8646,370,,,0,81,,8644,370,,,0,42,,8655,370,,,0,82,,8665,370,,,0,82,,8667,370,,,0,44,,8668,370,,,0,81,,8669,370,,,0,82,,8670,370,,,0,42,,8671,370,,,0,82,,8647,370,,,0,82,,8648,370,,,0,82,,8649,370,,,0,42,,8650,370,,,0,82,,8651,370,,,0,82,,8652,370,,,0,42,,8653,370,,,0,82,,8654,370,,,0,85,,8656,370,,,0,39,,8657,370,,,0,82,,8658,370,,,0,82,,8659,370,,,0,79,,8660,370,,,0,41,,8661,370,,,0,81,,8662,370,,,0,82,,8663,370,,,0,43,,8664,370,,,0,86,,8666,370,,,0,86,,8645,370,,,0
3300,'Semaine-02',628,,8673,370,,,0,80,,8701,370,,,0,41,,8682,370,,,0,80,,8692,370,,,0,80,,8695,370,,,0,40,,8696,370,,,0,80,,8697,370,,,0,82,,8698,370,,,0,41,,8699,370,,,0,83,,8674,370,,,0,83,,8675,370,,,0,83,,8676,370,,,0,43,,8677,370,,,0,83,,8678,370,,,0,86,,8679,370,,,0,45,,8680,370,,,0,85,,8681,370,,,0,84,,8683,370,,,0,81,,8684,370,,,0,43,,8685,370,,,0,82,,8686,370,,,0,80,,8687,370,,,0,40,,8688,370,,,0,79,,8689,370,,,0,80,,8690,370,,,0,40,,8691,370,,,0,80,,8693,370,,,0,80,,8694,370,,,0
9000,'Semaine-02',641,,8702,70,,,0,63,,8703,70,,,0
