100,'Dimanche-01',702,,5264,790,4,,0,201,,5253,790,4,,0,130,,5254,790,4,,0,171,,5255,790,4,,0,125,,5256,790,4,,0,123,,5257,790,4,,0,157,,5258,790,4,,0,120,,5259,790,4,,0,122,,5260,790,4,,0,175,,5261,790,4,,0,115,,5262,790,4,,0,115,,5263,790,4,,0
100,'Fête-1-01',702,,5276,790,4,,0,201,,5265,790,4,,0,130,,5266,790,4,,0,171,,5267,790,4,,0,125,,5268,790,4,,0,123,,5269,790,4,,0,157,,5270,790,4,,0,120,,5271,790,4,,0,122,,5272,790,4,,0,175,,5273,790,4,,0,115,,5274,790,4,,0,115,,5275,790,4,,0
100,'Fête-2-01',550,,5277,790,4,,0,106,,5278,790,4,,0,69,,5279,790,4,,0,84,,5280,790,4,,0,115,,5281,790,4,,0,103,,5284,790,4,,0,92,,5293,790,4,,0,103,,5285,790,4,,0,105,,5294,790,4,,0,78,,5286,790,4,,0,101,,5287,790,4,,0,100,,5291,790,4,,0,110,,5288,790,4,,0,34,,5289,790,4,,0,102,,5282,790,4,,0,92,,5283,790,4,,0,171,,5292,790,4,,0,142,,5290,790,4,,0
100,'Samedi-01',702,,5306,790,4,,0,201,,5295,790,4,,0,130,,5296,790,4,,0,171,,5297,790,4,,0,125,,5298,790,4,,0,123,,5299,790,4,,0,157,,5300,790,4,,0,120,,5301,790,4,,0,122,,5302,790,4,,0,175,,5303,790,4,,0,115,,5304,790,4,,0,115,,5305,790,4,,0
100,'Semaine-01',550,,5307,790,4,,0,106,,5308,790,4,,0,69,,5309,790,4,,0,84,,5310,790,4,,0,115,,5311,790,4,,0,103,,5314,790,4,,0,92,,5323,790,4,,0,103,,5315,790,4,,0,105,,5324,790,4,,0,78,,5316,790,4,,0,101,,5317,790,4,,0,100,,5321,790,4,,0,110,,5318,790,4,,0,34,,5319,790,4,,0,102,,5312,790,4,,0,92,,5313,790,4,,0,171,,5322,790,4,,0,142,,5320,790,4,,0
2100,'Fête-2-01',608,,5486,430,4,,0,30,,5487,430,4,,0,73,,5488,430,4,,0,38,,5489,430,4,,0,70,,5490,430,4,,0,36,,5491,430,4,,0
2100,'Semaine-01',608,,5492,430,4,,0,30,,5493,430,4,,0,73,,5494,430,4,,0,38,,5495,430,4,,0,70,,5496,430,4,,0,36,,5497,430,4,,0
2300,'Fête-2-01',609,,5539,470,4,,0,27,,5540,470,4,,0,17,,5541,470,4,,0,75,,5542,470,4,,0,26,,5543,470,4,,0,61,,5544,470,4,,0,21,,5545,470,4,,0,20,,5546,470,4,,0
2300,'Semaine-01',609,,5547,470,4,,0,27,,5548,470,4,,0,17,,5549,470,4,,0,75,,5550,470,4,,0,26,,5551,470,4,,0,61,,5552,470,4,,0,21,,5553,470,4,,0,20,,5554,470,4,,0
2500,'Fête-2-01',625,,5592,450,4,,0,34,,5589,470,4,,0,61,,5593,450,4,,0,29,,5590,470,4,,0,66,,5594,450,4,,0,29,,5591,470,4,,0
2500,'Semaine-01',625,,5598,450,4,,0,34,,5595,470,4,,0,61,,5599,450,4,,0,29,,5596,470,4,,0,66,,5600,450,4,,0,29,,5597,470,4,,0
2600,'Fête-2-01',522,,5613,420,4,,0,16,,5614,430,4,,0
2600,'Semaine-01',522,,5615,420,4,,0,16,,5616,430,4,,0
3100,'Dimanche-01',742,,5744,510,4,,0,260,,5745,510,4,,0,238,,5743,510,4,,0,163,,5736,510,4,,0,120,,5737,510,4,,0,118,,5738,510,4,,0,118,,5739,510,4,,0,159,,5740,510,4,,0,127,,5741,510,4,,0,260,,5735,510,4,,0,213,,5742,510,4,,0
3100,'Fête-1-01',631,,5747,510,4,,0,83,,5758,510,4,,0,206,,5759,510,4,,0,125,,5756,510,4,,0,164,,5746,510,4,,0,124,,5757,510,4,,0,124,,5748,510,4,,0,164,,5749,510,4,,0,124,,5750,510,4,,0,164,,5751,510,4,,0,124,,5752,510,4,,0,26,,5753,510,4,,0,256,,5754,510,4,,0,213,,5755,510,4,,0
3100,'Fête-2-01',645,,5784,510,4,,0,80,,5760,510,4,,0,82,,5770,510,4,,0,41,,5785,510,4,,0,80,,5779,510,4,,0,80,,5780,510,4,,0,37,,5781,510,4,,0,79,,5787,510,4,,0,84,,5782,510,4,,0,43,,5783,510,4,,0,83,,5761,510,4,,0,83,,5762,510,4,,0,42,,5763,510,4,,0,84,,5764,510,4,,0,84,,5765,510,4,,0,85,,5766,510,4,,0,46,,5767,510,4,,0,82,,5768,510,4,,0,84,,5769,510,4,,0,82,,5771,510,4,,0,42,,5772,510,4,,0,79,,5773,510,4,,0,80,,5774,510,4,,0,37,,5775,510,4,,0,80,,5776,510,4,,0,80,,5777,510,4,,0,40,,5778,510,4,,0
3100,'Samedi-01',631,,5789,510,4,,0,83,,5800,510,4,,0,206,,5801,510,4,,0,125,,5798,510,4,,0,164,,5788,510,4,,0,124,,5799,510,4,,0,124,,5790,510,4,,0,164,,5791,510,4,,0,124,,5792,510,4,,0,164,,5793,510,4,,0,124,,5794,510,4,,0,26,,5795,510,4,,0,256,,5796,510,4,,0,213,,5797,510,4,,0
3100,'Semaine-01',645,,5826,510,4,,0,80,,5802,510,4,,0,82,,5812,510,4,,0,41,,5827,510,4,,0,80,,5821,510,4,,0,80,,5822,510,4,,0,37,,5823,510,4,,0,79,,5829,510,4,,0,84,,5824,510,4,,0,43,,5825,510,4,,0,83,,5803,510,4,,0,83,,5804,510,4,,0,42,,5805,510,4,,0,84,,5806,510,4,,0,84,,5807,510,4,,0,85,,5808,510,4,,0,46,,5809,510,4,,0,82,,5810,510,4,,0,84,,5811,510,4,,0,82,,5813,510,4,,0,42,,5814,510,4,,0,79,,5815,510,4,,0,80,,5816,510,4,,0,37,,5817,510,4,,0,80,,5818,510,4,,0,80,,5819,510,4,,0,40,,5820,510,4,,0
3200,'Dimanche-01',638,,5830,520,4,,0,214,,5835,520,4,,0,263,,5838,520,4,,0,192,,5839,520,4,,0,119,,5831,520,4,,0,122,,5841,520,4,,0,160,,5832,520,4,,0,119,,5834,520,4,,0,118,,5833,520,4,,0,212,,5836,520,4,,0,256,,5837,520,4,,0
3200,'Fête-1-01',609,,5842,400,4,,0,141,,5848,520,4,,0,77,,5843,520,4,,0,120,,5851,520,4,,0,163,,5852,520,4,,0,124,,5853,520,4,,0,124,,5844,520,4,,0,164,,5855,520,4,,0,124,,5845,520,4,,0,168,,5846,520,4,,0,120,,5847,520,4,,0,273,,5849,520,4,,0,216,,5850,520,4,,0
3200,'Fête-2-01',709,,5881,520,4,,0,42,,5856,520,4,,0,80,,5884,520,4,,0,80,,5867,520,4,,0,40,,5875,520,4,,0,77,,5876,520,4,,0,81,,5877,520,4,,0,41,,5878,520,4,,0,83,,5879,520,4,,0,83,,5880,520,4,,0,43,,5857,520,4,,0,82,,5858,520,4,,0,84,,5859,520,4,,0,86,,5883,520,4,,0,17,,5860,170,4,,0,28,,5861,520,4,,0,58,,5885,170,4,,0,24,,5862,520,4,,0,20,,5886,170,4,,0,65,,5863,520,4,,0,84,,5864,520,4,,0,40,,5865,520,4,,0,83,,5866,520,4,,0,80,,5868,520,4,,0,40,,5869,520,4,,0,80,,5870,520,4,,0,80,,5871,520,4,,0,40,,5872,520,4,,0,80,,5873,520,4,,0,80,,5874,520,4,,0
3200,'Samedi-01',609,,5887,400,4,,0,141,,5893,520,4,,0,77,,5888,520,4,,0,120,,5896,520,4,,0,163,,5897,520,4,,0,124,,5898,520,4,,0,124,,5889,520,4,,0,164,,5900,520,4,,0,124,,5890,520,4,,0,168,,5891,520,4,,0,120,,5892,520,4,,0,273,,5894,520,4,,0,216,,5895,520,4,,0
3200,'Semaine-01',709,,5926,520,4,,0,42,,5901,520,4,,0,80,,5929,520,4,,0,80,,5912,520,4,,0,40,,5920,520,4,,0,77,,5921,520,4,,0,81,,5922,520,4,,0,41,,5923,520,4,,0,83,,5924,520,4,,0,83,,5925,520,4,,0,43,,5902,520,4,,0,82,,5903,520,4,,0,84,,5904,520,4,,0,86,,5928,520,4,,0,17,,5905,170,4,,0,28,,5906,520,4,,0,58,,5930,170,4,,0,24,,5907,520,4,,0,20,,5931,170,4,,0,65,,5908,520,4,,0,84,,5909,520,4,,0,40,,5910,520,4,,0,83,,5911,520,4,,0,80,,5913,520,4,,0,40,,5914,520,4,,0,80,,5915,520,4,,0,80,,5916,520,4,,0,40,,5917,520,4,,0,80,,5918,520,4,,0,80,,5919,520,4,,0
9800,'Fête-2-01',710,,6094,310,4,,0,102,,6082,410,4,,0,104,,6086,410,4,,0,105,,6087,410,4,,0,505,,6088,410,4,,0,105,,6089,410,4,,0,105,,6090,410,4,,0,105,,6091,410,4,,0,102,,6092,410,4,,0,97,,6093,410,4,,0,94,,6083,410,4,,0,90,,6084,410,4,,0
9800,'Semaine-01',710,,6107,310,4,,0,102,,6095,410,4,,0,104,,6099,410,4,,0,105,,6100,410,4,,0,505,,6101,410,4,,0,105,,6102,410,4,,0,105,,6103,410,4,,0,105,,6104,410,4,,0,102,,6105,410,4,,0,97,,6106,410,4,,0,94,,6096,410,4,,0,90,,6097,410,4,,0
11100,'Dimanche-01',848,,6109,540,4,,0,187,,6108,540,4,,0,291,,6110,540,4,,0,291,,6111,540,4,,0,305,,6112,540,4,,0
11100,'Fête-1-01',848,,6117,540,4,,0,187,,6116,540,4,,0,291,,6118,540,4,,0,291,,6119,540,4,,0,305,,6120,540,4,,0
11100,'Fête-2-01',607,,6128,540,4,,0,30,,6126,540,4,,0,70,,6129,540,4,,0,30,,6127,540,4,,0,70,,6133,540,4,,0,30,,6134,540,4,,0,70,,6125,540,4,,0,100,,6135,540,4,,0,329,,6124,540,4,,0,397,,6130,540,4,,0,70,,6132,540,4,,0,30,,6131,540,4,,0,170,,6136,540,4,,0
11100,'Samedi-01',848,,6139,540,4,,0,187,,6138,540,4,,0,291,,6140,540,4,,0,291,,6141,540,4,,0,305,,6142,540,4,,0
11100,'Semaine-01',613,,6148,540,4,,0,98,,6149,540,4,,0,111,,6150,540,4,,0,95,,6151,540,4,,0,114,,6164,540,4,,0,75,,6146,540,4,,0,225,,6147,540,4,,0,380,,6158,540,4,,0,97,,6160,540,4,,0,395,,6162,470,4,,0
