100,'Dimanche-02',539,,7889,30,,,0,200,,7878,30,,,0,165,,7879,30,,,0,130,,7880,30,,,0,125,,7881,30,,,0,165,,7882,30,,,0,120,,7883,30,,,0,160,,7884,30,,,0,124,,7885,30,,,0,175,,7886,30,,,0,115,,7887,30,,,0,115,,7888,30,,,0
100,'Fête-1-02',539,,7901,30,,,0,200,,7890,30,,,0,165,,7891,30,,,0,130,,7892,30,,,0,125,,7893,30,,,0,165,,7894,30,,,0,120,,7895,30,,,0,160,,7896,30,,,0,124,,7897,30,,,0,175,,7898,30,,,0,115,,7899,30,,,0,115,,7900,30,,,0
100,'Fête-2-02',421,,7902,30,,,0,103,,7903,30,,,0,25,,7904,30,,,0,81,,7905,30,,,0,120,,7906,30,,,0,106,,7909,30,,,0,94,,7918,30,,,0,101,,7910,30,,,0,99,,7919,30,,,0,78,,7911,30,,,0,102,,7912,30,,,0,100,,7916,30,,,0,110,,7913,30,,,0,75,,7914,30,,,0,109,,7907,30,,,0,95,,7908,30,,,0,135,,7917,30,,,0,185,,7915,30,,,0
100,'Samedi-02',539,,7931,30,,,0,200,,7920,30,,,0,165,,7921,30,,,0,130,,7922,30,,,0,125,,7923,30,,,0,165,,7924,30,,,0,120,,7925,30,,,0,160,,7926,30,,,0,124,,7927,30,,,0,175,,7928,30,,,0,115,,7929,30,,,0,115,,7930,30,,,0
100,'Semaine-02',421,,7932,30,,,0,103,,7933,30,,,0,25,,7934,30,,,0,81,,7935,30,,,0,120,,7936,30,,,0,106,,7939,30,,,0,94,,7948,30,,,0,101,,7940,30,,,0,99,,7949,30,,,0,78,,7941,30,,,0,102,,7942,30,,,0,100,,7946,30,,,0,110,,7943,30,,,0,75,,7944,30,,,0,109,,7937,30,,,0,95,,7938,30,,,0,135,,7947,30,,,0,185,,7945,30,,,0
101,'Dimanche-02',828,,7950,760,4,,0,206,,7951,760,4,,0,171,,7952,760,4,,0,133,,7953,760,4,,0,167,,7954,760,4,,0,120,,7955,760,4,,0,120,,7956,760,4,,0,160,,7957,760,4,,0,117,,7958,760,4,,0,134,,7959,760,4,,0,154,,7960,760,4,,0,113,,7961,760,4,,0
101,'Fête-1-02',828,,7962,760,4,,0,206,,7963,760,4,,0,171,,7964,760,4,,0,133,,7965,760,4,,0,167,,7966,760,4,,0,120,,7967,760,4,,0,120,,7968,760,4,,0,160,,7969,760,4,,0,117,,7970,760,4,,0,134,,7971,760,4,,0,154,,7972,760,4,,0,113,,7973,760,4,,0
101,'Fête-2-02',729,,7974,760,4,,0,101,,7983,760,4,,0,70,,7985,760,4,,0,50,,7986,760,4,,0,150,,7987,760,4,,0,105,,7988,760,4,,0,95,,7990,760,4,,0,105,,7989,760,4,,0,106,,7991,760,4,,0,41,,7975,760,4,,0,105,,7976,760,4,,0,96,,7977,760,4,,0,104,,7978,760,4,,0,74,,7979,760,4,,0,103,,7980,760,4,,0,83,,7981,760,4,,0,132,,7982,760,4,,0,173,,7984,760,4,,0
101,'Samedi-02',828,,7992,760,4,,0,206,,7993,760,4,,0,171,,7994,760,4,,0,133,,7995,760,4,,0,167,,7996,760,4,,0,120,,7997,760,4,,0,120,,7998,760,4,,0,160,,7999,760,4,,0,117,,8000,760,4,,0,134,,8001,760,4,,0,154,,8002,760,4,,0,113,,8003,760,4,,0
101,'Semaine-02',724,,8022,630,4,,0,5,,8004,760,4,,0,101,,8013,760,4,,0,70,,8015,760,4,,0,50,,8016,760,4,,0,150,,8017,760,4,,0,105,,8018,760,4,,0,95,,8020,760,4,,0,105,,8019,760,4,,0,106,,8021,760,4,,0,41,,8005,760,4,,0,105,,8006,760,4,,0,96,,8007,760,4,,0,104,,8008,760,4,,0,74,,8009,760,4,,0,103,,8010,760,4,,0,83,,8011,760,4,,0,132,,8012,760,4,,0,173,,8014,760,4,,0
