101,'Dimanche-01',721,,5325,100,,,0,205,,5326,100,,,0,130,,5327,100,,,0,171,,5328,100,,,0,125,,5329,100,,,0,160,,5330,100,,,0,120,,5331,100,,,0,120,,5332,100,,,0,159,,5333,100,,,0,135,,5334,100,,,0,155,,5335,100,,,0,115,,5336,100,,,0
101,'Fête-1-01',721,,5337,100,,,0,205,,5338,100,,,0,130,,5339,100,,,0,171,,5340,100,,,0,125,,5341,100,,,0,160,,5342,100,,,0,120,,5343,100,,,0,120,,5344,100,,,0,159,,5345,100,,,0,135,,5346,100,,,0,155,,5347,100,,,0,115,,5348,100,,,0
101,'Fête-2-01',617,,5349,100,,,0,100,,5358,100,,,0,30,,5360,100,,,0,90,,5361,100,,,0,111,,5362,100,,,0,105,,5363,100,,,0,95,,5365,100,,,0,100,,5364,100,,,0,106,,5366,100,,,0,80,,5350,100,,,0,100,,5351,100,,,0,100,,5352,100,,,0,109,,5353,100,,,0,75,,5354,100,,,0,104,,5355,100,,,0,84,,5356,100,,,0,135,,5357,100,,,0,175,,5359,100,,,0
101,'Samedi-01',721,,5367,100,,,0,205,,5368,100,,,0,130,,5369,100,,,0,171,,5370,100,,,0,125,,5371,100,,,0,160,,5372,100,,,0,120,,5373,100,,,0,120,,5374,100,,,0,159,,5375,100,,,0,135,,5376,100,,,0,155,,5377,100,,,0,115,,5378,100,,,0
101,'Semaine-01',617,,5379,100,,,0,100,,5388,100,,,0,30,,5390,100,,,0,90,,5391,100,,,0,111,,5392,100,,,0,105,,5393,100,,,0,95,,5395,100,,,0,100,,5394,100,,,0,106,,5396,100,,,0,80,,5380,100,,,0,100,,5381,100,,,0,100,,5382,100,,,0,109,,5383,100,,,0,75,,5384,100,,,0,104,,5385,100,,,0,84,,5386,100,,,0,135,,5387,100,,,0,175,,5389,100,,,0
2101,'Fête-2-01',649,,5503,100,0,5 6,0,79,,5504,100,0,5 6,0,81,,5505,100,0,5 6,0,796,,5498,100,,,0,30,,5499,100,,,0,69,,5500,100,,,0,30,,5501,100,,,0,70,,5502,100,,,0
2101,'Semaine-01',649,,5512,100,0,5 6,0,79,,5513,100,0,5 6,0,81,,5514,100,0,5 6,0,796,,5506,100,,,0,23,,5507,100,,,0,26,,5508,100,,,0,65,,5509,100,,,0,25,,5510,100,,,0,68,,5511,100,,,0
2301,'Fête-2-01',1538,,5555,100,,,0,65,,5556,100,,,0,30,,5557,100,,,0,70,,5558,100,,,0,30,,5559,100,,,0,69,,5560,100,,,0,30,,5561,100,,,0
2301,'Semaine-01',1538,,5562,100,,,0,65,,5563,100,,,0,30,,5564,100,,,0,70,,5565,100,,,0,30,,5566,100,,,0,69,,5567,100,,,0,30,,5568,100,,,0
2501,'Fête-2-01',1543,,5601,100,,,0,80,,5602,100,,,0,34,,5603,100,,,0,80,,5604,100,,,0,80,,5605,100,,,0,29,,5606,100,,,0
2501,'Semaine-01',1543,,5607,100,,,0,80,,5608,100,,,0,34,,5609,100,,,0,80,,5610,100,,,0,80,,5611,100,,,0,29,,5612,100,,,0
3100,'Dimanche-01',655,,5744,100,,,0,256,,5745,100,,,0,238,,5743,100,,,0,163,,5736,100,,,0,120,,5737,100,,,0,118,,5738,100,,,0,158,,5739,100,,,0,119,,5740,100,,,0,127,,5741,100,,,0,261,,5735,100,,,0,215,,5742,100,,,0
3100,'Fête-1-01',544,,5747,100,,,0,83,,5758,100,,,0,202,,5759,100,,,0,125,,5756,100,,,0,164,,5746,100,,,0,124,,5757,100,,,0,164,,5748,100,,,0,124,,5749,100,,,0,124,,5750,100,,,0,164,,5751,100,,,0,124,,5752,100,,,0,67,,5753,100,,,0,216,,5754,100,,,0,215,,5755,100,,,0
3100,'Fête-2-01',550,,5784,100,,,0,80,,5760,100,,,0,80,,5770,100,,,0,40,,5785,100,,,0,80,,5779,100,,,0,80,,5780,100,,,0,40,,5781,100,,,0,81,,5787,100,,,0,81,,5782,100,,,0,43,,5783,100,,,0,83,,5761,100,,,0,83,,5762,100,,,0,82,,5763,100,,,0,42,,5764,100,,,0,84,,5765,100,,,0,85,,5766,100,,,0,45,,5767,100,,,0,86,,5768,100,,,0,85,,5769,100,,,0,84,,5771,100,,,0,42,,5772,100,,,0,80,,5773,100,,,0,80,,5774,100,,,0,40,,5775,100,,,0,80,,5776,100,,,0,80,,5777,100,,,0,40,,5778,100,,,0,161,,5786,100,0,5 6,0
3100,'Samedi-01',544,,5789,100,,,0,83,,5800,100,,,0,202,,5801,100,,,0,125,,5798,100,,,0,164,,5788,100,,,0,124,,5799,100,,,0,164,,5790,100,,,0,124,,5791,100,,,0,124,,5792,100,,,0,164,,5793,100,,,0,124,,5794,100,,,0,67,,5795,100,,,0,216,,5796,100,,,0,215,,5797,100,,,0
3100,'Semaine-01',550,,5826,100,,,0,80,,5802,100,,,0,80,,5812,100,,,0,40,,5827,100,,,0,80,,5821,100,,,0,80,,5822,100,,,0,40,,5823,100,,,0,81,,5829,100,,,0,81,,5824,100,,,0,43,,5825,100,,,0,83,,5803,100,,,0,83,,5804,100,,,0,82,,5805,100,,,0,42,,5806,100,,,0,84,,5807,100,,,0,85,,5808,100,,,0,45,,5809,100,,,0,86,,5810,100,,,0,85,,5811,100,,,0,84,,5813,100,,,0,42,,5814,100,,,0,80,,5815,100,,,0,80,,5816,100,,,0,40,,5817,100,,,0,80,,5818,100,,,0,80,,5819,100,,,0,40,,5820,100,,,0,161,,5828,100,0,5 6,0
3200,'Dimanche-01',545,,5830,100,,,0,214,,5835,100,,,0,263,,5838,100,,,0,192,,5839,100,,,0,119,,5831,100,,,0,122,,5841,100,,,0,160,,5832,100,,,0,119,,5834,100,,,0,118,,5833,100,,,0,255,,5836,100,,,0,216,,5837,100,,,0,213,,5840,100,0,6,0
3200,'Fête-1-01',657,,5848,100,,,0,77,,5843,100,,,0,120,,5851,100,,,0,163,,5852,100,,,0,124,,5853,100,,,0,164,,5844,100,,,0,124,,5855,100,,,0,124,,5845,100,,,0,168,,5846,100,,,0,120,,5847,100,,,0,276,,5849,100,,,0,216,,5850,100,,,0,210,,5854,100,0,6,0
3200,'Fête-2-01',614,,5881,100,,,0,39,,5856,100,,,0,79,,5884,100,,,0,79,,5867,100,,,0,40,,5875,100,,,0,82,,5876,100,,,0,81,,5877,100,,,0,41,,5878,100,,,0,83,,5879,100,,,0,83,,5880,100,,,0,83,,5857,100,,,0,42,,5858,100,,,0,81,,5859,100,,,0,84,,5883,100,,,0,45,,5861,100,,,0,85,,5862,100,,,0,86,,5863,100,,,0,86,,5864,100,,,0,42,,5865,100,,,0,84,,5866,100,,,0,81,,5868,100,,,0,80,,5869,100,,,0,40,,5870,100,,,0,80,,5871,100,,,0,80,,5872,100,,,0,42,,5873,100,,,0,80,,5874,100,,,0,112,,5882,100,0,6,0
3200,'Samedi-01',657,,5893,100,,,0,77,,5888,100,,,0,120,,5896,100,,,0,163,,5897,100,,,0,124,,5898,100,,,0,164,,5889,100,,,0,124,,5900,100,,,0,124,,5890,100,,,0,168,,5891,100,,,0,120,,5892,100,,,0,276,,5894,100,,,0,216,,5895,100,,,0,210,,5899,100,0,6,0
3200,'Semaine-01',614,,5926,100,,,0,39,,5901,100,,,0,79,,5929,100,,,0,79,,5912,100,,,0,40,,5920,100,,,0,82,,5921,100,,,0,81,,5922,100,,,0,41,,5923,100,,,0,83,,5924,100,,,0,83,,5925,100,,,0,83,,5902,100,,,0,42,,5903,100,,,0,81,,5904,100,,,0,84,,5928,100,,,0,45,,5906,100,,,0,85,,5907,100,,,0,86,,5908,100,,,0,86,,5909,100,,,0,42,,5910,100,,,0,84,,5911,100,,,0,81,,5913,100,,,0,80,,5914,100,,,0,40,,5915,100,,,0,80,,5916,100,,,0,80,,5917,100,,,0,42,,5918,100,,,0,80,,5919,100,,,0,112,,5927,100,0,6,0
9800,'Fête-2-01',726,,6082,100,,,0,103,,6086,100,,,0,105,,6087,100,,,0,506,,6088,100,,,0,105,,6089,100,,,0,105,,6090,100,,,0,104,,6091,100,,,0,105,,6092,100,,,0,98,,6093,100,,,0,99,,6083,100,,,0,90,,6084,100,,,0,90,,6085,100,,,0
9800,'Semaine-01',726,,6095,100,,,0,103,,6099,100,,,0,105,,6100,100,,,0,506,,6101,100,,,0,105,,6102,100,,,0,105,,6103,100,,,0,104,,6104,100,,,0,105,,6105,100,,,0,98,,6106,100,,,0,99,,6096,100,,,0,90,,6097,100,,,0,90,,6098,100,,,0
11101,'Dimanche-01',903,,6169,100,,,0,148,,6168,100,,,0,295,,6170,100,,,0,289,,6171,100,,,0,303,,6172,100,,,0
11101,'Fête-1-01',903,,6177,100,,,0,148,,6176,100,,,0,295,,6178,100,,,0,289,,6179,100,,,0,303,,6180,100,,,0
11101,'Fête-2-01',711,,6192,110,,,0,100,,6195,110,,,0,100,,6196,110,,,0,14,,6194,100,,,0,232,,6198,100,,,0,200,,6184,100,,,0,189,,6185,110,,,0,70,,6187,110,,,0,30,,6188,110,,,0,70,,6189,110,,,0,30,,6190,110,,,0,70,,6191,110,,,0,30,,6193,110,,,0,70,,6186,110,,,0,110,,6197,100,,,0
11101,'Samedi-01',903,,6201,100,,,0,148,,6200,100,,,0,295,,6202,100,,,0,289,,6203,100,,,0,303,,6204,100,,,0
11101,'Semaine-01',634,,6217,100,,,0,96,,6224,100,,,0,170,,6225,100,,,0,55,,6222,100,,,0,192,,6227,100,,,0,265,,6208,110,,,0,120,,6211,110,,,0,110,,6219,110,,,0,110,,6220,110,,,0,94,,6221,110,,,0,75,,6210,110,,,0,305,,6223,100,,,0
