2100,'Fête-2-02',540,,8111,240,,,0,70,,8112,240,,,0,30,,8113,240,,,0,75,,8114,240,,,0,30,,8115,240,,,0,75,,8116,240,,,0
2100,'Semaine-02',540,,8117,240,,,0,70,,8118,240,,,0,30,,8119,240,,,0,75,,8120,240,,,0,30,,8121,240,,,0,75,,8122,240,,,0
2101,'Fête-2-02',1636,,8123,390,,,0,70,,8124,390,,,0,29,,8125,390,,,0,69,,8126,390,,,0,30,,8127,390,,,0
2101,'Semaine-02',1636,,8131,390,,,0,23,,8132,390,,,0,66,,8133,390,,,0,24,,8134,390,,,0,65,,8135,390,,,0,28,,8136,390,,,0
2201,'Fête-2-02',1641,,8152,250,,,0,65,,8156,250,,,0,25,,8153,250,,,0,25,,8157,250,,,0,65,,8155,250,,,0,23,,8154,250,,,0
2201,'Semaine-02',1641,,8158,250,,,0,65,,8162,250,,,0,25,,8159,250,,,0,25,,8163,250,,,0,65,,8161,250,,,0,23,,8160,250,,,0
3200,'Dimanche-02',611,,8455,330,,,0,214,,8460,330,,,0,223,,8463,330,,,0,192,,8464,330,,,0,119,,8456,330,,,0,162,,8466,330,,,0,120,,8457,330,,,0,159,,8459,330,,,0,118,,8458,330,,,0,215,,8461,330,,,0,216,,8462,330,,,0,253,,8465,330,0,6,0
3200,'Fête-1-02',542,,8467,210,,,0,181,,8473,330,,,0,77,,8468,330,,,0,120,,8476,330,,,0,123,,8477,330,,,0,164,,8478,330,,,0,124,,8469,330,,,0,124,,8480,330,,,0,164,,8470,330,,,0,128,,8471,330,,,0,160,,8472,330,,,0,236,,8474,330,,,0,216,,8475,330,,,0,247,,8479,330,0,6,0
3200,'Fête-2-02',638,,8506,330,,,0,80,,8481,330,,,0,40,,8509,330,,,0,80,,8492,330,,,0,80,,8500,330,,,0,41,,8501,330,,,0,81,,8502,330,,,0,81,,8503,330,,,0,83,,8504,330,,,0,43,,8505,330,,,0,83,,8482,330,,,0,82,,8483,330,,,0,42,,8484,330,,,0,85,,8508,330,,,0,85,,8486,330,,,0,85,,8487,330,,,0,45,,8488,330,,,0,85,,8489,330,,,0,82,,8490,330,,,0,83,,8491,330,,,0,40,,8493,330,,,0,80,,8494,330,,,0,80,,8495,330,,,0,40,,8496,330,,,0,80,,8497,330,,,0,80,,8498,330,,,0,40,,8499,330,,,0
3200,'Samedi-02',542,,8512,210,,,0,181,,8518,330,,,0,77,,8513,330,,,0,120,,8521,330,,,0,123,,8522,330,,,0,164,,8523,330,,,0,124,,8514,330,,,0,124,,8525,330,,,0,164,,8515,330,,,0,128,,8516,330,,,0,160,,8517,330,,,0,236,,8519,330,,,0,216,,8520,330,,,0,247,,8524,330,0,6,0
3200,'Semaine-02',638,,8551,330,,,0,80,,8526,330,,,0,40,,8554,330,,,0,80,,8537,330,,,0,80,,8545,330,,,0,41,,8546,330,,,0,81,,8547,330,,,0,81,,8548,330,,,0,83,,8549,330,,,0,43,,8550,330,,,0,83,,8527,330,,,0,82,,8528,330,,,0,42,,8529,330,,,0,85,,8553,330,,,0,85,,8531,330,,,0,85,,8532,330,,,0,45,,8533,330,,,0,85,,8534,330,,,0,82,,8535,330,,,0,83,,8536,330,,,0,40,,8538,330,,,0,80,,8539,330,,,0,80,,8540,330,,,0,40,,8541,330,,,0,80,,8542,330,,,0,80,,8543,330,,,0,40,,8544,330,,,0
11100,'Dimanche-02',722,,8738,350,0,5 6,0,100,,8734,350,0,5 10,0,188,,8733,350,0,5 10,0,290,,8735,350,0,5 10,0,249,,8736,350,0,5 10,0,198,,8739,350,0,5 6,0,107,,8737,350,0,5 10,0,379,,8740,350,0,5 6,0
11100,'Fête-1-02',722,,8746,350,0,5 6,0,100,,8742,350,0,5 10,0,188,,8741,350,0,5 10,0,290,,8743,350,0,5 10,0,249,,8744,350,0,5 10,0,198,,8747,350,0,5 6,0,107,,8745,350,0,5 10,0,379,,8748,350,0,5 6,0
11100,'Fête-2-02',534,,8753,350,0,5 14,0,70,,8751,350,0,5 14,0,30,,8754,350,0,5 14,0,70,,8752,350,0,5 14,0,30,,8758,350,0,5 14,0,70,,8759,350,0,5 14,0,33,,8750,350,0,5 10,0,100,,8760,350,0,5 10,0,207,,8762,350,0,5 6,0,165,,8749,350,0,5 10,0,400,,8755,350,0,5 14,0,30,,8757,350,0,5 14,0,70,,8756,350,0,5 14,0,130,,8761,350,0,5 10,0
11100,'Samedi-02',722,,8768,350,0,5 6,0,100,,8764,350,0,5 10,0,188,,8763,350,0,5 10,0,290,,8765,350,0,5 10,0,249,,8766,350,0,5 10,0,198,,8769,350,0,5 6,0,107,,8767,350,0,5 10,0,379,,8770,350,0,5 6,0
11100,'Semaine-02',534,,8779,350,0,5 15,0,15,,8773,350,0,5 10,0,60,,8777,350,0,5 15,0,27,,8780,350,0,5 15,0,6,,8774,350,0,5 10,0,14,,8778,350,0,5 15,0,51,,8792,350,0,16 17,0,20,,8786,350,0,5 15,0,20,,8781,350,0,5 15,0,5,,8775,350,0,16 17,0,55,,8788,350,0,5 15,0,40,,8776,350,0,16 17,0,157,,8789,350,0,16 17,0,35,,8771,350,0,16 17,0,105,,8791,350,0,5 6,0,160,,8772,350,0,5 10,0,341,,8783,350,0,5 10,0,6,,8782,280,0,5 15,0,91,,8785,350,0,5 10,0,61,,8784,280,0,5 15,0,233,,8790,280,0,5 6,0,103,,8787,280,0,5 10,0
