100,'Dimanche-02',646,,7889,680,,,0,200,,7878,680,,,0,167,,7879,680,,,0,131,,7880,680,,,0,165,,7881,680,,,0,123,,7882,680,,,0,118,,7883,680,,,0,160,,7884,680,,,0,123,,7885,680,,,0,175,,7886,680,,,0,115,,7887,680,,,0,115,,7888,680,,,0
100,'Fête-1-02',646,,7901,680,,,0,200,,7890,680,,,0,167,,7891,680,,,0,131,,7892,680,,,0,165,,7893,680,,,0,123,,7894,680,,,0,118,,7895,680,,,0,160,,7896,680,,,0,123,,7897,680,,,0,175,,7898,680,,,0,115,,7899,680,,,0,115,,7900,680,,,0
100,'Fête-2-02',534,,7902,680,,,0,105,,7903,680,,,0,66,,7904,680,,,0,43,,7905,680,,,0,157,,7906,680,,,0,103,,7909,680,,,0,93,,7918,680,,,0,102,,7910,680,,,0,103,,7919,680,,,0,38,,7911,680,,,0,101,,7912,680,,,0,100,,7916,680,,,0,110,,7913,680,,,0,75,,7914,680,,,0,104,,7907,680,,,0,92,,7908,680,,,0,131,,7917,680,,,0,184,,7915,680,,,0
100,'Samedi-02',646,,7931,680,,,0,200,,7920,680,,,0,167,,7921,680,,,0,131,,7922,680,,,0,165,,7923,680,,,0,123,,7924,680,,,0,118,,7925,680,,,0,160,,7926,680,,,0,123,,7927,680,,,0,175,,7928,680,,,0,115,,7929,680,,,0,115,,7930,680,,,0
100,'Semaine-02',534,,7932,680,,,0,105,,7933,680,,,0,66,,7934,680,,,0,43,,7935,680,,,0,157,,7936,680,,,0,103,,7939,680,,,0,93,,7948,680,,,0,102,,7940,680,,,0,103,,7949,680,,,0,38,,7941,680,,,0,101,,7942,680,,,0,100,,7946,680,,,0,110,,7943,680,,,0,75,,7944,680,,,0,104,,7937,680,,,0,92,,7938,680,,,0,131,,7947,680,,,0,184,,7945,680,,,0
2100,'Fête-2-02',552,,8111,320,,,0,70,,8112,320,,,0,32,,8113,320,,,0,75,,8114,320,,,0,30,,8115,320,,,0,76,,8116,320,,,0
2100,'Semaine-02',552,,8117,320,,,0,70,,8118,320,,,0,32,,8119,320,,,0,75,,8120,320,,,0,30,,8121,320,,,0,76,,8122,320,,,0
2300,'Fête-2-02',553,,8164,360,,,0,66,,8165,360,,,0,16,,8166,360,,,0,75,,8167,360,,,0,25,,8168,360,,,0,21,,8169,360,,,0,60,,8170,360,,,0,20,,8171,360,,,0
2300,'Semaine-02',553,,8172,360,,,0,66,,8173,360,,,0,16,,8174,360,,,0,75,,8175,360,,,0,25,,8176,360,,,0,21,,8177,360,,,0,60,,8178,360,,,0,20,,8179,360,,,0
2500,'Fête-2-02',610,,8217,340,,,0,34,,8214,360,,,0,61,,8218,340,,,0,29,,8215,360,,,0,66,,8219,340,,,0,29,,8216,360,,,0
2500,'Semaine-02',610,,8223,340,,,0,34,,8220,360,,,0,61,,8224,340,,,0,29,,8221,360,,,0,66,,8225,340,,,0,29,,8222,360,,,0
2600,'Fête-2-02',508,,8238,310,,,0,17,,8239,320,,,0
2600,'Semaine-02',508,,8240,310,,,0,17,,8241,320,,,0
2800,'Fête-2-02',527,,8284,210,,,0,20,,8283,210,,,0,55,,8281,450,,,0,25,,8289,210,,,0,20,,8280,490,,,0,60,,8282,450,,,0,21,,8285,210,,,0,20,,8286,210,,,0,61,,8287,210,,,0,20,,8288,210,,,0
2800,'Semaine-02',527,,8294,210,,,0,20,,8293,210,,,0,55,,8291,450,,,0,15,,8305,210,,,0,10,,8301,210,,,0,10,,8302,210,,,0,10,,8290,490,,,0,8,,8303,210,,,0,48,,8292,450,,,0,8,,8306,210,,,0,9,,8304,210,,,0,8,,8295,210,,,0,10,,8296,210,,,0,11,,8297,210,,,0,10,,8298,210,,,0,50,,8299,210,,,0,20,,8300,210,,,0
3100,'Dimanche-02',730,,8369,400,,,0,218,,8370,400,,,0,278,,8368,400,,,0,123,,8361,400,,,0,160,,8362,400,,,0,118,,8363,400,,,0,118,,8364,400,,,0,159,,8365,400,,,0,127,,8366,400,,,0,221,,8360,400,,,0,254,,8367,400,,,0
3100,'Fête-1-02',619,,8372,400,,,0,83,,8383,400,,,0,204,,8384,400,,,0,125,,8381,400,,,0,124,,8371,400,,,0,164,,8382,400,,,0,124,,8373,400,,,0,164,,8374,400,,,0,124,,8375,400,,,0,124,,8376,400,,,0,164,,8377,400,,,0,27,,8378,400,,,0,256,,8379,400,,,0,214,,8380,400,,,0
3100,'Fête-2-02',628,,8409,400,,,0,80,,8385,400,,,0,41,,8395,400,,,0,80,,8410,400,,,0,80,,8404,400,,,0,40,,8405,400,,,0,79,,8406,400,,,0,80,,8412,400,,,0,43,,8407,400,,,0,83,,8408,400,,,0,83,,8386,400,,,0,83,,8387,400,,,0,42,,8388,400,,,0,83,,8389,400,,,0,84,,8390,400,,,0,45,,8391,400,,,0,86,,8392,400,,,0,85,,8393,400,,,0,84,,8394,400,,,0,42,,8396,400,,,0,82,,8397,400,,,0,79,,8398,400,,,0,40,,8399,400,,,0,79,,8400,400,,,0,80,,8401,400,,,0,40,,8402,400,,,0,80,,8403,400,,,0
3100,'Samedi-02',619,,8414,400,,,0,83,,8425,400,,,0,204,,8426,400,,,0,125,,8423,400,,,0,124,,8413,400,,,0,164,,8424,400,,,0,124,,8415,400,,,0,164,,8416,400,,,0,124,,8417,400,,,0,124,,8418,400,,,0,164,,8419,400,,,0,27,,8420,400,,,0,256,,8421,400,,,0,214,,8422,400,,,0
3100,'Semaine-02',628,,8451,400,,,0,80,,8427,400,,,0,41,,8437,400,,,0,80,,8452,400,,,0,80,,8446,400,,,0,40,,8447,400,,,0,79,,8448,400,,,0,80,,8454,400,,,0,43,,8449,400,,,0,83,,8450,400,,,0,83,,8428,400,,,0,83,,8429,400,,,0,42,,8430,400,,,0,83,,8431,400,,,0,84,,8432,400,,,0,45,,8433,400,,,0,86,,8434,400,,,0,85,,8435,400,,,0,84,,8436,400,,,0,42,,8438,400,,,0,82,,8439,400,,,0,79,,8440,400,,,0,40,,8441,400,,,0,79,,8442,400,,,0,80,,8443,400,,,0,40,,8444,400,,,0,80,,8445,400,,,0
3200,'Dimanche-02',623,,8455,410,,,0,214,,8460,410,,,0,263,,8463,410,,,0,152,,8464,410,,,0,159,,8456,410,,,0,122,,8466,410,,,0,120,,8457,410,,,0,159,,8459,410,,,0,118,,8458,410,,,0,214,,8461,410,,,0,256,,8462,410,,,0
3200,'Fête-1-02',554,,8467,290,,,0,181,,8473,410,,,0,77,,8468,410,,,0,120,,8476,410,,,0,123,,8477,410,,,0,164,,8478,410,,,0,124,,8469,410,,,0,164,,8480,410,,,0,124,,8470,410,,,0,128,,8471,410,,,0,160,,8472,410,,,0,235,,8474,410,,,0,256,,8475,410,,,0
3200,'Fête-2-02',651,,8506,410,,,0,80,,8481,410,,,0,80,,8509,410,,,0,40,,8492,410,,,0,80,,8500,410,,,0,79,,8501,410,,,0,41,,8502,410,,,0,81,,8503,410,,,0,83,,8504,410,,,0,43,,8505,410,,,0,83,,8482,410,,,0,82,,8483,410,,,0,82,,8484,410,,,0,46,,8508,410,,,0,59,,8485,60,,,0,26,,8486,410,,,0,20,,8510,60,,,0,64,,8487,410,,,0,20,,8511,60,,,0,65,,8488,410,,,0,45,,8489,410,,,0,82,,8490,410,,,0,83,,8491,410,,,0,40,,8493,410,,,0,80,,8494,410,,,0,80,,8495,410,,,0,40,,8496,410,,,0,80,,8497,410,,,0,80,,8498,410,,,0,40,,8499,410,,,0
3200,'Samedi-02',554,,8512,290,,,0,181,,8518,410,,,0,77,,8513,410,,,0,120,,8521,410,,,0,123,,8522,410,,,0,164,,8523,410,,,0,124,,8514,410,,,0,164,,8525,410,,,0,124,,8515,410,,,0,128,,8516,410,,,0,160,,8517,410,,,0,235,,8519,410,,,0,256,,8520,410,,,0
3200,'Semaine-02',651,,8551,410,,,0,80,,8526,410,,,0,80,,8554,410,,,0,40,,8537,410,,,0,80,,8545,410,,,0,79,,8546,410,,,0,41,,8547,410,,,0,81,,8548,410,,,0,83,,8549,410,,,0,43,,8550,410,,,0,83,,8527,410,,,0,82,,8528,410,,,0,82,,8529,410,,,0,46,,8553,410,,,0,59,,8530,60,,,0,26,,8531,410,,,0,20,,8555,60,,,0,64,,8532,410,,,0,20,,8556,60,,,0,65,,8533,410,,,0,45,,8534,410,,,0,82,,8535,410,,,0,83,,8536,410,,,0,40,,8538,410,,,0,80,,8539,410,,,0,80,,8540,410,,,0,40,,8541,410,,,0,80,,8542,410,,,0,80,,8543,410,,,0,40,,8544,410,,,0
9000,'Semaine-02',701,,8702,220,,,0,24,,8703,220,,,0
9800,'Fête-2-02',651,,8719,200,0,21 10,0,102,,8707,300,,,0,104,,8711,300,,,0,145,,8712,300,,,0,507,,8713,300,,,0,105,,8714,300,,,0,105,,8715,300,,,0,105,,8716,300,,,0,102,,8717,300,,,0,97,,8718,300,,,0,98,,8708,300,,,0,90,,8709,300,,,0
9800,'Semaine-02',651,,8732,200,0,21 10,0,102,,8720,300,,,0,104,,8724,300,,,0,145,,8725,300,,,0,507,,8726,300,,,0,105,,8727,300,,,0,105,,8728,300,,,0,105,,8729,300,,,0,102,,8730,300,,,0,97,,8731,300,,,0,98,,8721,300,,,0,90,,8722,300,,,0
11100,'Dimanche-02',831,,8734,430,0,5 10,0,188,,8733,430,0,5 10,0,290,,8735,430,0,5 10,0,249,,8736,430,0,5 10,0,345,,8737,430,0,5 10,0
11100,'Fête-1-02',831,,8742,430,0,5 10,0,188,,8741,430,0,5 10,0,290,,8743,430,0,5 10,0,249,,8744,430,0,5 10,0,345,,8745,430,0,5 10,0
11100,'Fête-2-02',540,,8753,430,0,5 14,0,70,,8751,430,0,5 14,0,30,,8754,430,0,5 14,0,70,,8752,430,0,5 14,0,30,,8758,430,0,5 14,0,70,,8759,430,0,5 14,0,36,,8750,430,0,5 10,0,100,,8760,430,0,5 10,0,373,,8749,430,0,5 10,0,396,,8755,430,0,5 14,0,30,,8757,430,0,5 14,0,70,,8756,430,0,5 14,0,130,,8761,430,0,5 10,0
11100,'Samedi-02',831,,8764,430,0,5 10,0,188,,8763,430,0,5 10,0,290,,8765,430,0,5 10,0,249,,8766,430,0,5 10,0,345,,8767,430,0,5 10,0
11100,'Semaine-02',544,,8779,430,0,5 15,0,14,,8773,430,0,5 10,0,61,,8777,430,0,5 15,0,27,,8780,430,0,5 15,0,5,,8774,430,0,5 10,0,55,,8778,430,0,5 15,0,10,,8792,430,0,16 17,0,21,,8786,430,0,5 15,0,20,,8781,430,0,5 15,0,44,,8775,430,0,16 17,0,16,,8788,430,0,5 15,0,39,,8776,430,0,16 17,0,157,,8789,430,0,16 17,0,36,,8771,430,0,16 17,0,265,,8772,430,0,5 10,0,340,,8783,430,0,5 10,0,46,,8782,360,0,5 15,0,51,,8785,430,0,5 10,0,61,,8784,360,0,5 15,0,335,,8787,360,0,5 10,0
