100,'Dimanche-02',655,,7889,730,4,,0,200,,7878,730,4,,0,168,,7879,730,4,,0,131,,7880,730,4,,0,165,,7881,730,4,,0,123,,7882,730,4,,0,158,,7883,730,4,,0,120,,7884,730,4,,0,123,,7885,730,4,,0,175,,7886,730,4,,0,115,,7887,730,4,,0,115,,7888,730,4,,0
100,'Fête-1-02',655,,7901,730,4,,0,200,,7890,730,4,,0,168,,7891,730,4,,0,131,,7892,730,4,,0,165,,7893,730,4,,0,123,,7894,730,4,,0,158,,7895,730,4,,0,120,,7896,730,4,,0,123,,7897,730,4,,0,175,,7898,730,4,,0,115,,7899,730,4,,0,115,,7900,730,4,,0
100,'Fête-2-02',543,,7902,730,4,,0,106,,7903,730,4,,0,67,,7904,730,4,,0,43,,7905,730,4,,0,156,,7906,730,4,,0,103,,7909,730,4,,0,92,,7918,730,4,,0,103,,7910,730,4,,0,104,,7919,730,4,,0,38,,7911,730,4,,0,101,,7912,730,4,,0,100,,7916,730,4,,0,150,,7913,730,4,,0,34,,7914,730,4,,0,104,,7907,730,4,,0,92,,7908,730,4,,0,171,,7917,730,4,,0,143,,7915,730,4,,0
100,'Samedi-02',655,,7931,730,4,,0,200,,7920,730,4,,0,168,,7921,730,4,,0,131,,7922,730,4,,0,165,,7923,730,4,,0,123,,7924,730,4,,0,158,,7925,730,4,,0,120,,7926,730,4,,0,123,,7927,730,4,,0,175,,7928,730,4,,0,115,,7929,730,4,,0,115,,7930,730,4,,0
100,'Semaine-02',543,,7932,730,4,,0,106,,7933,730,4,,0,67,,7934,730,4,,0,43,,7935,730,4,,0,156,,7936,730,4,,0,103,,7939,730,4,,0,92,,7948,730,4,,0,103,,7940,730,4,,0,104,,7949,730,4,,0,38,,7941,730,4,,0,101,,7942,730,4,,0,100,,7946,730,4,,0,150,,7943,730,4,,0,34,,7944,730,4,,0,104,,7937,730,4,,0,92,,7938,730,4,,0,171,,7947,730,4,,0,143,,7945,730,4,,0
2100,'Fête-2-02',601,,8111,370,4,,0,30,,8112,370,4,,0,73,,8113,370,4,,0,36,,8114,370,4,,0,70,,8115,370,4,,0,36,,8116,370,4,,0
2100,'Semaine-02',601,,8117,370,4,,0,30,,8118,370,4,,0,73,,8119,370,4,,0,36,,8120,370,4,,0,70,,8121,370,4,,0,36,,8122,370,4,,0
2300,'Fête-2-02',602,,8164,410,4,,0,26,,8165,410,4,,0,17,,8166,410,4,,0,75,,8167,410,4,,0,26,,8168,410,4,,0,61,,8169,410,4,,0,20,,8170,410,4,,0,20,,8171,410,4,,0
2300,'Semaine-02',602,,8172,410,4,,0,26,,8173,410,4,,0,17,,8174,410,4,,0,75,,8175,410,4,,0,26,,8176,410,4,,0,61,,8177,410,4,,0,20,,8178,410,4,,0,20,,8179,410,4,,0
2500,'Fête-2-02',619,,8217,390,4,,0,34,,8214,410,4,,0,61,,8218,390,4,,0,29,,8215,410,4,,0,66,,8219,390,4,,0,29,,8216,410,4,,0
2500,'Semaine-02',619,,8223,390,4,,0,34,,8220,410,4,,0,61,,8224,390,4,,0,29,,8221,410,4,,0,66,,8225,390,4,,0,29,,8222,410,4,,0
2600,'Fête-2-02',515,,8238,360,4,,0,17,,8239,370,4,,0
2600,'Semaine-02',515,,8240,360,4,,0,17,,8241,370,4,,0
3100,'Dimanche-02',736,,8369,450,4,,0,219,,8370,450,4,,0,278,,8368,450,4,,0,123,,8361,450,4,,0,160,,8362,450,4,,0,118,,8363,450,4,,0,118,,8364,450,4,,0,159,,8365,450,4,,0,127,,8366,450,4,,0,220,,8360,450,4,,0,254,,8367,450,4,,0
3100,'Fête-1-02',625,,8372,450,4,,0,83,,8383,450,4,,0,205,,8384,450,4,,0,125,,8381,450,4,,0,164,,8371,450,4,,0,124,,8382,450,4,,0,124,,8373,450,4,,0,164,,8374,450,4,,0,124,,8375,450,4,,0,164,,8376,450,4,,0,124,,8377,450,4,,0,26,,8378,450,4,,0,256,,8379,450,4,,0,214,,8380,450,4,,0
3100,'Fête-2-02',638,,8409,450,4,,0,80,,8385,450,4,,0,82,,8395,450,4,,0,41,,8410,450,4,,0,80,,8404,450,4,,0,80,,8405,450,4,,0,37,,8406,450,4,,0,79,,8412,450,4,,0,84,,8407,450,4,,0,43,,8408,450,4,,0,83,,8386,450,4,,0,83,,8387,450,4,,0,42,,8388,450,4,,0,84,,8389,450,4,,0,84,,8390,450,4,,0,85,,8391,450,4,,0,46,,8392,450,4,,0,82,,8393,450,4,,0,84,,8394,450,4,,0,42,,8396,450,4,,0,82,,8397,450,4,,0,79,,8398,450,4,,0,80,,8399,450,4,,0,38,,8400,450,4,,0,80,,8401,450,4,,0,40,,8402,450,4,,0,80,,8403,450,4,,0
3100,'Samedi-02',625,,8414,450,4,,0,83,,8425,450,4,,0,205,,8426,450,4,,0,125,,8423,450,4,,0,164,,8413,450,4,,0,124,,8424,450,4,,0,124,,8415,450,4,,0,164,,8416,450,4,,0,124,,8417,450,4,,0,164,,8418,450,4,,0,124,,8419,450,4,,0,26,,8420,450,4,,0,256,,8421,450,4,,0,214,,8422,450,4,,0
3100,'Semaine-02',638,,8451,450,4,,0,80,,8427,450,4,,0,82,,8437,450,4,,0,41,,8452,450,4,,0,80,,8446,450,4,,0,80,,8447,450,4,,0,37,,8448,450,4,,0,79,,8454,450,4,,0,84,,8449,450,4,,0,43,,8450,450,4,,0,83,,8428,450,4,,0,83,,8429,450,4,,0,42,,8430,450,4,,0,84,,8431,450,4,,0,84,,8432,450,4,,0,85,,8433,450,4,,0,46,,8434,450,4,,0,82,,8435,450,4,,0,84,,8436,450,4,,0,42,,8438,450,4,,0,82,,8439,450,4,,0,79,,8440,450,4,,0,80,,8441,450,4,,0,38,,8442,450,4,,0,80,,8443,450,4,,0,40,,8444,450,4,,0,80,,8445,450,4,,0
3200,'Dimanche-02',631,,8455,460,4,,0,214,,8460,460,4,,0,263,,8463,460,4,,0,192,,8464,460,4,,0,119,,8456,460,4,,0,122,,8466,460,4,,0,160,,8457,460,4,,0,119,,8459,460,4,,0,118,,8458,460,4,,0,213,,8461,460,4,,0,256,,8462,460,4,,0
3200,'Fête-1-02',602,,8467,340,4,,0,141,,8473,460,4,,0,77,,8468,460,4,,0,120,,8476,460,4,,0,163,,8477,460,4,,0,124,,8478,460,4,,0,124,,8469,460,4,,0,164,,8480,460,4,,0,124,,8470,460,4,,0,168,,8471,460,4,,0,120,,8472,460,4,,0,274,,8474,460,4,,0,216,,8475,460,4,,0
3200,'Fête-2-02',702,,8506,460,4,,0,42,,8481,460,4,,0,80,,8509,460,4,,0,80,,8492,460,4,,0,40,,8500,460,4,,0,77,,8501,460,4,,0,81,,8502,460,4,,0,41,,8503,460,4,,0,83,,8504,460,4,,0,83,,8505,460,4,,0,43,,8482,460,4,,0,82,,8483,460,4,,0,83,,8484,460,4,,0,86,,8508,460,4,,0,18,,8485,110,4,,0,27,,8486,460,4,,0,59,,8510,110,4,,0,24,,8487,460,4,,0,20,,8511,110,4,,0,65,,8488,460,4,,0,84,,8489,460,4,,0,41,,8490,460,4,,0,83,,8491,460,4,,0,80,,8493,460,4,,0,40,,8494,460,4,,0,80,,8495,460,4,,0,80,,8496,460,4,,0,40,,8497,460,4,,0,80,,8498,460,4,,0,80,,8499,460,4,,0
3200,'Samedi-02',602,,8512,340,4,,0,141,,8518,460,4,,0,77,,8513,460,4,,0,120,,8521,460,4,,0,163,,8522,460,4,,0,124,,8523,460,4,,0,124,,8514,460,4,,0,164,,8525,460,4,,0,124,,8515,460,4,,0,168,,8516,460,4,,0,120,,8517,460,4,,0,274,,8519,460,4,,0,216,,8520,460,4,,0
3200,'Semaine-02',702,,8551,460,4,,0,42,,8526,460,4,,0,80,,8554,460,4,,0,80,,8537,460,4,,0,40,,8545,460,4,,0,77,,8546,460,4,,0,81,,8547,460,4,,0,41,,8548,460,4,,0,83,,8549,460,4,,0,83,,8550,460,4,,0,43,,8527,460,4,,0,82,,8528,460,4,,0,83,,8529,460,4,,0,86,,8553,460,4,,0,18,,8530,110,4,,0,27,,8531,460,4,,0,59,,8555,110,4,,0,24,,8532,460,4,,0,20,,8556,110,4,,0,65,,8533,460,4,,0,84,,8534,460,4,,0,41,,8535,460,4,,0,83,,8536,460,4,,0,80,,8538,460,4,,0,40,,8539,460,4,,0,80,,8540,460,4,,0,80,,8541,460,4,,0,40,,8542,460,4,,0,80,,8543,460,4,,0,80,,8544,460,4,,0
9800,'Fête-2-02',704,,8719,250,4,,0,102,,8707,350,4,,0,104,,8711,350,4,,0,105,,8712,350,4,,0,506,,8713,350,4,,0,105,,8714,350,4,,0,105,,8715,350,4,,0,105,,8716,350,4,,0,101,,8717,350,4,,0,97,,8718,350,4,,0,96,,8708,350,4,,0,90,,8709,350,4,,0
9800,'Semaine-02',704,,8732,250,4,,0,102,,8720,350,4,,0,104,,8724,350,4,,0,105,,8725,350,4,,0,506,,8726,350,4,,0,105,,8727,350,4,,0,105,,8728,350,4,,0,105,,8729,350,4,,0,101,,8730,350,4,,0,97,,8731,350,4,,0,96,,8721,350,4,,0,90,,8722,350,4,,0
11100,'Dimanche-02',841,,8734,480,4,,0,187,,8733,480,4,,0,291,,8735,480,4,,0,289,,8736,480,4,,0,305,,8737,480,4,,0
11100,'Fête-1-02',841,,8742,480,4,,0,187,,8741,480,4,,0,291,,8743,480,4,,0,289,,8744,480,4,,0,305,,8745,480,4,,0
11100,'Fête-2-02',559,,8753,480,4,,0,70,,8751,480,4,,0,30,,8754,480,4,,0,70,,8752,480,4,,0,30,,8758,480,4,,0,70,,8759,480,4,,0,29,,8750,480,4,,0,100,,8760,480,4,,0,370,,8749,480,4,,0,396,,8755,480,4,,0,30,,8757,480,4,,0,70,,8756,480,4,,0,130,,8761,480,4,,0
11100,'Samedi-02',841,,8764,480,4,,0,187,,8763,480,4,,0,291,,8765,480,4,,0,289,,8766,480,4,,0,305,,8767,480,4,,0
11100,'Semaine-02',606,,8773,480,4,,0,97,,8774,480,4,,0,110,,8775,480,4,,0,95,,8776,480,4,,0,114,,8789,480,4,,0,36,,8771,480,4,,0,265,,8772,480,4,,0,380,,8783,480,4,,0,97,,8785,480,4,,0,356,,8787,410,4,,0
