100,'Dimanche-02',607,,7889,200,,,0,200,,7878,200,,,0,125,,7879,200,,,0,170,,7880,200,,,0,125,,7881,200,,,0,124,,7882,200,,,0,160,,7883,200,,,0,120,,7884,200,,,0,124,,7885,200,,,0,175,,7886,200,,,0,115,,7887,200,,,0,155,,7888,200,,,0
100,'Fête-1-02',607,,7901,200,,,0,200,,7890,200,,,0,125,,7891,200,,,0,170,,7892,200,,,0,125,,7893,200,,,0,124,,7894,200,,,0,160,,7895,200,,,0,120,,7896,200,,,0,124,,7897,200,,,0,175,,7898,200,,,0,115,,7899,200,,,0,155,,7900,200,,,0
100,'Fête-2-02',451,,7902,200,,,0,103,,7903,200,,,0,65,,7904,200,,,0,81,,7905,200,,,0,119,,7906,200,,,0,105,,7909,200,,,0,94,,7918,200,,,0,101,,7910,200,,,0,100,,7919,200,,,0,38,,7911,200,,,0,102,,7912,200,,,0,100,,7916,200,,,0,150,,7913,200,,,0,35,,7914,200,,,0,108,,7907,200,,,0,95,,7908,200,,,0,173,,7917,200,,,0,185,,7915,200,,,0
100,'Samedi-02',607,,7931,200,,,0,200,,7920,200,,,0,125,,7921,200,,,0,170,,7922,200,,,0,125,,7923,200,,,0,124,,7924,200,,,0,160,,7925,200,,,0,120,,7926,200,,,0,124,,7927,200,,,0,175,,7928,200,,,0,115,,7929,200,,,0,155,,7930,200,,,0
100,'Semaine-02',451,,7932,200,,,0,103,,7933,200,,,0,65,,7934,200,,,0,81,,7935,200,,,0,119,,7936,200,,,0,105,,7939,200,,,0,94,,7948,200,,,0,101,,7940,200,,,0,100,,7949,200,,,0,38,,7941,200,,,0,102,,7942,200,,,0,100,,7946,200,,,0,150,,7943,200,,,0,35,,7944,200,,,0,108,,7937,200,,,0,95,,7938,200,,,0,173,,7947,200,,,0,185,,7945,200,,,0
2000,'Dimanche-02',705,,8023,240,,,0,12,,8023,480,,,0,112,,8024,240,,,0,12,,8024,480,,,0,114,,8025,240,,,0,52,,8025,480,,,0,113,,8026,240,,,0,12,,8026,480,,,0,113,,8027,240,,,0,12,,8027,480,,,0,152,,8028,240,,,0,12,,8028,480,,,0,113,,8029,240,,,0,12,,8029,480,,,0,113,,8030,240,,,0,52,,8030,480,,,0
2000,'Fête-1-02',705,,8031,240,,,0,12,,8031,480,,,0,112,,8032,240,,,0,12,,8032,480,,,0,114,,8033,240,,,0,52,,8033,480,,,0,113,,8034,240,,,0,12,,8034,480,,,0,113,,8035,240,,,0,12,,8035,480,,,0,152,,8036,240,,,0,12,,8036,480,,,0,113,,8037,240,,,0,12,,8037,480,,,0,113,,8038,240,,,0,52,,8038,480,,,0
2000,'Fête-2-02',648,,8039,240,,,0,52,,8039,480,,,0,113,,8040,240,,,0,12,,8040,480,,,0,113,,8041,240,,,0,12,,8041,480,,,0,154,,8042,240,,,0,12,,8042,480,,,0,114,,8043,240,,,0,12,,8043,480,,,0,113,,8044,240,,,0,52,,8044,480,,,0,114,,8045,240,,,0,12,,8045,480,,,0,114,,8046,240,,,0,12,,8046,480,,,0,154,,8047,240,,,0,12,,8047,480,,,0
2000,'Samedi-02',705,,8048,240,,,0,12,,8048,480,,,0,112,,8049,240,,,0,12,,8049,480,,,0,114,,8050,240,,,0,52,,8050,480,,,0,113,,8051,240,,,0,12,,8051,480,,,0,113,,8052,240,,,0,12,,8052,480,,,0,152,,8053,240,,,0,12,,8053,480,,,0,113,,8054,240,,,0,12,,8054,480,,,0,113,,8055,240,,,0,52,,8055,480,,,0
2000,'Semaine-02',648,,8056,240,,,0,52,,8056,480,,,0,113,,8057,240,,,0,12,,8057,480,,,0,113,,8058,240,,,0,12,,8058,480,,,0,154,,8059,240,,,0,12,,8059,480,,,0,114,,8060,240,,,0,12,,8060,480,,,0,113,,8061,240,,,0,52,,8061,480,,,0,114,,8062,240,,,0,12,,8062,480,,,0,114,,8063,240,,,0,12,,8063,480,,,0,154,,8064,240,,,0,12,,8064,480,,,0
2000,'Semaine-02-0001100',1938,,8066,240,,,0,12,,8066,480,,,0,152,,8065,240,,,0,12,,8065,480,,,0
2800,'Fête-2-02',527,,8281,30,,,0,85,,8280,70,,,0,20,,8282,30,,,0
2800,'Semaine-02',527,,8291,30,,,0,85,,8290,70,,,0,16,,8292,30,,,0
