100,'Dimanche-02',558,,7889,50,,,0,200,,7878,50,,,0,165,,7879,50,,,0,130,,7880,50,,,0,165,,7881,50,,,0,124,,7882,50,,,0,160,,7883,50,,,0,120,,7884,50,,,0,124,,7885,50,,,0,175,,7886,50,,,0,115,,7887,50,,,0,115,,7888,50,,,0
100,'Fête-1-02',558,,7901,50,,,0,200,,7890,50,,,0,165,,7891,50,,,0,130,,7892,50,,,0,165,,7893,50,,,0,124,,7894,50,,,0,160,,7895,50,,,0,120,,7896,50,,,0,124,,7897,50,,,0,175,,7898,50,,,0,115,,7899,50,,,0,115,,7900,50,,,0
100,'Fête-2-02',440,,7902,50,,,0,103,,7903,50,,,0,65,,7904,50,,,0,41,,7905,50,,,0,160,,7906,50,,,0,106,,7909,50,,,0,94,,7918,50,,,0,101,,7910,50,,,0,99,,7919,50,,,0,38,,7911,50,,,0,102,,7912,50,,,0,100,,7916,50,,,0,110,,7913,50,,,0,75,,7914,50,,,0,109,,7907,50,,,0,95,,7908,50,,,0,174,,7917,50,,,0,145,,7915,50,,,0
100,'Samedi-02',558,,7931,50,,,0,200,,7920,50,,,0,165,,7921,50,,,0,130,,7922,50,,,0,165,,7923,50,,,0,124,,7924,50,,,0,160,,7925,50,,,0,120,,7926,50,,,0,124,,7927,50,,,0,175,,7928,50,,,0,115,,7929,50,,,0,115,,7930,50,,,0
100,'Semaine-02',440,,7932,50,,,0,103,,7933,50,,,0,65,,7934,50,,,0,41,,7935,50,,,0,160,,7936,50,,,0,106,,7939,50,,,0,94,,7948,50,,,0,101,,7940,50,,,0,99,,7949,50,,,0,38,,7941,50,,,0,102,,7942,50,,,0,100,,7946,50,,,0,110,,7943,50,,,0,75,,7944,50,,,0,109,,7937,50,,,0,95,,7938,50,,,0,174,,7947,50,,,0,145,,7945,50,,,0
2000,'Dimanche-02',648,,8023,10,,,0,164,,8024,10,,,0,125,,8025,10,,,0,165,,8026,10,,,0,125,,8027,10,,,0,125,,8028,10,,,0,165,,8029,10,,,0,125,,8030,10,,,0
2000,'Fête-1-02',648,,8031,10,,,0,164,,8032,10,,,0,125,,8033,10,,,0,165,,8034,10,,,0,125,,8035,10,,,0,125,,8036,10,,,0,165,,8037,10,,,0,125,,8038,10,,,0
2000,'Fête-2-02',630,,8039,10,,,0,125,,8040,10,,,0,165,,8041,10,,,0,126,,8042,10,,,0,166,,8043,10,,,0,125,,8044,10,,,0,166,,8045,10,,,0,126,,8046,10,,,0,126,,8047,10,,,0
2000,'Samedi-02',648,,8048,10,,,0,164,,8049,10,,,0,125,,8050,10,,,0,165,,8051,10,,,0,125,,8052,10,,,0,125,,8053,10,,,0,165,,8054,10,,,0,125,,8055,10,,,0
2000,'Semaine-02',630,,8056,10,,,0,125,,8057,10,,,0,165,,8058,10,,,0,126,,8059,10,,,0,166,,8060,10,,,0,125,,8061,10,,,0,166,,8062,10,,,0,126,,8063,10,,,0,126,,8064,10,,,0
2000,'Semaine-02-0001100',1921,,8066,10,,,0,124,,8065,10,,,0
2800,'Fête-2-02',603,,8280,10,,,0
2800,'Semaine-02',603,,8290,10,,,0
