101,'Dimanche-02',737,,7950,220,,,0,206,,7951,220,,,0,170,,7952,220,,,0,133,,7953,220,,,0,167,,7954,220,,,0,120,,7955,220,,,0,120,,7956,220,,,0,160,,7957,220,,,0,118,,7958,220,,,0,174,,7959,220,,,0,114,,7960,220,,,0,113,,7961,220,,,0
101,'Fête-1-02',737,,7962,220,,,0,206,,7963,220,,,0,170,,7964,220,,,0,133,,7965,220,,,0,167,,7966,220,,,0,120,,7967,220,,,0,120,,7968,220,,,0,160,,7969,220,,,0,118,,7970,220,,,0,174,,7971,220,,,0,114,,7972,220,,,0,113,,7973,220,,,0
101,'Fête-2-02',636,,7974,220,,,0,101,,7983,220,,,0,70,,7985,220,,,0,50,,7986,220,,,0,151,,7987,220,,,0,105,,7988,220,,,0,95,,7990,220,,,0,102,,7989,220,,,0,106,,7991,220,,,0,41,,7975,220,,,0,143,,7976,220,,,0,56,,7977,220,,,0,148,,7978,220,,,0,34,,7979,220,,,0,103,,7980,220,,,0,84,,7981,220,,,0,133,,7982,220,,,0,175,,7984,220,,,0
101,'Samedi-02',737,,7992,220,,,0,206,,7993,220,,,0,170,,7994,220,,,0,133,,7995,220,,,0,167,,7996,220,,,0,120,,7997,220,,,0,120,,7998,220,,,0,160,,7999,220,,,0,118,,8000,220,,,0,174,,8001,220,,,0,114,,8002,220,,,0,113,,8003,220,,,0
101,'Semaine-02',631,,8022,90,,,0,5,,8004,220,,,0,101,,8013,220,,,0,70,,8015,220,,,0,50,,8016,220,,,0,151,,8017,220,,,0,105,,8018,220,,,0,95,,8020,220,,,0,102,,8019,220,,,0,106,,8021,220,,,0,41,,8005,220,,,0,143,,8006,220,,,0,56,,8007,220,,,0,148,,8008,220,,,0,34,,8009,220,,,0,103,,8010,220,,,0,84,,8011,220,,,0,133,,8012,220,,,0,175,,8014,220,,,0
2301,'Fête-2-02',1557,,8180,230,,,0,65,,8181,230,,,0,30,,8182,230,,,0,70,,8183,230,,,0,29,,8184,230,,,0,69,,8185,230,,,0,30,,8186,230,,,0
2301,'Semaine-02',1557,,8187,230,,,0,65,,8188,230,,,0,30,,8189,230,,,0,70,,8190,230,,,0,29,,8191,230,,,0,69,,8192,230,,,0,30,,8193,230,,,0
2801,'Fête-2-02',1401,,8310,160,0,22,0,149,,8313,160,0,22,0,72,,8317,160,0,22,0,27,,8308,160,0,23,0,55,,8316,160,0,22,0,19,,8311,160,0,22,0,10,,8307,160,,,0,10,,8312,160,0,22,0,58,,8309,160,0,23,0,19,,8314,160,0,22,0,15,,8318,160,0,22,0,15,,8315,160,0,22,0
2801,'Semaine-02',1401,,8322,160,0,22,0,149,,8328,160,0,22,0,57,,8331,160,0,22,0,15,,8335,160,0,22,0,12,,8332,160,0,22,0,15,,8320,160,0,23,0,5,,8333,160,0,22,0,50,,8334,160,0,22,0,10,,8323,160,0,22,0,9,,8324,160,0,22,0,10,,8319,160,,,0,10,,8325,160,0,22,0,8,,8326,160,0,22,0,50,,8321,160,0,23,0,14,,8327,160,0,22,0,10,,8329,160,0,22,0,25,,8330,160,0,22,0
3300,'Dimanche-02',544,,8559,100,,,0,82,,8557,100,,,0,90,,8568,100,,,0,41,,8578,100,,,0,83,,8580,100,,,0,93,,8581,100,,,0,80,,8582,100,,,0,40,,8583,100,,,0,80,,8584,100,,,0,80,,8560,100,,,0,40,,8561,100,,,0,79,,8562,100,,,0,80,,8563,100,,,0,40,,8564,100,,,0,79,,8565,100,,,0,79,,8566,100,,,0,39,,8567,100,,,0,79,,8569,100,,,0,79,,8570,100,,,0,40,,8571,100,,,0,87,,8572,100,,,0,85,,8573,100,,,0,86,,8574,100,,,0,47,,8575,100,,,0,86,,8576,100,,,0,83,,8577,100,,,0,88,,8558,100,,,0,43,,8579,100,,,0,159,,8585,100,0,8 6,0
3300,'Fête-1-02',604,,8588,100,,,0,41,,8586,100,,,0,81,,8597,100,,,0,82,,8607,100,,,0,42,,8609,100,,,0,84,,8610,100,,,0,81,,8611,100,,,0,42,,8612,100,,,0,82,,8613,100,,,0,82,,8589,100,,,0,82,,8590,100,,,0,42,,8591,100,,,0,82,,8592,100,,,0,82,,8593,100,,,0,42,,8594,100,,,0,82,,8595,100,,,0,82,,8596,100,,,0,85,,8598,100,,,0,39,,8599,100,,,0,82,,8600,100,,,0,82,,8601,100,,,0,39,,8602,100,,,0,82,,8603,100,,,0,81,,8604,100,,,0,42,,8605,100,,,0,83,,8606,100,,,0,86,,8608,100,,,0,86,,8587,100,,,0,113,,8614,100,0,8 6,0
3300,'Fête-2-02',611,,8615,100,,,0,40,,8643,100,,,0,80,,8624,100,,,0,80,,8634,100,,,0,40,,8637,100,,,0,80,,8638,100,,,0,80,,8639,100,,,0,41,,8640,100,,,0,81,,8641,100,,,0,83,,8616,100,,,0,43,,8617,100,,,0,83,,8618,100,,,0,82,,8619,100,,,0,82,,8620,100,,,0,46,,8621,100,,,0,85,,8622,100,,,0,85,,8623,100,,,0,84,,8625,100,,,0,45,,8626,100,,,0,83,,8627,100,,,0,82,,8628,100,,,0,40,,8629,100,,,0,80,,8630,100,,,0,80,,8631,100,,,0,40,,8632,100,,,0,80,,8633,100,,,0,80,,8635,100,,,0,40,,8636,100,,,0,96,,8642,50,0,8 6,0
3300,'Samedi-02',604,,8646,100,,,0,41,,8644,100,,,0,81,,8655,100,,,0,82,,8665,100,,,0,42,,8667,100,,,0,84,,8668,100,,,0,81,,8669,100,,,0,42,,8670,100,,,0,82,,8671,100,,,0,82,,8647,100,,,0,82,,8648,100,,,0,42,,8649,100,,,0,82,,8650,100,,,0,82,,8651,100,,,0,42,,8652,100,,,0,82,,8653,100,,,0,82,,8654,100,,,0,85,,8656,100,,,0,39,,8657,100,,,0,82,,8658,100,,,0,82,,8659,100,,,0,39,,8660,100,,,0,82,,8661,100,,,0,81,,8662,100,,,0,42,,8663,100,,,0,83,,8664,100,,,0,86,,8666,100,,,0,86,,8645,100,,,0,113,,8672,100,0,8 6,0
3300,'Semaine-02',611,,8673,100,,,0,40,,8701,100,,,0,80,,8682,100,,,0,80,,8692,100,,,0,40,,8695,100,,,0,80,,8696,100,,,0,80,,8697,100,,,0,41,,8698,100,,,0,81,,8699,100,,,0,83,,8674,100,,,0,43,,8675,100,,,0,83,,8676,100,,,0,82,,8677,100,,,0,82,,8678,100,,,0,46,,8679,100,,,0,85,,8680,100,,,0,85,,8681,100,,,0,84,,8683,100,,,0,45,,8684,100,,,0,83,,8685,100,,,0,82,,8686,100,,,0,40,,8687,100,,,0,80,,8688,100,,,0,80,,8689,100,,,0,40,,8690,100,,,0,80,,8691,100,,,0,80,,8693,100,,,0,40,,8694,100,,,0,96,,8700,50,0,8 6,0
9001,'Semaine-02',1843,,8705,130,,,0
