101,'Dimanche-02',759,,7950,550,,,0,246,,7951,550,,,0,131,,7952,550,,,0,173,,7953,550,,,0,127,,7954,550,,,0,120,,7955,550,,,0,160,,7956,550,,,0,120,,7957,550,,,0,117,,7958,550,,,0,174,,7959,550,,,0,114,,7960,550,,,0,113,,7961,550,,,0
101,'Fête-1-02',759,,7962,550,,,0,246,,7963,550,,,0,131,,7964,550,,,0,173,,7965,550,,,0,127,,7966,550,,,0,120,,7967,550,,,0,160,,7968,550,,,0,120,,7969,550,,,0,117,,7970,550,,,0,174,,7971,550,,,0,114,,7972,550,,,0,113,,7973,550,,,0
101,'Fête-2-02',659,,7974,550,,,0,141,,7983,550,,,0,30,,7985,550,,,0,90,,7986,550,,,0,110,,7987,550,,,0,105,,7988,550,,,0,95,,7990,550,,,0,105,,7989,550,,,0,106,,7991,550,,,0,81,,7975,550,,,0,105,,7976,550,,,0,96,,7977,550,,,0,105,,7978,550,,,0,74,,7979,550,,,0,103,,7980,550,,,0,43,,7981,550,,,0,173,,7982,550,,,0,134,,7984,550,,,0
101,'Samedi-02',759,,7992,550,,,0,246,,7993,550,,,0,131,,7994,550,,,0,173,,7995,550,,,0,127,,7996,550,,,0,120,,7997,550,,,0,160,,7998,550,,,0,120,,7999,550,,,0,117,,8000,550,,,0,174,,8001,550,,,0,114,,8002,550,,,0,113,,8003,550,,,0
101,'Semaine-02',654,,8022,420,,,0,5,,8004,550,,,0,141,,8013,550,,,0,30,,8015,550,,,0,90,,8016,550,,,0,110,,8017,550,,,0,105,,8018,550,,,0,95,,8020,550,,,0,105,,8019,550,,,0,106,,8021,550,,,0,81,,8005,550,,,0,105,,8006,550,,,0,96,,8007,550,,,0,105,,8008,550,,,0,74,,8009,550,,,0,103,,8010,550,,,0,43,,8011,550,,,0,173,,8012,550,,,0,134,,8014,550,,,0
2001,'Dimanche-02',731,,8067,50,,,0,124,,8068,50,,,0,166,,8069,50,,,0,125,,8070,50,,,0,165,,8071,50,,,0,125,,8072,50,,,0,165,,8073,50,,,0,125,,8074,50,,,0
2001,'Fête-1-02',731,,8075,50,,,0,124,,8076,50,,,0,166,,8077,50,,,0,125,,8078,50,,,0,165,,8079,50,,,0,125,,8080,50,,,0,165,,8081,50,,,0,125,,8082,50,,,0
2001,'Fête-2-02',716,,8083,50,,,0,125,,8084,50,,,0,165,,8085,50,,,0,126,,8086,50,,,0,126,,8087,50,,,0,165,,8088,50,,,0,126,,8089,50,,,0,166,,8090,50,,,0,126,,8091,50,,,0
2001,'Samedi-02',731,,8092,50,,,0,124,,8093,50,,,0,166,,8094,50,,,0,125,,8095,50,,,0,165,,8096,50,,,0,125,,8097,50,,,0,165,,8098,50,,,0,125,,8099,50,,,0
2001,'Semaine-02',716,,8100,50,,,0,125,,8101,50,,,0,165,,8102,50,,,0,126,,8103,50,,,0,126,,8104,50,,,0,165,,8105,50,,,0,126,,8106,50,,,0,166,,8107,50,,,0,126,,8108,50,,,0
2001,'Semaine-02-0001100',2004,,8110,50,,,0,124,,8109,50,,,0
2801,'Fête-2-02',1706,,8308,440,0,23,0,44,,8307,440,,,0,68,,8309,440,0,23,0
2801,'Semaine-02',1706,,8320,440,0,23,0,44,,8319,440,,,0,68,,8321,440,0,23,0
