2000,'Dimanche-02',723,,8023,610,,,0,124,,8024,610,,,0,166,,8025,610,,,0,125,,8026,610,,,0,165,,8027,610,,,0,124,,8028,610,,,0,125,,8029,610,,,0,165,,8030,610,,,0
2000,'Fête-1-02',723,,8031,610,,,0,124,,8032,610,,,0,166,,8033,610,,,0,125,,8034,610,,,0,165,,8035,610,,,0,124,,8036,610,,,0,125,,8037,610,,,0,165,,8038,610,,,0
2000,'Fête-2-02',707,,8039,610,,,0,125,,8040,610,,,0,125,,8041,610,,,0,166,,8042,610,,,0,126,,8043,610,,,0,165,,8044,610,,,0,126,,8045,610,,,0,166,,8046,610,,,0,126,,8047,610,,,0
2000,'Samedi-02',723,,8048,610,,,0,124,,8049,610,,,0,166,,8050,610,,,0,125,,8051,610,,,0,165,,8052,610,,,0,124,,8053,610,,,0,125,,8054,610,,,0,165,,8055,610,,,0
2000,'Semaine-02',707,,8056,610,,,0,125,,8057,610,,,0,125,,8058,610,,,0,166,,8059,610,,,0,126,,8060,610,,,0,165,,8061,610,,,0,126,,8062,610,,,0,166,,8063,610,,,0,126,,8064,610,,,0
2000,'Semaine-02-0001100',1956,,8066,610,,,0,164,,8065,610,,,0
2000001901,'Dimanche-02',741,,9123,40,0,19,0,170,,9124,40,0,19,0,131,,9125,40,0,19,0,171,,9126,40,0,19,0,130,,9127,40,0,19,0,170,,9128,40,0,19,0,130,,9129,40,0,19,0,170,,9130,40,0,19,0,129,,9131,40,0,19,0,170,,9132,40,0,19,0,130,,9133,40,0,19,0,170,,9134,40,0,19,0
2000001901,'Fête-1-02',741,,9135,40,0,19,0,170,,9136,40,0,19,0,131,,9137,40,0,19,0,171,,9138,40,0,19,0,130,,9139,40,0,19,0,170,,9140,40,0,19,0,130,,9141,40,0,19,0,170,,9142,40,0,19,0,129,,9143,40,0,19,0,170,,9144,40,0,19,0,130,,9145,40,0,19,0,170,,9146,40,0,19,0
2000001901,'Fête-2-02',657,,9147,40,0,19,0,100,,9148,40,0,19,0,70,,9149,40,0,19,0,101,,9150,40,0,19,0,100,,9151,40,0,19,0,95,,9152,40,0,19,0,100,,9153,40,0,19,0,100,,9154,40,0,19,0,100,,9155,40,0,19,0,100,,9156,40,0,19,0,103,,9157,40,0,19,0,101,,9158,40,0,19,0,100,,9159,40,0,19,0,30,,9160,40,0,19,0,96,,9161,40,0,19,0,99,,9162,40,0,19,0,160,,9163,40,0,19,0,139,,9164,40,0,19,0
2000001901,'Samedi-02',741,,9165,40,0,19,0,170,,9166,40,0,19,0,131,,9167,40,0,19,0,171,,9168,40,0,19,0,130,,9169,40,0,19,0,170,,9170,40,0,19,0,130,,9171,40,0,19,0,170,,9172,40,0,19,0,129,,9173,40,0,19,0,170,,9174,40,0,19,0,130,,9175,40,0,19,0,170,,9176,40,0,19,0
2000001901,'Semaine-02',657,,9177,40,0,19,0,100,,9178,40,0,19,0,70,,9179,40,0,19,0,101,,9180,40,0,19,0,100,,9181,40,0,19,0,95,,9182,40,0,19,0,100,,9183,40,0,19,0,100,,9184,40,0,19,0,100,,9185,40,0,19,0,100,,9186,40,0,19,0,103,,9187,40,0,19,0,101,,9188,40,0,19,0,100,,9189,40,0,19,0,30,,9190,40,0,19,0,96,,9191,40,0,19,0,99,,9192,40,0,19,0,160,,9193,40,0,19,0,139,,9194,40,0,19,0
