2400,'Fête-2-01',620,,5569,10,,,0,39,,5570,10,,,0,80,,5572,10,,,0,80,,5573,10,,,0,40,,5571,10,,,0
2400,'Semaine-01',558,,5574,10,,,0,62,,5575,10,,,0,33,,5576,10,,,0,92,,5578,10,,,0,74,,5579,10,,,0,40,,5577,10,,,0
2501,'Fête-2-01',1615,,5601,350,,,0,40,,5602,350,,,0,74,,5603,350,,,0,79,,5604,350,,,0,40,,5605,350,,,0,68,,5606,350,,,0
2501,'Semaine-01',1615,,5607,350,,,0,40,,5608,350,,,0,74,,5609,350,,,0,79,,5610,350,,,0,40,,5611,350,,,0,68,,5612,350,,,0
2600,'Fête-2-01',448,,5613,60,,,0
2600,'Semaine-01',448,,5615,60,,,0
2000002500,'Dimanche-01',540,,7243,200,,,0,87,,7245,250,,,0,78,,7246,250,,,0,35,,7247,250,,,0,68,,7248,250,,,0,34,,7249,250,,,0,78,,7250,250,,,0,37,,7251,250,,,0,76,,7252,250,,,0,72,,7253,250,,,0,45,,7254,250,,,0,85,,7255,250,,,0,95,,7256,250,,,0,23,,7257,250,,,0,62,,7258,250,,,0,85,,7259,250,,,0,40,,7260,250,,,0,80,,7261,250,,,0,80,,7262,250,,,0,35,,7263,250,,,0,81,,7264,250,,,0,39,,7265,250,,,0,80,,7266,250,,,0,70,,7267,250,,,0,35,,7268,250,,,0,75,,7269,250,,,0,35,,7270,250,,,0,75,,7271,250,,,0,75,,7272,250,,,0,30,,7273,250,,,0,75,,7274,250,,,0,35,,7275,250,,,0,76,,7276,250,,,0,102,,7244,250,4,,0
2000002500,'Fête-1-01',527,,7309,200,,,0,26,,7278,250,,,0,76,,7294,250,,,0,83,,7279,250,,,0,27,,7295,250,,,0,77,,7280,250,,,0,40,,7296,250,,,0,80,,7281,250,,,0,70,,7297,250,,,0,40,,7282,250,,,0,80,,7298,250,,,0,77,,7283,250,,,0,30,,7277,250,,,0,73,,7284,250,,,0,41,,7299,250,,,0,78,,7285,250,,,0,86,,7300,250,,,0,45,,7286,250,,,0,79,,7301,250,,,0,71,,7287,250,,,0,34,,7302,250,,,0,84,,7288,250,,,0,80,,7303,250,,,0,44,,7289,250,,,0,80,,7304,250,,,0,90,,7290,250,,,0,41,,7305,250,,,0,76,,7291,250,,,0,76,,7306,250,,,0,32,,7292,250,,,0,72,,7307,250,,,0,111,,7293,250,,,0,96,,7308,250,4,,0
2000002500,'Fête-2-01',600,,7311,200,,,0,36,,7312,250,,,0,80,,7313,250,,,0,40,,7310,250,,,0,80,,7314,250,,,0,80,,7315,250,,,0,40,,7316,250,,,0,80,,7317,250,,,0,81,,7318,250,,,0,42,,7319,250,,,0,83,,7320,250,,,0,83,,7321,250,,,0,83,,7322,250,,,0,42,,7323,250,,,0,82,,7324,250,,,0,85,,7325,250,,,0,85,,7326,250,,,0,46,,7327,250,,,0,85,,7328,250,,,0,85,,7329,250,,,0,82,,7330,250,,,0,42,,7331,250,,,0,79,,7332,250,,,0,80,,7333,250,,,0,40,,7334,250,,,0,80,,7335,250,,,0,80,,7336,250,,,0,40,,7337,250,,,0,60,,7338,250,,,0,30,,7339,250,,,0,82,,7340,250,,,0
2000002500,'Samedi-01',527,,7373,200,,,0,26,,7342,250,,,0,76,,7358,250,,,0,83,,7343,250,,,0,27,,7359,250,,,0,77,,7344,250,,,0,40,,7360,250,,,0,80,,7345,250,,,0,70,,7361,250,,,0,40,,7346,250,,,0,80,,7362,250,,,0,77,,7347,250,,,0,30,,7341,250,,,0,73,,7348,250,,,0,41,,7363,250,,,0,78,,7349,250,,,0,86,,7364,250,,,0,45,,7350,250,,,0,79,,7365,250,,,0,71,,7351,250,,,0,34,,7366,250,,,0,84,,7352,250,,,0,80,,7367,250,,,0,44,,7353,250,,,0,80,,7368,250,,,0,90,,7354,250,,,0,41,,7369,250,,,0,76,,7355,250,,,0,76,,7370,250,,,0,32,,7356,250,,,0,72,,7371,250,,,0,111,,7357,250,,,0,96,,7372,250,4,,0
2000002500,'Semaine-01',600,,7375,200,,,0,36,,7376,250,,,0,80,,7377,250,,,0,40,,7374,250,,,0,80,,7378,250,,,0,80,,7379,250,,,0,40,,7380,250,,,0,80,,7381,250,,,0,81,,7382,250,,,0,42,,7383,250,,,0,83,,7384,250,,,0,83,,7385,250,,,0,83,,7386,250,,,0,42,,7387,250,,,0,82,,7388,250,,,0,85,,7389,250,,,0,85,,7390,250,,,0,46,,7391,250,,,0,85,,7392,250,,,0,85,,7393,250,,,0,82,,7394,250,,,0,42,,7395,250,,,0,79,,7396,250,,,0,80,,7397,250,,,0,40,,7398,250,,,0,80,,7399,250,,,0,80,,7400,250,,,0,40,,7401,250,,,0,60,,7402,250,,,0,30,,7403,250,,,0,82,,7404,250,,,0
