2400,'Fête-2-02',632,,8194,220,,,0,80,,8195,220,,,0,40,,8197,220,,,0,80,,8198,220,,,0,80,,8196,220,,,0
2400,'Semaine-02',610,,8199,220,,,0,22,,8200,220,,,0,74,,8201,220,,,0,52,,8203,220,,,0,74,,8204,220,,,0,80,,8202,220,,,0
2500,'Fête-2-02',600,,8217,260,,,0,34,,8214,280,,,0,21,,8218,260,,,0,69,,8215,280,,,0,26,,8219,260,,,0,69,,8216,280,,,0
2500,'Semaine-02',600,,8223,260,,,0,34,,8220,280,,,0,21,,8224,260,,,0,69,,8221,280,,,0,26,,8225,260,,,0,69,,8222,280,,,0
2700,'Fête-2-02',553,,8242,180,,,0,80,,8243,180,,,0,80,,8244,180,,,0,40,,8245,180,,,0,80,,8246,180,,,0,786,,8247,180,,,0,83,,8248,180,,,0,46,,8249,180,,,0,84,,8250,180,,,0,86,,8251,180,,,0
2700,'Semaine-02',553,,8252,180,,,0,80,,8253,180,,,0,80,,8254,180,,,0,40,,8255,180,,,0,80,,8256,180,,,0,786,,8257,180,,,0,83,,8258,180,,,0,46,,8259,180,,,0,84,,8260,180,,,0,86,,8261,180,,,0
3100,'Dimanche-02',721,,8369,320,,,0,218,,8370,320,,,0,278,,8368,320,,,0,123,,8361,320,,,0,160,,8362,320,,,0,118,,8363,320,,,0,118,,8364,320,,,0,119,,8365,320,,,0,167,,8366,320,,,0,221,,8360,320,,,0,215,,8367,320,,,0
3100,'Fête-1-02',610,,8372,320,,,0,43,,8383,320,,,0,204,,8384,320,,,0,165,,8381,320,,,0,124,,8371,320,,,0,164,,8382,320,,,0,124,,8373,320,,,0,124,,8374,320,,,0,164,,8375,320,,,0,124,,8376,320,,,0,164,,8377,320,,,0,27,,8378,320,,,0,216,,8379,320,,,0,255,,8380,320,,,0
3100,'Fête-2-02',618,,8409,320,,,0,40,,8385,320,,,0,80,,8395,320,,,0,80,,8410,320,,,0,40,,8404,320,,,0,80,,8405,320,,,0,80,,8406,320,,,0,41,,8412,320,,,0,83,,8407,320,,,0,83,,8408,320,,,0,83,,8386,320,,,0,43,,8387,320,,,0,82,,8388,320,,,0,82,,8389,320,,,0,85,,8390,320,,,0,45,,8391,320,,,0,86,,8392,320,,,0,85,,8393,320,,,0,84,,8394,320,,,0,42,,8396,320,,,0,82,,8397,320,,,0,79,,8398,320,,,0,40,,8399,320,,,0,79,,8400,320,,,0,80,,8401,320,,,0,40,,8402,320,,,0,80,,8403,320,,,0,121,,8411,320,0,5 6,0
3100,'Samedi-02',610,,8414,320,,,0,43,,8425,320,,,0,204,,8426,320,,,0,165,,8423,320,,,0,124,,8413,320,,,0,164,,8424,320,,,0,124,,8415,320,,,0,124,,8416,320,,,0,164,,8417,320,,,0,124,,8418,320,,,0,164,,8419,320,,,0,27,,8420,320,,,0,216,,8421,320,,,0,255,,8422,320,,,0
3100,'Semaine-02',618,,8451,320,,,0,40,,8427,320,,,0,80,,8437,320,,,0,80,,8452,320,,,0,40,,8446,320,,,0,80,,8447,320,,,0,80,,8448,320,,,0,41,,8454,320,,,0,83,,8449,320,,,0,83,,8450,320,,,0,83,,8428,320,,,0,43,,8429,320,,,0,82,,8430,320,,,0,82,,8431,320,,,0,85,,8432,320,,,0,45,,8433,320,,,0,86,,8434,320,,,0,85,,8435,320,,,0,84,,8436,320,,,0,42,,8438,320,,,0,82,,8439,320,,,0,79,,8440,320,,,0,40,,8441,320,,,0,79,,8442,320,,,0,80,,8443,320,,,0,40,,8444,320,,,0,80,,8445,320,,,0,121,,8453,320,0,5 6,0
