100,'Dimanche-02',617,,7889,410,,,0,200,,7878,410,,,0,125,,7879,410,,,0,170,,7880,410,,,0,125,,7881,410,,,0,164,,7882,410,,,0,120,,7883,410,,,0,120,,7884,410,,,0,164,,7885,410,,,0,135,,7886,410,,,0,115,,7887,410,,,0,155,,7888,410,,,0
100,'Fête-1-02',617,,7901,410,,,0,200,,7890,410,,,0,125,,7891,410,,,0,170,,7892,410,,,0,125,,7893,410,,,0,164,,7894,410,,,0,120,,7895,410,,,0,120,,7896,410,,,0,164,,7897,410,,,0,135,,7898,410,,,0,115,,7899,410,,,0,155,,7900,410,,,0
100,'Fête-2-02',502,,7902,410,,,0,103,,7903,410,,,0,26,,7904,410,,,0,81,,7905,410,,,0,119,,7906,410,,,0,104,,7909,410,,,0,94,,7918,410,,,0,101,,7910,410,,,0,100,,7919,410,,,0,78,,7911,410,,,0,102,,7912,410,,,0,100,,7916,410,,,0,110,,7913,410,,,0,35,,7914,410,,,0,147,,7907,410,,,0,55,,7908,410,,,0,173,,7917,410,,,0,185,,7915,410,,,0
100,'Samedi-02',617,,7931,410,,,0,200,,7920,410,,,0,125,,7921,410,,,0,170,,7922,410,,,0,125,,7923,410,,,0,164,,7924,410,,,0,120,,7925,410,,,0,120,,7926,410,,,0,164,,7927,410,,,0,135,,7928,410,,,0,115,,7929,410,,,0,155,,7930,410,,,0
100,'Semaine-02',502,,7932,410,,,0,103,,7933,410,,,0,26,,7934,410,,,0,81,,7935,410,,,0,119,,7936,410,,,0,104,,7939,410,,,0,94,,7948,410,,,0,101,,7940,410,,,0,100,,7949,410,,,0,78,,7941,410,,,0,102,,7942,410,,,0,100,,7946,410,,,0,110,,7943,410,,,0,35,,7944,410,,,0,147,,7937,410,,,0,55,,7938,410,,,0,173,,7947,410,,,0,185,,7945,410,,,0
2800,'Fête-2-02',537,,8281,230,,,0,85,,8280,270,,,0,20,,8282,230,,,0
2800,'Semaine-02',537,,8291,230,,,0,85,,8290,270,,,0,16,,8292,230,,,0
2000000100,'Dimanche-02',733,,8919,10,0,20,0,170,,8920,10,0,20,0,131,,8921,10,0,20,0,171,,8922,10,0,20,0,130,,8923,10,0,20,0,170,,8924,10,0,20,0,130,,8925,10,0,20,0,170,,8926,10,0,20,0,129,,8927,10,0,20,0,170,,8928,10,0,20,0,130,,8929,10,0,20,0,170,,8930,10,0,20,0
2000000100,'Fête-1-02',733,,8943,10,0,20,0,170,,8944,10,0,20,0,131,,8945,10,0,20,0,171,,8946,10,0,20,0,130,,8947,10,0,20,0,170,,8948,10,0,20,0,130,,8949,10,0,20,0,170,,8950,10,0,20,0,129,,8951,10,0,20,0,170,,8952,10,0,20,0,130,,8953,10,0,20,0,170,,8954,10,0,20,0
2000000100,'Fête-2-02',649,,8973,10,0,20,0,100,,8974,10,0,20,0,70,,8975,10,0,20,0,101,,8976,10,0,20,0,100,,8977,10,0,20,0,95,,8978,10,0,20,0,100,,8979,10,0,20,0,100,,8980,10,0,20,0,100,,8981,10,0,20,0,100,,8982,10,0,20,0,110,,8983,10,0,20,0,94,,8984,10,0,20,0,100,,8985,10,0,20,0,30,,8986,10,0,20,0,96,,8987,10,0,20,0,99,,8988,10,0,20,0,160,,8989,10,0,20,0,139,,8990,10,0,20,0
2000000100,'Samedi-02',733,,9003,10,0,20,0,170,,9004,10,0,20,0,131,,9005,10,0,20,0,171,,9006,10,0,20,0,130,,9007,10,0,20,0,170,,9008,10,0,20,0,130,,9009,10,0,20,0,170,,9010,10,0,20,0,129,,9011,10,0,20,0,170,,9012,10,0,20,0,130,,9013,10,0,20,0,170,,9014,10,0,20,0
2000000100,'Semaine-02',649,,9033,10,0,20,0,100,,9034,10,0,20,0,70,,9035,10,0,20,0,101,,9036,10,0,20,0,100,,9037,10,0,20,0,95,,9038,10,0,20,0,100,,9039,10,0,20,0,100,,9040,10,0,20,0,100,,9041,10,0,20,0,100,,9042,10,0,20,0,110,,9043,10,0,20,0,94,,9044,10,0,20,0,100,,9045,10,0,20,0,30,,9046,10,0,20,0,96,,9047,10,0,20,0,99,,9048,10,0,20,0,160,,9049,10,0,20,0,139,,9050,10,0,20,0
