11100,'Dimanche-02',718,,8738,280,0,5 6,0,100,,8734,280,0,5 10,0,186,,8733,280,0,5 10,0,250,,8735,280,0,5 10,0,289,,8736,280,0,5 10,0,200,,8739,280,0,5 6,0,106,,8737,280,0,5 10,0,380,,8740,280,0,5 6,0
11100,'Fête-1-02',718,,8746,280,0,5 6,0,100,,8742,280,0,5 10,0,186,,8741,280,0,5 10,0,250,,8743,280,0,5 10,0,289,,8744,280,0,5 10,0,200,,8747,280,0,5 6,0,106,,8745,280,0,5 10,0,380,,8748,280,0,5 6,0
11100,'Fête-2-02',530,,8753,280,0,5 14,0,70,,8751,280,0,5 14,0,30,,8754,280,0,5 14,0,70,,8752,280,0,5 14,0,30,,8758,280,0,5 14,0,70,,8759,280,0,5 14,0,31,,8750,280,0,5 10,0,100,,8760,280,0,5 10,0,208,,8762,280,0,5 6,0,165,,8749,280,0,5 10,0,401,,8755,280,0,5 14,0,30,,8757,280,0,5 14,0,70,,8756,280,0,5 14,0,130,,8761,280,0,5 10,0
11100,'Samedi-02',718,,8768,280,0,5 6,0,100,,8764,280,0,5 10,0,186,,8763,280,0,5 10,0,250,,8765,280,0,5 10,0,289,,8766,280,0,5 10,0,200,,8769,280,0,5 6,0,106,,8767,280,0,5 10,0,380,,8770,280,0,5 6,0
11100,'Semaine-02',529,,8779,280,0,5 15,0,15,,8773,280,0,5 10,0,60,,8777,280,0,5 15,0,26,,8780,280,0,5 15,0,6,,8774,280,0,5 10,0,14,,8778,280,0,5 15,0,51,,8792,280,0,16 17,0,20,,8786,280,0,5 15,0,20,,8781,280,0,5 15,0,5,,8775,280,0,16 17,0,55,,8788,280,0,5 15,0,40,,8776,280,0,16 17,0,118,,8789,280,0,16 17,0,75,,8771,280,0,16 17,0,105,,8791,280,0,5 6,0,120,,8772,280,0,5 10,0,380,,8783,280,0,5 10,0,99,,8785,280,0,5 10,0
14001,'Dimanche-02',800,,8854,400,,,0,112,,8856,550,,,0,115,,8857,550,,,0,116,,8858,550,,,0,116,,8859,550,,,0,155,,8860,550,,,0,115,,8861,550,,,0,120,,8862,550,,,0
14001,'Fête-1-02',800,,8863,400,,,0,112,,8865,550,,,0,115,,8866,550,,,0,116,,8867,550,,,0,116,,8868,550,,,0,155,,8869,550,,,0,115,,8870,550,,,0,120,,8871,550,,,0
14001,'Fête-2-02',625,,8873,400,,,0,97,,8884,420,,,0,103,,8872,500,,,0,121,,8874,550,,,0,160,,8875,550,,,0,123,,8876,550,,,0,125,,8877,550,,,0,165,,8878,550,,,0,125,,8879,550,,,0,164,,8880,550,,,0,126,,8881,550,,,0,119,,8882,550,,,0
14001,'Samedi-02',800,,8885,400,,,0,112,,8887,550,,,0,115,,8888,550,,,0,116,,8889,550,,,0,116,,8890,550,,,0,155,,8891,550,,,0,115,,8892,550,,,0,120,,8893,550,,,0
14001,'Semaine-02',625,,8895,400,,,0,97,,8906,420,,,0,103,,8894,500,,,0,121,,8896,550,,,0,160,,8897,550,,,0,123,,8898,550,,,0,125,,8899,550,,,0,165,,8900,550,,,0,125,,8901,550,,,0,164,,8902,550,,,0,126,,8903,550,,,0,119,,8904,550,,,0
