2100,'Fête-2-02',540,,8111,220,,,0,70,,8112,220,,,0,30,,8113,220,,,0,75,,8114,220,,,0,30,,8115,220,,,0,75,,8116,220,,,0
2100,'Semaine-02',540,,8117,220,,,0,70,,8118,220,,,0,30,,8119,220,,,0,75,,8120,220,,,0,30,,8121,220,,,0,75,,8122,220,,,0
2101,'Fête-2-02',1636,,8123,370,,,0,70,,8124,370,,,0,29,,8125,370,,,0,69,,8126,370,,,0,30,,8127,370,,,0
2101,'Semaine-02',1636,,8131,370,,,0,23,,8132,370,,,0,66,,8133,370,,,0,24,,8134,370,,,0,65,,8135,370,,,0,28,,8136,370,,,0
2201,'Fête-2-02',1640,,8152,230,,,0,65,,8156,230,,,0,25,,8153,230,,,0,25,,8157,230,,,0,65,,8155,230,,,0,23,,8154,230,,,0
2201,'Semaine-02',1640,,8158,230,,,0,65,,8162,230,,,0,25,,8159,230,,,0,25,,8163,230,,,0,65,,8161,230,,,0,23,,8160,230,,,0
3200,'Dimanche-02',610,,8455,310,,,0,214,,8460,310,,,0,223,,8463,310,,,0,192,,8464,310,,,0,119,,8456,310,,,0,162,,8466,310,,,0,120,,8457,310,,,0,119,,8459,310,,,0,158,,8458,310,,,0,215,,8461,310,,,0,216,,8462,310,,,0,253,,8465,310,0,6,0
3200,'Fête-1-02',541,,8467,190,,,0,181,,8473,310,,,0,37,,8468,310,,,0,160,,8476,310,,,0,123,,8477,310,,,0,164,,8478,310,,,0,124,,8469,310,,,0,124,,8480,310,,,0,164,,8470,310,,,0,128,,8471,310,,,0,160,,8472,310,,,0,236,,8474,310,,,0,216,,8475,310,,,0,247,,8479,310,0,6,0
3200,'Fête-2-02',637,,8506,310,,,0,80,,8481,310,,,0,40,,8509,310,,,0,80,,8492,310,,,0,80,,8500,310,,,0,41,,8501,310,,,0,81,,8502,310,,,0,81,,8503,310,,,0,83,,8504,310,,,0,43,,8505,310,,,0,83,,8482,310,,,0,82,,8483,310,,,0,42,,8484,310,,,0,85,,8508,310,,,0,85,,8486,310,,,0,85,,8487,310,,,0,45,,8488,310,,,0,85,,8489,310,,,0,82,,8490,310,,,0,83,,8491,310,,,0,41,,8493,310,,,0,80,,8494,310,,,0,80,,8495,310,,,0,40,,8496,310,,,0,80,,8497,310,,,0,80,,8498,310,,,0,40,,8499,310,,,0
3200,'Samedi-02',541,,8512,190,,,0,181,,8518,310,,,0,37,,8513,310,,,0,160,,8521,310,,,0,123,,8522,310,,,0,164,,8523,310,,,0,124,,8514,310,,,0,124,,8525,310,,,0,164,,8515,310,,,0,128,,8516,310,,,0,160,,8517,310,,,0,236,,8519,310,,,0,216,,8520,310,,,0,247,,8524,310,0,6,0
3200,'Semaine-02',637,,8551,310,,,0,80,,8526,310,,,0,40,,8554,310,,,0,80,,8537,310,,,0,80,,8545,310,,,0,41,,8546,310,,,0,81,,8547,310,,,0,81,,8548,310,,,0,83,,8549,310,,,0,43,,8550,310,,,0,83,,8527,310,,,0,82,,8528,310,,,0,42,,8529,310,,,0,85,,8553,310,,,0,85,,8531,310,,,0,85,,8532,310,,,0,45,,8533,310,,,0,85,,8534,310,,,0,82,,8535,310,,,0,83,,8536,310,,,0,41,,8538,310,,,0,80,,8539,310,,,0,80,,8540,310,,,0,40,,8541,310,,,0,80,,8542,310,,,0,80,,8543,310,,,0,40,,8544,310,,,0
11100,'Dimanche-02',722,,8738,330,0,5 6,0,100,,8734,330,0,5 10,0,187,,8733,330,0,5 10,0,291,,8735,330,0,5 10,0,249,,8736,330,0,5 10,0,198,,8739,330,0,5 6,0,107,,8737,330,0,5 10,0,378,,8740,330,0,5 6,0
11100,'Fête-1-02',722,,8746,330,0,5 6,0,100,,8742,330,0,5 10,0,187,,8741,330,0,5 10,0,291,,8743,330,0,5 10,0,249,,8744,330,0,5 10,0,198,,8747,330,0,5 6,0,107,,8745,330,0,5 10,0,378,,8748,330,0,5 6,0
11100,'Fête-2-02',534,,8753,330,0,5 14,0,70,,8751,330,0,5 14,0,30,,8754,330,0,5 14,0,70,,8752,330,0,5 14,0,30,,8758,330,0,5 14,0,70,,8759,330,0,5 14,0,32,,8750,330,0,5 10,0,100,,8760,330,0,5 10,0,208,,8762,330,0,5 6,0,165,,8749,330,0,5 10,0,400,,8755,330,0,5 14,0,30,,8757,330,0,5 14,0,70,,8756,330,0,5 14,0,130,,8761,330,0,5 10,0
11100,'Samedi-02',722,,8768,330,0,5 6,0,100,,8764,330,0,5 10,0,187,,8763,330,0,5 10,0,291,,8765,330,0,5 10,0,249,,8766,330,0,5 10,0,198,,8769,330,0,5 6,0,107,,8767,330,0,5 10,0,378,,8770,330,0,5 6,0
11100,'Semaine-02',534,,8779,330,0,5 15,0,15,,8773,330,0,5 10,0,60,,8777,330,0,5 15,0,27,,8780,330,0,5 15,0,6,,8774,330,0,5 10,0,14,,8778,330,0,5 15,0,51,,8792,330,0,16 17,0,20,,8786,330,0,5 15,0,20,,8781,330,0,5 15,0,5,,8775,330,0,16 17,0,55,,8788,330,0,5 15,0,40,,8776,330,0,16 17,0,157,,8789,330,0,16 17,0,35,,8771,330,0,16 17,0,105,,8791,330,0,5 6,0,160,,8772,330,0,5 10,0,341,,8783,330,0,5 10,0,6,,8782,260,0,5 15,0,91,,8785,330,0,5 10,0,60,,8784,260,0,5 15,0,233,,8790,260,0,5 6,0,103,,8787,260,0,5 10,0
