101,'Dimanche-02',758,,7950,530,,,0,246,,7951,530,,,0,131,,7952,530,,,0,173,,7953,530,,,0,127,,7954,530,,,0,120,,7955,530,,,0,160,,7956,530,,,0,120,,7957,530,,,0,117,,7958,530,,,0,174,,7959,530,,,0,114,,7960,530,,,0,113,,7961,530,,,0
101,'Fête-1-02',758,,7962,530,,,0,246,,7963,530,,,0,131,,7964,530,,,0,173,,7965,530,,,0,127,,7966,530,,,0,120,,7967,530,,,0,160,,7968,530,,,0,120,,7969,530,,,0,117,,7970,530,,,0,174,,7971,530,,,0,114,,7972,530,,,0,113,,7973,530,,,0
101,'Fête-2-02',658,,7974,530,,,0,101,,7983,530,,,0,70,,7985,530,,,0,90,,7986,530,,,0,110,,7987,530,,,0,105,,7988,530,,,0,95,,7990,530,,,0,105,,7989,530,,,0,106,,7991,530,,,0,81,,7975,530,,,0,105,,7976,530,,,0,96,,7977,530,,,0,105,,7978,530,,,0,74,,7979,530,,,0,103,,7980,530,,,0,43,,7981,530,,,0,173,,7982,530,,,0,134,,7984,530,,,0
101,'Samedi-02',758,,7992,530,,,0,246,,7993,530,,,0,131,,7994,530,,,0,173,,7995,530,,,0,127,,7996,530,,,0,120,,7997,530,,,0,160,,7998,530,,,0,120,,7999,530,,,0,117,,8000,530,,,0,174,,8001,530,,,0,114,,8002,530,,,0,113,,8003,530,,,0
101,'Semaine-02',653,,8022,400,,,0,5,,8004,530,,,0,101,,8013,530,,,0,70,,8015,530,,,0,90,,8016,530,,,0,110,,8017,530,,,0,105,,8018,530,,,0,95,,8020,530,,,0,105,,8019,530,,,0,106,,8021,530,,,0,81,,8005,530,,,0,105,,8006,530,,,0,96,,8007,530,,,0,105,,8008,530,,,0,74,,8009,530,,,0,103,,8010,530,,,0,43,,8011,530,,,0,173,,8012,530,,,0,134,,8014,530,,,0
2001,'Dimanche-02',730,,8067,30,,,0,124,,8068,30,,,0,166,,8069,30,,,0,125,,8070,30,,,0,165,,8071,30,,,0,125,,8072,30,,,0,165,,8073,30,,,0,125,,8074,30,,,0
2001,'Fête-1-02',730,,8075,30,,,0,124,,8076,30,,,0,166,,8077,30,,,0,125,,8078,30,,,0,165,,8079,30,,,0,125,,8080,30,,,0,165,,8081,30,,,0,125,,8082,30,,,0
2001,'Fête-2-02',715,,8083,30,,,0,125,,8084,30,,,0,165,,8085,30,,,0,126,,8086,30,,,0,126,,8087,30,,,0,165,,8088,30,,,0,126,,8089,30,,,0,166,,8090,30,,,0,126,,8091,30,,,0
2001,'Samedi-02',730,,8092,30,,,0,124,,8093,30,,,0,166,,8094,30,,,0,125,,8095,30,,,0,165,,8096,30,,,0,125,,8097,30,,,0,165,,8098,30,,,0,125,,8099,30,,,0
2001,'Semaine-02',715,,8100,30,,,0,125,,8101,30,,,0,165,,8102,30,,,0,126,,8103,30,,,0,126,,8104,30,,,0,165,,8105,30,,,0,126,,8106,30,,,0,166,,8107,30,,,0,126,,8108,30,,,0
2001,'Semaine-02-0001100',2003,,8110,30,,,0,124,,8109,30,,,0
2801,'Fête-2-02',1705,,8308,420,0,23,0,44,,8307,420,,,0,68,,8309,420,0,23,0
2801,'Semaine-02',1705,,8320,420,0,23,0,44,,8319,420,,,0,68,,8321,420,0,23,0
