101,'Dimanche-02',725,,7950,110,,,0,205,,7951,110,,,0,170,,7952,110,,,0,131,,7953,110,,,0,126,,7954,110,,,0,160,,7955,110,,,0,120,,7956,110,,,0,120,,7957,110,,,0,159,,7958,110,,,0,134,,7959,110,,,0,155,,7960,110,,,0,115,,7961,110,,,0
101,'Fête-1-02',725,,7962,110,,,0,205,,7963,110,,,0,170,,7964,110,,,0,131,,7965,110,,,0,126,,7966,110,,,0,160,,7967,110,,,0,120,,7968,110,,,0,120,,7969,110,,,0,159,,7970,110,,,0,134,,7971,110,,,0,155,,7972,110,,,0,115,,7973,110,,,0
101,'Fête-2-02',622,,7974,110,,,0,100,,7983,110,,,0,30,,7985,110,,,0,90,,7986,110,,,0,111,,7987,110,,,0,105,,7988,110,,,0,95,,7990,110,,,0,100,,7989,110,,,0,106,,7991,110,,,0,81,,7975,110,,,0,101,,7976,110,,,0,98,,7977,110,,,0,109,,7978,110,,,0,74,,7979,110,,,0,104,,7980,110,,,0,84,,7981,110,,,0,135,,7982,110,,,0,175,,7984,110,,,0
101,'Samedi-02',725,,7992,110,,,0,205,,7993,110,,,0,170,,7994,110,,,0,131,,7995,110,,,0,126,,7996,110,,,0,160,,7997,110,,,0,120,,7998,110,,,0,120,,7999,110,,,0,159,,8000,110,,,0,134,,8001,110,,,0,155,,8002,110,,,0,115,,8003,110,,,0
101,'Semaine-02',622,,8004,110,,,0,100,,8013,110,,,0,30,,8015,110,,,0,90,,8016,110,,,0,111,,8017,110,,,0,105,,8018,110,,,0,95,,8020,110,,,0,100,,8019,110,,,0,106,,8021,110,,,0,81,,8005,110,,,0,101,,8006,110,,,0,98,,8007,110,,,0,109,,8008,110,,,0,74,,8009,110,,,0,104,,8010,110,,,0,84,,8011,110,,,0,135,,8012,110,,,0,175,,8014,110,,,0
2101,'Fête-2-02',654,,8128,110,0,5 6,0,79,,8129,110,0,5 6,0,81,,8130,110,0,5 6,0,796,,8123,110,,,0,30,,8124,110,,,0,69,,8125,110,,,0,30,,8126,110,,,0,70,,8127,110,,,0
2101,'Semaine-02',654,,8137,110,0,5 6,0,79,,8138,110,0,5 6,0,81,,8139,110,0,5 6,0,796,,8131,110,,,0,23,,8132,110,,,0,26,,8133,110,,,0,65,,8134,110,,,0,25,,8135,110,,,0,68,,8136,110,,,0
2301,'Fête-2-02',1543,,8180,110,,,0,65,,8181,110,,,0,30,,8182,110,,,0,70,,8183,110,,,0,30,,8184,110,,,0,69,,8185,110,,,0,30,,8186,110,,,0
2301,'Semaine-02',1543,,8187,110,,,0,65,,8188,110,,,0,30,,8189,110,,,0,70,,8190,110,,,0,30,,8191,110,,,0,69,,8192,110,,,0,30,,8193,110,,,0
2501,'Fête-2-02',1548,,8226,110,,,0,80,,8227,110,,,0,74,,8228,110,,,0,39,,8229,110,,,0,80,,8230,110,,,0,29,,8231,110,,,0
2501,'Semaine-02',1548,,8232,110,,,0,80,,8233,110,,,0,74,,8234,110,,,0,39,,8235,110,,,0,80,,8236,110,,,0,29,,8237,110,,,0
2801,'Fête-2-02',1348,,8310,50,0,22,0,185,,8313,50,0,22,0,71,,8317,50,0,22,0,27,,8308,50,0,23,0,15,,8316,50,0,22,0,59,,8311,50,0,22,0,10,,8307,50,,,0,10,,8312,50,0,22,0,19,,8309,50,0,23,0,59,,8314,50,0,22,0,17,,8318,50,0,22,0,15,,8315,50,0,22,0
2801,'Semaine-02',1348,,8322,50,0,22,0,185,,8328,50,0,22,0,16,,8331,50,0,22,0,55,,8335,50,0,22,0,12,,8332,50,0,22,0,15,,8320,50,0,23,0,5,,8333,50,0,22,0,10,,8334,50,0,22,0,10,,8323,50,0,22,0,49,,8324,50,0,22,0,10,,8319,50,,,0,10,,8325,50,0,22,0,9,,8326,50,0,22,0,10,,8321,50,0,23,0,14,,8327,50,0,22,0,52,,8329,50,0,22,0,25,,8330,50,0,22,0
3100,'Dimanche-02',659,,8369,110,,,0,256,,8370,110,,,0,238,,8368,110,,,0,163,,8361,110,,,0,120,,8362,110,,,0,118,,8363,110,,,0,158,,8364,110,,,0,119,,8365,110,,,0,127,,8366,110,,,0,261,,8360,110,,,0,215,,8367,110,,,0
3100,'Fête-1-02',548,,8372,110,,,0,83,,8383,110,,,0,202,,8384,110,,,0,125,,8381,110,,,0,164,,8371,110,,,0,124,,8382,110,,,0,164,,8373,110,,,0,124,,8374,110,,,0,124,,8375,110,,,0,164,,8376,110,,,0,124,,8377,110,,,0,67,,8378,110,,,0,216,,8379,110,,,0,215,,8380,110,,,0
3100,'Fête-2-02',554,,8409,110,,,0,80,,8385,110,,,0,80,,8395,110,,,0,40,,8410,110,,,0,80,,8404,110,,,0,80,,8405,110,,,0,40,,8406,110,,,0,81,,8412,110,,,0,81,,8407,110,,,0,43,,8408,110,,,0,83,,8386,110,,,0,83,,8387,110,,,0,82,,8388,110,,,0,42,,8389,110,,,0,85,,8390,110,,,0,85,,8391,110,,,0,85,,8392,110,,,0,45,,8393,110,,,0,85,,8394,110,,,0,84,,8396,110,,,0,82,,8397,110,,,0,40,,8398,110,,,0,80,,8399,110,,,0,80,,8400,110,,,0,40,,8401,110,,,0,80,,8402,110,,,0,80,,8403,110,,,0,121,,8411,110,0,5 6,0
3100,'Samedi-02',548,,8414,110,,,0,83,,8425,110,,,0,202,,8426,110,,,0,125,,8423,110,,,0,164,,8413,110,,,0,124,,8424,110,,,0,164,,8415,110,,,0,124,,8416,110,,,0,124,,8417,110,,,0,164,,8418,110,,,0,124,,8419,110,,,0,67,,8420,110,,,0,216,,8421,110,,,0,215,,8422,110,,,0
3100,'Semaine-02',554,,8451,110,,,0,80,,8427,110,,,0,80,,8437,110,,,0,40,,8452,110,,,0,80,,8446,110,,,0,80,,8447,110,,,0,40,,8448,110,,,0,81,,8454,110,,,0,81,,8449,110,,,0,43,,8450,110,,,0,83,,8428,110,,,0,83,,8429,110,,,0,82,,8430,110,,,0,42,,8431,110,,,0,85,,8432,110,,,0,85,,8433,110,,,0,85,,8434,110,,,0,45,,8435,110,,,0,85,,8436,110,,,0,84,,8438,110,,,0,82,,8439,110,,,0,40,,8440,110,,,0,80,,8441,110,,,0,80,,8442,110,,,0,40,,8443,110,,,0,80,,8444,110,,,0,80,,8445,110,,,0,121,,8453,110,0,5 6,0
3200,'Dimanche-02',549,,8455,110,,,0,254,,8460,110,,,0,223,,8463,110,,,0,192,,8464,110,,,0,119,,8456,110,,,0,122,,8466,110,,,0,160,,8457,110,,,0,119,,8459,110,,,0,118,,8458,110,,,0,255,,8461,110,,,0,216,,8462,110,,,0,213,,8465,110,0,6,0
3200,'Fête-1-02',701,,8473,110,,,0,37,,8468,110,,,0,120,,8476,110,,,0,163,,8477,110,,,0,124,,8478,110,,,0,164,,8469,110,,,0,124,,8480,110,,,0,124,,8470,110,,,0,168,,8471,110,,,0,120,,8472,110,,,0,276,,8474,110,,,0,216,,8475,110,,,0,209,,8479,110,0,6,0
3200,'Fête-2-02',618,,8506,110,,,0,39,,8481,110,,,0,79,,8509,110,,,0,79,,8492,110,,,0,40,,8500,110,,,0,82,,8501,110,,,0,81,,8502,110,,,0,41,,8503,110,,,0,83,,8504,110,,,0,83,,8505,110,,,0,83,,8482,110,,,0,42,,8483,110,,,0,82,,8484,110,,,0,84,,8508,110,,,0,85,,8486,110,,,0,45,,8487,110,,,0,86,,8488,110,,,0,85,,8489,110,,,0,42,,8490,110,,,0,84,,8491,110,,,0,81,,8493,110,,,0,80,,8494,110,,,0,40,,8495,110,,,0,80,,8496,110,,,0,80,,8497,110,,,0,41,,8498,110,,,0,80,,8499,110,,,0,112,,8507,110,0,6,0
3200,'Samedi-02',701,,8518,110,,,0,37,,8513,110,,,0,120,,8521,110,,,0,163,,8522,110,,,0,124,,8523,110,,,0,164,,8514,110,,,0,124,,8525,110,,,0,124,,8515,110,,,0,168,,8516,110,,,0,120,,8517,110,,,0,276,,8519,110,,,0,216,,8520,110,,,0,209,,8524,110,0,6,0
3200,'Semaine-02',618,,8551,110,,,0,39,,8526,110,,,0,79,,8554,110,,,0,79,,8537,110,,,0,40,,8545,110,,,0,82,,8546,110,,,0,81,,8547,110,,,0,41,,8548,110,,,0,83,,8549,110,,,0,83,,8550,110,,,0,83,,8527,110,,,0,42,,8528,110,,,0,82,,8529,110,,,0,84,,8553,110,,,0,85,,8531,110,,,0,45,,8532,110,,,0,86,,8533,110,,,0,85,,8534,110,,,0,42,,8535,110,,,0,84,,8536,110,,,0,81,,8538,110,,,0,80,,8539,110,,,0,40,,8540,110,,,0,80,,8541,110,,,0,80,,8542,110,,,0,41,,8543,110,,,0,80,,8544,110,,,0,112,,8552,110,0,6,0
9001,'Semaine-02',1646,,8706,20,0,5 6,0,95,,8704,20,0,5 6,0,87,,8705,20,,,0
11101,'Dimanche-02',907,,8794,110,,,0,148,,8793,110,,,0,296,,8795,110,,,0,288,,8796,110,,,0,304,,8797,110,,,0
11101,'Fête-1-02',907,,8802,110,,,0,148,,8801,110,,,0,296,,8803,110,,,0,288,,8804,110,,,0,304,,8805,110,,,0
11101,'Fête-2-02',717,,8817,120,,,0,100,,8820,120,,,0,100,,8821,120,,,0,12,,8819,110,,,0,273,,8823,110,,,0,200,,8809,110,,,0,152,,8810,120,,,0,70,,8812,120,,,0,30,,8813,120,,,0,70,,8814,120,,,0,30,,8815,120,,,0,70,,8816,120,,,0,30,,8818,120,,,0,70,,8811,120,,,0,110,,8822,110,,,0
11101,'Samedi-02',907,,8826,110,,,0,148,,8825,110,,,0,296,,8827,110,,,0,288,,8828,110,,,0,304,,8829,110,,,0
11101,'Semaine-02',637,,8843,50,,,0,1,,8842,110,,,0,96,,8849,110,,,0,170,,8850,110,,,0,55,,8847,110,,,0,193,,8852,110,,,0,265,,8833,120,,,0,110,,8834,50,,,0,10,,8836,120,,,0,91,,8837,50,,,0,19,,8844,120,,,0,56,,8839,50,,,0,30,,8840,50,,,0,13,,8838,50,,,0,11,,8845,120,,,0,49,,8841,50,,,0,45,,8846,120,,,0,78,,8835,120,,,0,301,,8848,110,,,0
