100,'Dimanche-02',628,,7889,490,,,0,200,,7878,490,,,0,125,,7879,490,,,0,170,,7880,490,,,0,125,,7881,490,,,0,164,,7882,490,,,0,119,,7883,490,,,0,120,,7884,490,,,0,164,,7885,490,,,0,135,,7886,490,,,0,155,,7887,490,,,0,115,,7888,490,,,0
100,'Fête-1-02',628,,7901,490,,,0,200,,7890,490,,,0,125,,7891,490,,,0,170,,7892,490,,,0,125,,7893,490,,,0,164,,7894,490,,,0,119,,7895,490,,,0,120,,7896,490,,,0,164,,7897,490,,,0,135,,7898,490,,,0,155,,7899,490,,,0,115,,7900,490,,,0
100,'Fête-2-02',513,,7902,490,,,0,104,,7903,490,,,0,26,,7904,490,,,0,81,,7905,490,,,0,119,,7906,490,,,0,104,,7909,490,,,0,94,,7918,490,,,0,101,,7910,490,,,0,100,,7919,490,,,0,78,,7911,490,,,0,102,,7912,490,,,0,100,,7916,490,,,0,110,,7913,490,,,0,75,,7914,490,,,0,107,,7907,490,,,0,93,,7908,490,,,0,133,,7917,490,,,0,185,,7915,490,,,0
100,'Samedi-02',628,,7931,490,,,0,200,,7920,490,,,0,125,,7921,490,,,0,170,,7922,490,,,0,125,,7923,490,,,0,164,,7924,490,,,0,119,,7925,490,,,0,120,,7926,490,,,0,164,,7927,490,,,0,135,,7928,490,,,0,155,,7929,490,,,0,115,,7930,490,,,0
100,'Semaine-02',513,,7932,490,,,0,104,,7933,490,,,0,26,,7934,490,,,0,81,,7935,490,,,0,119,,7936,490,,,0,104,,7939,490,,,0,94,,7948,490,,,0,101,,7940,490,,,0,100,,7949,490,,,0,78,,7941,490,,,0,102,,7942,490,,,0,100,,7946,490,,,0,110,,7943,490,,,0,75,,7944,490,,,0,107,,7937,490,,,0,93,,7938,490,,,0,133,,7947,490,,,0,185,,7945,490,,,0
2300,'Fête-2-02',534,,8164,160,,,0,25,,8165,160,,,0,55,,8166,160,,,0,35,,8167,160,,,0,65,,8168,160,,,0,20,,8169,160,,,0,20,,8170,160,,,0,60,,8171,160,,,0
2300,'Semaine-02',534,,8172,160,,,0,25,,8173,160,,,0,55,,8174,160,,,0,35,,8175,160,,,0,65,,8176,160,,,0,20,,8177,160,,,0,20,,8178,160,,,0,60,,8179,160,,,0
2800,'Fête-2-02',505,,8284,20,,,0,20,,8283,20,,,0,15,,8281,260,,,0,65,,8289,20,,,0,20,,8280,300,,,0,20,,8282,260,,,0,60,,8285,20,,,0,20,,8286,20,,,0,20,,8287,20,,,0,60,,8288,20,,,0
2800,'Semaine-02',505,,8294,20,,,0,20,,8293,20,,,0,15,,8291,260,,,0,15,,8305,20,,,0,50,,8301,20,,,0,10,,8302,20,,,0,10,,8290,300,,,0,8,,8303,20,,,0,8,,8292,260,,,0,8,,8306,20,,,0,8,,8304,20,,,0,48,,8295,20,,,0,10,,8296,20,,,0,11,,8297,20,,,0,9,,8298,20,,,0,10,,8299,20,,,0,60,,8300,20,,,0
9000,'Semaine-02',639,,8702,40,,,0,63,,8703,40,,,0
