100,'Dimanche-02',608,,7889,220,,,0,200,,7878,220,,,0,125,,7879,220,,,0,170,,7880,220,,,0,125,,7881,220,,,0,124,,7882,220,,,0,160,,7883,220,,,0,120,,7884,220,,,0,124,,7885,220,,,0,175,,7886,220,,,0,115,,7887,220,,,0,155,,7888,220,,,0
100,'Fête-1-02',608,,7901,220,,,0,200,,7890,220,,,0,125,,7891,220,,,0,170,,7892,220,,,0,125,,7893,220,,,0,124,,7894,220,,,0,160,,7895,220,,,0,120,,7896,220,,,0,124,,7897,220,,,0,175,,7898,220,,,0,115,,7899,220,,,0,155,,7900,220,,,0
100,'Fête-2-02',452,,7902,220,,,0,103,,7903,220,,,0,65,,7904,220,,,0,81,,7905,220,,,0,119,,7906,220,,,0,105,,7909,220,,,0,94,,7918,220,,,0,101,,7910,220,,,0,100,,7919,220,,,0,38,,7911,220,,,0,142,,7912,220,,,0,100,,7916,220,,,0,110,,7913,220,,,0,35,,7914,220,,,0,108,,7907,220,,,0,95,,7908,220,,,0,173,,7917,220,,,0,185,,7915,220,,,0
100,'Samedi-02',608,,7931,220,,,0,200,,7920,220,,,0,125,,7921,220,,,0,170,,7922,220,,,0,125,,7923,220,,,0,124,,7924,220,,,0,160,,7925,220,,,0,120,,7926,220,,,0,124,,7927,220,,,0,175,,7928,220,,,0,115,,7929,220,,,0,155,,7930,220,,,0
100,'Semaine-02',452,,7932,220,,,0,103,,7933,220,,,0,65,,7934,220,,,0,81,,7935,220,,,0,119,,7936,220,,,0,105,,7939,220,,,0,94,,7948,220,,,0,101,,7940,220,,,0,100,,7949,220,,,0,38,,7941,220,,,0,142,,7942,220,,,0,100,,7946,220,,,0,110,,7943,220,,,0,35,,7944,220,,,0,108,,7937,220,,,0,95,,7938,220,,,0,173,,7947,220,,,0,185,,7945,220,,,0
2000,'Dimanche-02',706,,8023,260,,,0,12,,8023,500,,,0,112,,8024,260,,,0,12,,8024,500,,,0,114,,8025,260,,,0,52,,8025,500,,,0,113,,8026,260,,,0,12,,8026,500,,,0,113,,8027,260,,,0,12,,8027,500,,,0,152,,8028,260,,,0,12,,8028,500,,,0,113,,8029,260,,,0,12,,8029,500,,,0,153,,8030,260,,,0,12,,8030,500,,,0
2000,'Fête-1-02',706,,8031,260,,,0,12,,8031,500,,,0,112,,8032,260,,,0,12,,8032,500,,,0,114,,8033,260,,,0,52,,8033,500,,,0,113,,8034,260,,,0,12,,8034,500,,,0,113,,8035,260,,,0,12,,8035,500,,,0,152,,8036,260,,,0,12,,8036,500,,,0,113,,8037,260,,,0,12,,8037,500,,,0,153,,8038,260,,,0,12,,8038,500,,,0
2000,'Fête-2-02',649,,8039,260,,,0,52,,8039,500,,,0,113,,8040,260,,,0,12,,8040,500,,,0,113,,8041,260,,,0,12,,8041,500,,,0,154,,8042,260,,,0,12,,8042,500,,,0,114,,8043,260,,,0,12,,8043,500,,,0,113,,8044,260,,,0,52,,8044,500,,,0,114,,8045,260,,,0,12,,8045,500,,,0,114,,8046,260,,,0,52,,8046,500,,,0,114,,8047,260,,,0,12,,8047,500,,,0
2000,'Samedi-02',706,,8048,260,,,0,12,,8048,500,,,0,112,,8049,260,,,0,12,,8049,500,,,0,114,,8050,260,,,0,52,,8050,500,,,0,113,,8051,260,,,0,12,,8051,500,,,0,113,,8052,260,,,0,12,,8052,500,,,0,152,,8053,260,,,0,12,,8053,500,,,0,113,,8054,260,,,0,12,,8054,500,,,0,153,,8055,260,,,0,12,,8055,500,,,0
2000,'Semaine-02',649,,8056,260,,,0,52,,8056,500,,,0,113,,8057,260,,,0,12,,8057,500,,,0,113,,8058,260,,,0,12,,8058,500,,,0,154,,8059,260,,,0,12,,8059,500,,,0,114,,8060,260,,,0,12,,8060,500,,,0,113,,8061,260,,,0,52,,8061,500,,,0,114,,8062,260,,,0,12,,8062,500,,,0,114,,8063,260,,,0,52,,8063,500,,,0,114,,8064,260,,,0,12,,8064,500,,,0
2000,'Semaine-02-0001100',1939,,8066,260,,,0,12,,8066,500,,,0,152,,8065,260,,,0,12,,8065,500,,,0
2800,'Fête-2-02',528,,8281,50,,,0,85,,8280,90,,,0,20,,8282,50,,,0
2800,'Semaine-02',528,,8291,50,,,0,85,,8290,90,,,0,16,,8292,50,,,0
