101,'Dimanche-01',714,,5325,30,,,0,205,,5326,30,,,0,130,,5327,30,,,0,170,,5328,30,,,0,125,,5329,30,,,0,160,,5330,30,,,0,120,,5331,30,,,0,120,,5332,30,,,0,160,,5333,30,,,0,135,,5334,30,,,0,115,,5335,30,,,0,155,,5336,30,,,0
101,'Fête-1-01',714,,5337,30,,,0,205,,5338,30,,,0,130,,5339,30,,,0,170,,5340,30,,,0,125,,5341,30,,,0,160,,5342,30,,,0,120,,5343,30,,,0,120,,5344,30,,,0,160,,5345,30,,,0,135,,5346,30,,,0,115,,5347,30,,,0,155,,5348,30,,,0
101,'Fête-2-01',609,,5349,30,,,0,100,,5358,30,,,0,30,,5360,30,,,0,90,,5361,30,,,0,110,,5362,30,,,0,105,,5363,30,,,0,95,,5365,30,,,0,100,,5364,30,,,0,106,,5366,30,,,0,80,,5350,30,,,0,100,,5351,30,,,0,100,,5352,30,,,0,109,,5353,30,,,0,75,,5354,30,,,0,105,,5355,30,,,0,45,,5356,30,,,0,175,,5357,30,,,0,175,,5359,30,,,0
101,'Samedi-01',714,,5367,30,,,0,205,,5368,30,,,0,130,,5369,30,,,0,170,,5370,30,,,0,125,,5371,30,,,0,160,,5372,30,,,0,120,,5373,30,,,0,120,,5374,30,,,0,160,,5375,30,,,0,135,,5376,30,,,0,115,,5377,30,,,0,155,,5378,30,,,0
101,'Semaine-01',609,,5379,30,,,0,100,,5388,30,,,0,30,,5390,30,,,0,90,,5391,30,,,0,110,,5392,30,,,0,105,,5393,30,,,0,95,,5395,30,,,0,100,,5394,30,,,0,106,,5396,30,,,0,80,,5380,30,,,0,100,,5381,30,,,0,100,,5382,30,,,0,109,,5383,30,,,0,75,,5384,30,,,0,105,,5385,30,,,0,45,,5386,30,,,0,175,,5387,30,,,0,175,,5389,30,,,0
2101,'Fête-2-01',642,,5503,30,0,5 6,0,79,,5504,30,0,5 6,0,81,,5505,30,0,5 6,0,754,,5498,30,,,0,70,,5499,30,,,0,30,,5500,30,,,0,70,,5501,30,,,0,30,,5502,30,,,0
2101,'Semaine-01',642,,5512,30,0,5 6,0,79,,5513,30,0,5 6,0,81,,5514,30,0,5 6,0,754,,5506,30,,,0,63,,5507,30,,,0,27,,5508,30,,,0,65,,5509,30,,,0,25,,5510,30,,,0,68,,5511,30,,,0
2301,'Fête-2-01',1529,,5555,30,,,0,25,,5556,30,,,0,70,,5557,30,,,0,30,,5558,30,,,0,70,,5559,30,,,0,30,,5560,30,,,0,70,,5561,30,,,0
2301,'Semaine-01',1529,,5562,30,,,0,25,,5563,30,,,0,70,,5564,30,,,0,30,,5565,30,,,0,70,,5566,30,,,0,30,,5567,30,,,0,70,,5568,30,,,0
2501,'Fête-2-01',1534,,5601,30,,,0,80,,5602,30,,,0,35,,5603,30,,,0,80,,5604,30,,,0,80,,5605,30,,,0,30,,5606,30,,,0
2501,'Semaine-01',1534,,5607,30,,,0,80,,5608,30,,,0,35,,5609,30,,,0,80,,5610,30,,,0,80,,5611,30,,,0,30,,5612,30,,,0
3100,'Dimanche-01',648,,5744,30,,,0,255,,5745,30,,,0,238,,5743,30,,,0,163,,5736,30,,,0,120,,5737,30,,,0,118,,5738,30,,,0,158,,5739,30,,,0,119,,5740,30,,,0,127,,5741,30,,,0,261,,5735,30,,,0,216,,5742,30,,,0
3100,'Fête-1-01',537,,5747,30,,,0,83,,5758,30,,,0,201,,5759,30,,,0,125,,5756,30,,,0,164,,5746,30,,,0,124,,5757,30,,,0,124,,5748,30,,,0,164,,5749,30,,,0,124,,5750,30,,,0,164,,5751,30,,,0,124,,5752,30,,,0,67,,5753,30,,,0,216,,5754,30,,,0,216,,5755,30,,,0
3100,'Fête-2-01',543,,5784,30,,,0,80,,5760,30,,,0,79,,5770,30,,,0,40,,5785,30,,,0,80,,5779,30,,,0,80,,5780,30,,,0,40,,5781,30,,,0,81,,5787,30,,,0,81,,5782,30,,,0,43,,5783,30,,,0,83,,5761,30,,,0,83,,5762,30,,,0,42,,5763,30,,,0,82,,5764,30,,,0,84,,5765,30,,,0,84,,5766,30,,,0,45,,5767,30,,,0,87,,5768,30,,,0,85,,5769,30,,,0,85,,5771,30,,,0,42,,5772,30,,,0,80,,5773,30,,,0,80,,5774,30,,,0,40,,5775,30,,,0,80,,5776,30,,,0,80,,5777,30,,,0,41,,5778,30,,,0,161,,5786,30,0,5 6,0
3100,'Samedi-01',537,,5789,30,,,0,83,,5800,30,,,0,201,,5801,30,,,0,125,,5798,30,,,0,164,,5788,30,,,0,124,,5799,30,,,0,124,,5790,30,,,0,164,,5791,30,,,0,124,,5792,30,,,0,164,,5793,30,,,0,124,,5794,30,,,0,67,,5795,30,,,0,216,,5796,30,,,0,216,,5797,30,,,0
3100,'Semaine-01',543,,5826,30,,,0,80,,5802,30,,,0,79,,5812,30,,,0,40,,5827,30,,,0,80,,5821,30,,,0,80,,5822,30,,,0,40,,5823,30,,,0,81,,5829,30,,,0,81,,5824,30,,,0,43,,5825,30,,,0,83,,5803,30,,,0,83,,5804,30,,,0,42,,5805,30,,,0,82,,5806,30,,,0,84,,5807,30,,,0,84,,5808,30,,,0,45,,5809,30,,,0,87,,5810,30,,,0,85,,5811,30,,,0,85,,5813,30,,,0,42,,5814,30,,,0,80,,5815,30,,,0,80,,5816,30,,,0,40,,5817,30,,,0,80,,5818,30,,,0,80,,5819,30,,,0,41,,5820,30,,,0,161,,5828,30,0,5 6,0
3200,'Dimanche-01',538,,5830,30,,,0,214,,5835,30,,,0,262,,5838,30,,,0,192,,5839,30,,,0,119,,5831,30,,,0,122,,5841,30,,,0,160,,5832,30,,,0,119,,5834,30,,,0,118,,5833,30,,,0,215,,5836,30,,,0,256,,5837,30,,,0,213,,5840,30,0,6,0
3200,'Fête-1-01',650,,5848,30,,,0,77,,5843,30,,,0,120,,5851,30,,,0,162,,5852,30,,,0,124,,5853,30,,,0,124,,5844,30,,,0,164,,5855,30,,,0,124,,5845,30,,,0,168,,5846,30,,,0,120,,5847,30,,,0,276,,5849,30,,,0,216,,5850,30,,,0,212,,5854,30,0,6,0
3200,'Fête-2-01',608,,5881,30,,,0,38,,5856,30,,,0,78,,5884,30,,,0,79,,5867,30,,,0,40,,5875,30,,,0,83,,5876,30,,,0,81,,5877,30,,,0,41,,5878,30,,,0,83,,5879,30,,,0,82,,5880,30,,,0,43,,5857,30,,,0,82,,5858,30,,,0,81,,5859,30,,,0,84,,5883,30,,,0,45,,5861,30,,,0,85,,5862,30,,,0,86,,5863,30,,,0,86,,5864,30,,,0,43,,5865,30,,,0,84,,5866,30,,,0,81,,5868,30,,,0,40,,5869,30,,,0,80,,5870,30,,,0,80,,5871,30,,,0,40,,5872,30,,,0,83,,5873,30,,,0,80,,5874,30,,,0,112,,5882,30,0,6,0
3200,'Samedi-01',650,,5893,30,,,0,77,,5888,30,,,0,120,,5896,30,,,0,162,,5897,30,,,0,124,,5898,30,,,0,124,,5889,30,,,0,164,,5900,30,,,0,124,,5890,30,,,0,168,,5891,30,,,0,120,,5892,30,,,0,276,,5894,30,,,0,216,,5895,30,,,0,212,,5899,30,0,6,0
3200,'Semaine-01',608,,5926,30,,,0,38,,5901,30,,,0,78,,5929,30,,,0,79,,5912,30,,,0,40,,5920,30,,,0,83,,5921,30,,,0,81,,5922,30,,,0,41,,5923,30,,,0,83,,5924,30,,,0,82,,5925,30,,,0,43,,5902,30,,,0,82,,5903,30,,,0,81,,5904,30,,,0,84,,5928,30,,,0,45,,5906,30,,,0,85,,5907,30,,,0,86,,5908,30,,,0,86,,5909,30,,,0,43,,5910,30,,,0,84,,5911,30,,,0,81,,5913,30,,,0,40,,5914,30,,,0,80,,5915,30,,,0,80,,5916,30,,,0,40,,5917,30,,,0,83,,5918,30,,,0,80,,5919,30,,,0,112,,5927,30,0,6,0
9800,'Fête-2-01',720,,6082,30,,,0,103,,6086,30,,,0,105,,6087,30,,,0,505,,6088,30,,,0,105,,6089,30,,,0,105,,6090,30,,,0,105,,6091,30,,,0,105,,6092,30,,,0,99,,6093,30,,,0,100,,6083,30,,,0,90,,6084,30,,,0,90,,6085,30,,,0
9800,'Semaine-01',720,,6095,30,,,0,103,,6099,30,,,0,105,,6100,30,,,0,505,,6101,30,,,0,105,,6102,30,,,0,105,,6103,30,,,0,105,,6104,30,,,0,105,,6105,30,,,0,99,,6106,30,,,0,100,,6096,30,,,0,90,,6097,30,,,0,90,,6098,30,,,0
11101,'Dimanche-01',857,,6169,30,,,0,187,,6168,30,,,0,295,,6170,30,,,0,288,,6171,30,,,0,304,,6172,30,,,0
11101,'Fête-1-01',857,,6177,30,,,0,187,,6176,30,,,0,295,,6178,30,,,0,288,,6179,30,,,0,304,,6180,30,,,0
11101,'Fête-2-01',704,,6192,40,,,0,100,,6195,40,,,0,100,,6196,40,,,0,14,,6194,30,,,0,231,,6198,30,,,0,200,,6184,30,,,0,190,,6185,40,,,0,70,,6187,40,,,0,30,,6188,40,,,0,70,,6189,40,,,0,30,,6190,40,,,0,70,,6191,40,,,0,30,,6193,40,,,0,70,,6186,40,,,0,110,,6197,30,,,0
11101,'Samedi-01',857,,6201,30,,,0,187,,6200,30,,,0,295,,6202,30,,,0,288,,6203,30,,,0,304,,6204,30,,,0
11101,'Semaine-01',628,,6217,30,,,0,95,,6224,30,,,0,130,,6225,30,,,0,95,,6222,30,,,0,191,,6227,30,,,0,265,,6208,40,,,0,120,,6211,40,,,0,110,,6219,40,,,0,110,,6220,40,,,0,95,,6221,40,,,0,75,,6210,40,,,0,305,,6223,30,,,0
