100,'Dimanche-02',634,,7889,570,,,0,200,,7878,570,,,0,166,,7879,570,,,0,130,,7880,570,,,0,125,,7881,570,,,0,163,,7882,570,,,0,119,,7883,570,,,0,120,,7884,570,,,0,163,,7885,570,,,0,135,,7886,570,,,0,155,,7887,570,,,0,115,,7888,570,,,0
100,'Fête-1-02',634,,7901,570,,,0,200,,7890,570,,,0,166,,7891,570,,,0,130,,7892,570,,,0,125,,7893,570,,,0,163,,7894,570,,,0,119,,7895,570,,,0,120,,7896,570,,,0,163,,7897,570,,,0,135,,7898,570,,,0,155,,7899,570,,,0,115,,7900,570,,,0
100,'Fête-2-02',520,,7902,570,,,0,104,,7903,570,,,0,26,,7904,570,,,0,82,,7905,570,,,0,118,,7906,570,,,0,104,,7909,570,,,0,94,,7918,570,,,0,101,,7910,570,,,0,101,,7919,570,,,0,78,,7911,570,,,0,102,,7912,570,,,0,100,,7916,570,,,0,110,,7913,570,,,0,75,,7914,570,,,0,105,,7907,570,,,0,93,,7908,570,,,0,132,,7917,570,,,0,184,,7915,570,,,0
100,'Samedi-02',634,,7931,570,,,0,200,,7920,570,,,0,166,,7921,570,,,0,130,,7922,570,,,0,125,,7923,570,,,0,163,,7924,570,,,0,119,,7925,570,,,0,120,,7926,570,,,0,163,,7927,570,,,0,135,,7928,570,,,0,155,,7929,570,,,0,115,,7930,570,,,0
100,'Semaine-02',520,,7932,570,,,0,104,,7933,570,,,0,26,,7934,570,,,0,82,,7935,570,,,0,118,,7936,570,,,0,104,,7939,570,,,0,94,,7948,570,,,0,101,,7940,570,,,0,101,,7949,570,,,0,78,,7941,570,,,0,102,,7942,570,,,0,100,,7946,570,,,0,110,,7943,570,,,0,75,,7944,570,,,0,105,,7937,570,,,0,93,,7938,570,,,0,132,,7947,570,,,0,184,,7945,570,,,0
2600,'Fête-2-02',500,,8238,210,,,0,15,,8239,220,,,0
2600,'Semaine-02',500,,8240,210,,,0,15,,8241,220,,,0
2800,'Fête-2-02',511,,8284,100,,,0,20,,8283,100,,,0,15,,8281,340,,,0,65,,8289,100,,,0,20,,8280,380,,,0,20,,8282,340,,,0,60,,8285,100,,,0,20,,8286,100,,,0,20,,8287,100,,,0,60,,8288,100,,,0
2800,'Semaine-02',511,,8294,100,,,0,20,,8293,100,,,0,15,,8291,340,,,0,55,,8305,100,,,0,10,,8301,100,,,0,10,,8302,100,,,0,10,,8290,380,,,0,8,,8303,100,,,0,8,,8292,340,,,0,8,,8306,100,,,0,48,,8304,100,,,0,8,,8295,100,,,0,10,,8296,100,,,0,11,,8297,100,,,0,9,,8298,100,,,0,10,,8299,100,,,0,60,,8300,100,,,0
9000,'Semaine-02',644,,8702,120,,,0,63,,8703,120,,,0
