100,'Dimanche-01',608,,5264,240,,,0,200,,5253,240,,,0,125,,5254,240,,,0,170,,5255,240,,,0,125,,5256,240,,,0,124,,5257,240,,,0,160,,5258,240,,,0,120,,5259,240,,,0,124,,5260,240,,,0,175,,5261,240,,,0,115,,5262,240,,,0,155,,5263,240,,,0
100,'Fête-1-01',608,,5276,240,,,0,200,,5265,240,,,0,125,,5266,240,,,0,170,,5267,240,,,0,125,,5268,240,,,0,124,,5269,240,,,0,160,,5270,240,,,0,120,,5271,240,,,0,124,,5272,240,,,0,175,,5273,240,,,0,115,,5274,240,,,0,155,,5275,240,,,0
100,'Fête-2-01',452,,5277,240,,,0,103,,5278,240,,,0,65,,5279,240,,,0,81,,5280,240,,,0,119,,5281,240,,,0,105,,5284,240,,,0,94,,5293,240,,,0,101,,5285,240,,,0,100,,5294,240,,,0,38,,5286,240,,,0,142,,5287,240,,,0,100,,5291,240,,,0,110,,5288,240,,,0,35,,5289,240,,,0,108,,5282,240,,,0,95,,5283,240,,,0,173,,5292,240,,,0,185,,5290,240,,,0
100,'Samedi-01',608,,5306,240,,,0,200,,5295,240,,,0,125,,5296,240,,,0,170,,5297,240,,,0,125,,5298,240,,,0,124,,5299,240,,,0,160,,5300,240,,,0,120,,5301,240,,,0,124,,5302,240,,,0,175,,5303,240,,,0,115,,5304,240,,,0,155,,5305,240,,,0
100,'Semaine-01',452,,5307,240,,,0,103,,5308,240,,,0,65,,5309,240,,,0,81,,5310,240,,,0,119,,5311,240,,,0,105,,5314,240,,,0,94,,5323,240,,,0,101,,5315,240,,,0,100,,5324,240,,,0,38,,5316,240,,,0,142,,5317,240,,,0,100,,5321,240,,,0,110,,5318,240,,,0,35,,5319,240,,,0,108,,5312,240,,,0,95,,5313,240,,,0,173,,5322,240,,,0,185,,5320,240,,,0
2000,'Dimanche-01',718,,5398,530,,,0,124,,5399,530,,,0,166,,5400,530,,,0,125,,5401,530,,,0,125,,5402,530,,,0,164,,5403,530,,,0,125,,5404,530,,,0,165,,5405,530,,,0
2000,'Fête-1-01',718,,5406,530,,,0,124,,5407,530,,,0,166,,5408,530,,,0,125,,5409,530,,,0,125,,5410,530,,,0,164,,5411,530,,,0,125,,5412,530,,,0,165,,5413,530,,,0
2000,'Fête-2-01',702,,5414,520,,,0,125,,5415,520,,,0,125,,5416,520,,,0,166,,5417,520,,,0,126,,5418,520,,,0,165,,5419,520,,,0,126,,5420,520,,,0,166,,5421,520,,,0,126,,5422,520,,,0
2000,'Samedi-01',718,,5423,530,,,0,124,,5424,530,,,0,166,,5425,530,,,0,125,,5426,530,,,0,125,,5427,530,,,0,164,,5428,530,,,0,125,,5429,530,,,0,165,,5430,530,,,0
2000,'Semaine-01',702,,5431,520,,,0,125,,5432,520,,,0,125,,5433,520,,,0,166,,5434,520,,,0,126,,5435,520,,,0,165,,5436,520,,,0,126,,5437,520,,,0,166,,5438,520,,,0,126,,5439,520,,,0
2000,'Semaine-01-0001100',1952,,5441,520,,,0,164,,5440,520,,,0
2800,'Fête-2-01',528,,5656,70,,,0,85,,5655,110,,,0,20,,5657,70,,,0
2800,'Semaine-01',528,,5666,70,,,0,85,,5665,110,,,0,16,,5667,70,,,0
