101,'Dimanche-01',745,,5325,360,,,0,206,,5326,360,,,0,171,,5327,360,,,0,133,,5328,360,,,0,167,,5329,360,,,0,120,,5330,360,,,0,160,,5331,360,,,0,120,,5332,360,,,0,117,,5333,360,,,0,174,,5334,360,,,0,114,,5335,360,,,0,113,,5336,360,,,0
101,'Fête-1-01',745,,5337,360,,,0,206,,5338,360,,,0,171,,5339,360,,,0,133,,5340,360,,,0,167,,5341,360,,,0,120,,5342,360,,,0,160,,5343,360,,,0,120,,5344,360,,,0,117,,5345,360,,,0,174,,5346,360,,,0,114,,5347,360,,,0,113,,5348,360,,,0
101,'Fête-2-01',644,,5349,360,,,0,101,,5358,360,,,0,70,,5360,360,,,0,90,,5361,360,,,0,111,,5362,360,,,0,105,,5363,360,,,0,95,,5365,360,,,0,104,,5364,360,,,0,106,,5366,360,,,0,81,,5350,360,,,0,103,,5351,360,,,0,96,,5352,360,,,0,107,,5353,360,,,0,34,,5354,360,,,0,103,,5355,360,,,0,83,,5356,360,,,0,173,,5357,360,,,0,135,,5359,360,,,0
101,'Samedi-01',745,,5367,360,,,0,206,,5368,360,,,0,171,,5369,360,,,0,133,,5370,360,,,0,167,,5371,360,,,0,120,,5372,360,,,0,160,,5373,360,,,0,120,,5374,360,,,0,117,,5375,360,,,0,174,,5376,360,,,0,114,,5377,360,,,0,113,,5378,360,,,0
101,'Semaine-01',639,,5397,230,,,0,5,,5379,360,,,0,101,,5388,360,,,0,70,,5390,360,,,0,90,,5391,360,,,0,111,,5392,360,,,0,105,,5393,360,,,0,95,,5395,360,,,0,104,,5394,360,,,0,106,,5396,360,,,0,81,,5380,360,,,0,103,,5381,360,,,0,96,,5382,360,,,0,107,,5383,360,,,0,34,,5384,360,,,0,103,,5385,360,,,0,83,,5386,360,,,0,173,,5387,360,,,0,135,,5389,360,,,0
3300,'Dimanche-01',555,,5934,270,,,0,82,,5932,270,,,0,91,,5943,270,,,0,81,,5953,270,,,0,43,,5955,270,,,0,93,,5956,270,,,0,80,,5957,270,,,0,80,,5958,270,,,0,40,,5959,270,,,0,80,,5935,270,,,0,80,,5936,270,,,0,39,,5937,270,,,0,80,,5938,270,,,0,80,,5939,270,,,0,39,,5940,270,,,0,79,,5941,270,,,0,79,,5942,270,,,0,39,,5944,270,,,0,79,,5945,270,,,0,40,,5946,270,,,0,87,,5947,270,,,0,85,,5948,270,,,0,85,,5949,270,,,0,87,,5950,270,,,0,46,,5951,270,,,0,83,,5952,270,,,0,88,,5933,270,,,0,83,,5954,270,,,0,119,,5960,270,0,8 6,0
3300,'Fête-1-01',615,,5963,270,,,0,41,,5961,270,,,0,82,,5972,270,,,0,82,,5982,270,,,0,82,,5984,270,,,0,44,,5985,270,,,0,81,,5986,270,,,0,82,,5987,270,,,0,42,,5988,270,,,0,82,,5964,270,,,0,82,,5965,270,,,0,42,,5966,270,,,0,82,,5967,270,,,0,82,,5968,270,,,0,82,,5969,270,,,0,42,,5970,270,,,0,82,,5971,270,,,0,85,,5973,270,,,0,39,,5974,270,,,0,82,,5975,270,,,0,82,,5976,270,,,0,39,,5977,270,,,0,81,,5978,270,,,0,81,,5979,270,,,0,42,,5980,270,,,0,83,,5981,270,,,0,86,,5983,270,,,0,86,,5962,270,,,0,113,,5989,270,0,8 6,0
3300,'Fête-2-01',623,,5990,270,,,0,80,,6018,270,,,0,41,,5999,270,,,0,80,,6009,270,,,0,80,,6012,270,,,0,40,,6013,270,,,0,80,,6014,270,,,0,82,,6015,270,,,0,41,,6016,270,,,0,83,,5991,270,,,0,83,,5992,270,,,0,43,,5993,270,,,0,82,,5994,270,,,0,83,,5995,270,,,0,86,,5996,270,,,0,45,,5997,270,,,0,85,,5998,270,,,0,84,,6000,270,,,0,82,,6001,270,,,0,43,,6002,270,,,0,82,,6003,270,,,0,80,,6004,270,,,0,40,,6005,270,,,0,79,,6006,270,,,0,80,,6007,270,,,0,40,,6008,270,,,0,80,,6010,270,,,0,80,,6011,270,,,0,96,,6017,220,0,8 6,0
3300,'Samedi-01',615,,6021,270,,,0,41,,6019,270,,,0,82,,6030,270,,,0,82,,6040,270,,,0,82,,6042,270,,,0,44,,6043,270,,,0,81,,6044,270,,,0,82,,6045,270,,,0,42,,6046,270,,,0,82,,6022,270,,,0,82,,6023,270,,,0,42,,6024,270,,,0,82,,6025,270,,,0,82,,6026,270,,,0,82,,6027,270,,,0,42,,6028,270,,,0,82,,6029,270,,,0,85,,6031,270,,,0,39,,6032,270,,,0,82,,6033,270,,,0,82,,6034,270,,,0,39,,6035,270,,,0,81,,6036,270,,,0,81,,6037,270,,,0,42,,6038,270,,,0,83,,6039,270,,,0,86,,6041,270,,,0,86,,6020,270,,,0,113,,6047,270,0,8 6,0
3300,'Semaine-01',623,,6048,270,,,0,80,,6076,270,,,0,41,,6057,270,,,0,80,,6067,270,,,0,80,,6070,270,,,0,40,,6071,270,,,0,80,,6072,270,,,0,82,,6073,270,,,0,41,,6074,270,,,0,83,,6049,270,,,0,83,,6050,270,,,0,43,,6051,270,,,0,82,,6052,270,,,0,83,,6053,270,,,0,86,,6054,270,,,0,45,,6055,270,,,0,85,,6056,270,,,0,84,,6058,270,,,0,82,,6059,270,,,0,43,,6060,270,,,0,82,,6061,270,,,0,80,,6062,270,,,0,40,,6063,270,,,0,79,,6064,270,,,0,80,,6065,270,,,0,40,,6066,270,,,0,80,,6068,270,,,0,80,,6069,270,,,0,96,,6075,220,0,8 6,0
14001,'Dimanche-01',827,,6231,60,,,0,114,,6232,60,,,0,115,,6233,60,,,0,155,,6234,60,,,0,115,,6235,60,,,0,115,,6236,60,,,0,160,,6237,60,,,0,120,,6230,60,,,0
14001,'Fête-1-01',827,,6240,60,,,0,114,,6241,60,,,0,115,,6242,60,,,0,155,,6243,60,,,0,115,,6244,60,,,0,115,,6245,60,,,0,160,,6246,60,,,0,120,,6239,60,,,0
14001,'Fête-2-01',737,,6259,520,4,,0,3,,6247,10,,,0,161,,6249,60,,,0,120,,6250,60,,,0,121,,6251,60,,,0,165,,6252,60,,,0,125,,6253,60,,,0,125,,6254,60,,,0,165,,6255,60,,,0,125,,6256,60,,,0,160,,6257,60,,,0,114,,6258,60,,,0
14001,'Samedi-01',827,,6262,60,,,0,114,,6263,60,,,0,115,,6264,60,,,0,155,,6265,60,,,0,115,,6266,60,,,0,115,,6267,60,,,0,160,,6268,60,,,0,120,,6261,60,,,0
14001,'Semaine-01',737,,6281,520,4,,0,3,,6269,10,,,0,161,,6271,60,,,0,120,,6272,60,,,0,121,,6273,60,,,0,165,,6274,60,,,0,125,,6275,60,,,0,125,,6276,60,,,0,165,,6277,60,,,0,125,,6278,60,,,0,160,,6279,60,,,0,114,,6280,60,,,0
