2500,'Fête-2-02',619,,8214,150,,,0,90,,8215,150,,,0,95,,8216,150,,,0
2500,'Semaine-02',619,,8220,150,,,0,90,,8221,150,,,0,95,,8222,150,,,0
2501,'Fête-2-02',1610,,8226,310,,,0,40,,8227,310,,,0,74,,8228,310,,,0,79,,8229,310,,,0,40,,8230,310,,,0,68,,8231,310,,,0
2501,'Semaine-02',1610,,8232,310,,,0,40,,8233,310,,,0,74,,8234,310,,,0,79,,8235,310,,,0,40,,8236,310,,,0,68,,8237,310,,,0
2600,'Fête-2-02',445,,8238,20,,,0
2600,'Semaine-02',445,,8240,20,,,0
2000002500,'Dimanche-02',536,,9868,140,,,0,87,,9870,190,,,0,78,,9871,190,,,0,35,,9872,190,,,0,68,,9873,190,,,0,34,,9874,190,,,0,78,,9875,190,,,0,37,,9876,190,,,0,76,,9877,190,,,0,72,,9878,190,,,0,45,,9879,190,,,0,85,,9880,190,,,0,95,,9881,190,,,0,23,,9882,190,,,0,62,,9883,190,,,0,45,,9884,190,,,0,80,,9885,190,,,0,80,,9886,190,,,0,40,,9887,190,,,0,75,,9888,190,,,0,81,,9889,190,,,0,39,,9890,190,,,0,80,,9891,190,,,0,70,,9892,190,,,0,35,,9893,190,,,0,75,,9894,190,,,0,35,,9895,190,,,0,75,,9896,190,,,0,35,,9897,190,,,0,70,,9898,190,,,0,75,,9899,190,,,0,35,,9900,190,,,0,76,,9901,190,,,0,102,,9869,190,,,0
2000002500,'Fête-1-02',523,,9934,140,,,0,26,,9903,190,,,0,76,,9919,190,,,0,83,,9904,190,,,0,27,,9920,190,,,0,77,,9905,190,,,0,40,,9921,190,,,0,80,,9906,190,,,0,70,,9922,190,,,0,40,,9907,190,,,0,80,,9923,190,,,0,37,,9908,190,,,0,70,,9902,190,,,0,73,,9909,190,,,0,41,,9924,190,,,0,78,,9910,190,,,0,86,,9925,190,,,0,45,,9911,190,,,0,79,,9926,190,,,0,71,,9912,190,,,0,34,,9927,190,,,0,84,,9913,190,,,0,80,,9928,190,,,0,44,,9914,190,,,0,80,,9929,190,,,0,90,,9915,190,,,0,41,,9930,190,,,0,76,,9916,190,,,0,76,,9931,190,,,0,32,,9917,190,,,0,72,,9932,190,,,0,111,,9918,190,,,0,96,,9933,190,,,0
2000002500,'Fête-2-02',556,,9936,140,,,0,76,,9937,190,,,0,80,,9938,190,,,0,40,,9935,190,,,0,80,,9939,190,,,0,80,,9940,190,,,0,40,,9941,190,,,0,80,,9942,190,,,0,81,,9943,190,,,0,42,,9944,190,,,0,83,,9945,190,,,0,83,,9946,190,,,0,83,,9947,190,,,0,42,,9948,190,,,0,82,,9949,190,,,0,85,,9950,190,,,0,45,,9951,190,,,0,86,,9952,190,,,0,85,,9953,190,,,0,85,,9954,190,,,0,42,,9955,190,,,0,82,,9956,190,,,0,79,,9957,190,,,0,40,,9958,190,,,0,80,,9959,190,,,0,80,,9960,190,,,0,40,,9961,190,,,0,80,,9962,190,,,0,20,,9963,190,,,0,70,,9964,190,,,0,82,,9965,190,,,0
2000002500,'Samedi-02',523,,9998,140,,,0,26,,9967,190,,,0,76,,9983,190,,,0,83,,9968,190,,,0,27,,9984,190,,,0,77,,9969,190,,,0,40,,9985,190,,,0,80,,9970,190,,,0,70,,9986,190,,,0,40,,9971,190,,,0,80,,9987,190,,,0,37,,9972,190,,,0,70,,9966,190,,,0,73,,9973,190,,,0,41,,9988,190,,,0,78,,9974,190,,,0,86,,9989,190,,,0,45,,9975,190,,,0,79,,9990,190,,,0,71,,9976,190,,,0,34,,9991,190,,,0,84,,9977,190,,,0,80,,9992,190,,,0,44,,9978,190,,,0,80,,9993,190,,,0,90,,9979,190,,,0,41,,9994,190,,,0,76,,9980,190,,,0,76,,9995,190,,,0,32,,9981,190,,,0,72,,9996,190,,,0,111,,9982,190,,,0,96,,9997,190,,,0
2000002500,'Semaine-02',556,,10000,140,,,0,76,,10001,190,,,0,80,,10002,190,,,0,40,,9999,190,,,0,80,,10003,190,,,0,80,,10004,190,,,0,40,,10005,190,,,0,80,,10006,190,,,0,81,,10007,190,,,0,42,,10008,190,,,0,83,,10009,190,,,0,83,,10010,190,,,0,83,,10011,190,,,0,42,,10012,190,,,0,82,,10013,190,,,0,85,,10014,190,,,0,45,,10015,190,,,0,86,,10016,190,,,0,85,,10017,190,,,0,85,,10018,190,,,0,42,,10019,190,,,0,82,,10020,190,,,0,79,,10021,190,,,0,40,,10022,190,,,0,80,,10023,190,,,0,80,,10024,190,,,0,40,,10025,190,,,0,80,,10026,190,,,0,20,,10027,190,,,0,70,,10028,190,,,0,82,,10029,190,,,0
