11100,'Dimanche-02',711,,8738,220,0,5 6,0,100,,8734,220,0,5 10,0,146,,8733,220,0,5 10,0,290,,8735,220,0,5 10,0,289,,8736,220,0,5 10,0,200,,8739,220,0,5 6,0,106,,8737,220,0,5 10,0,380,,8740,220,0,5 6,0
11100,'Fête-1-02',711,,8746,220,0,5 6,0,100,,8742,220,0,5 10,0,146,,8741,220,0,5 10,0,290,,8743,220,0,5 10,0,289,,8744,220,0,5 10,0,200,,8747,220,0,5 6,0,106,,8745,220,0,5 10,0,380,,8748,220,0,5 6,0
11100,'Fête-2-02',523,,8753,220,0,5 14,0,30,,8751,220,0,5 14,0,70,,8754,220,0,5 14,0,30,,8752,220,0,5 14,0,70,,8758,220,0,5 14,0,30,,8759,220,0,5 14,0,71,,8750,220,0,5 10,0,100,,8760,220,0,5 10,0,208,,8762,220,0,5 6,0,125,,8749,220,0,5 10,0,401,,8755,220,0,5 14,0,70,,8757,220,0,5 14,0,30,,8756,220,0,5 14,0,170,,8761,220,0,5 10,0
11100,'Samedi-02',711,,8768,220,0,5 6,0,100,,8764,220,0,5 10,0,146,,8763,220,0,5 10,0,290,,8765,220,0,5 10,0,289,,8766,220,0,5 10,0,200,,8769,220,0,5 6,0,106,,8767,220,0,5 10,0,380,,8770,220,0,5 6,0
11100,'Semaine-02',522,,8779,220,0,5 15,0,15,,8773,220,0,5 10,0,20,,8777,220,0,5 15,0,66,,8780,220,0,5 15,0,6,,8774,220,0,5 10,0,14,,8778,220,0,5 15,0,11,,8792,220,0,16 17,0,60,,8786,220,0,5 15,0,20,,8781,220,0,5 15,0,5,,8775,220,0,16 17,0,15,,8788,220,0,5 15,0,80,,8776,220,0,16 17,0,118,,8789,220,0,16 17,0,75,,8771,220,0,16 17,0,105,,8791,220,0,5 6,0,120,,8772,220,0,5 10,0,380,,8783,220,0,5 10,0,12,,8782,220,0,5 15,0,87,,8785,220,0,5 10,0,24,,8784,220,0,5 15,0,273,,8790,220,0,5 6,0,103,,8787,220,0,5 10,0
14001,'Dimanche-02',753,,8854,330,,,0,152,,8856,480,,,0,115,,8857,480,,,0,116,,8858,480,,,0,116,,8859,480,,,0,155,,8860,480,,,0,115,,8861,480,,,0,120,,8862,480,,,0,159,,8855,480,,,0
14001,'Fête-1-02',753,,8863,330,,,0,152,,8865,480,,,0,115,,8866,480,,,0,116,,8867,480,,,0,116,,8868,480,,,0,155,,8869,480,,,0,115,,8870,480,,,0,120,,8871,480,,,0,159,,8864,480,,,0
14001,'Fête-2-02',618,,8873,330,,,0,97,,8884,350,,,0,103,,8872,430,,,0,121,,8874,480,,,0,120,,8875,480,,,0,163,,8876,480,,,0,125,,8877,480,,,0,165,,8878,480,,,0,125,,8879,480,,,0,164,,8880,480,,,0,125,,8881,480,,,0,119,,8882,480,,,0,113,,8883,480,,,0
14001,'Samedi-02',753,,8885,330,,,0,152,,8887,480,,,0,115,,8888,480,,,0,116,,8889,480,,,0,116,,8890,480,,,0,155,,8891,480,,,0,115,,8892,480,,,0,120,,8893,480,,,0,159,,8886,480,,,0
14001,'Semaine-02',618,,8895,330,,,0,97,,8906,350,,,0,103,,8894,430,,,0,121,,8896,480,,,0,120,,8897,480,,,0,163,,8898,480,,,0,125,,8899,480,,,0,165,,8900,480,,,0,125,,8901,480,,,0,164,,8902,480,,,0,125,,8903,480,,,0,119,,8904,480,,,0,113,,8905,480,,,0
