100,'Dimanche-02',630,,7889,510,,,0,200,,7878,510,,,0,125,,7879,510,,,0,170,,7880,510,,,0,125,,7881,510,,,0,164,,7882,510,,,0,119,,7883,510,,,0,120,,7884,510,,,0,163,,7885,510,,,0,135,,7886,510,,,0,155,,7887,510,,,0,115,,7888,510,,,0
100,'Fête-1-02',630,,7901,510,,,0,200,,7890,510,,,0,125,,7891,510,,,0,170,,7892,510,,,0,125,,7893,510,,,0,164,,7894,510,,,0,119,,7895,510,,,0,120,,7896,510,,,0,163,,7897,510,,,0,135,,7898,510,,,0,155,,7899,510,,,0,115,,7900,510,,,0
100,'Fête-2-02',515,,7902,510,,,0,104,,7903,510,,,0,26,,7904,510,,,0,81,,7905,510,,,0,119,,7906,510,,,0,104,,7909,510,,,0,94,,7918,510,,,0,101,,7910,510,,,0,100,,7919,510,,,0,78,,7911,510,,,0,102,,7912,510,,,0,100,,7916,510,,,0,110,,7913,510,,,0,75,,7914,510,,,0,107,,7907,510,,,0,93,,7908,510,,,0,133,,7917,510,,,0,184,,7915,510,,,0
100,'Samedi-02',630,,7931,510,,,0,200,,7920,510,,,0,125,,7921,510,,,0,170,,7922,510,,,0,125,,7923,510,,,0,164,,7924,510,,,0,119,,7925,510,,,0,120,,7926,510,,,0,163,,7927,510,,,0,135,,7928,510,,,0,155,,7929,510,,,0,115,,7930,510,,,0
100,'Semaine-02',515,,7932,510,,,0,104,,7933,510,,,0,26,,7934,510,,,0,81,,7935,510,,,0,119,,7936,510,,,0,104,,7939,510,,,0,94,,7948,510,,,0,101,,7940,510,,,0,100,,7949,510,,,0,78,,7941,510,,,0,102,,7942,510,,,0,100,,7946,510,,,0,110,,7943,510,,,0,75,,7944,510,,,0,107,,7937,510,,,0,93,,7938,510,,,0,133,,7947,510,,,0,184,,7945,510,,,0
2300,'Fête-2-02',535,,8164,180,,,0,65,,8165,180,,,0,15,,8166,180,,,0,35,,8167,180,,,0,65,,8168,180,,,0,20,,8169,180,,,0,20,,8170,180,,,0,60,,8171,180,,,0
2300,'Semaine-02',535,,8172,180,,,0,65,,8173,180,,,0,15,,8174,180,,,0,35,,8175,180,,,0,65,,8176,180,,,0,20,,8177,180,,,0,20,,8178,180,,,0,60,,8179,180,,,0
2400,'Fête-2-02',626,,8194,120,,,0,79,,8195,120,,,0,40,,8197,120,,,0,80,,8198,120,,,0,80,,8196,120,,,0
2400,'Semaine-02',604,,8199,120,,,0,22,,8200,120,,,0,33,,8201,120,,,0,92,,8203,120,,,0,74,,8204,120,,,0,80,,8202,120,,,0
2600,'Fête-2-02',456,,8238,170,,,0
2600,'Semaine-02',456,,8240,170,,,0
2800,'Fête-2-02',507,,8284,40,,,0,20,,8283,40,,,0,15,,8281,280,,,0,65,,8289,40,,,0,20,,8280,320,,,0,20,,8282,280,,,0,60,,8285,40,,,0,20,,8286,40,,,0,20,,8287,40,,,0,60,,8288,40,,,0
2800,'Semaine-02',507,,8294,40,,,0,20,,8293,40,,,0,15,,8291,280,,,0,15,,8305,40,,,0,50,,8301,40,,,0,10,,8302,40,,,0,10,,8290,320,,,0,8,,8303,40,,,0,8,,8292,280,,,0,8,,8306,40,,,0,8,,8304,40,,,0,48,,8295,40,,,0,10,,8296,40,,,0,11,,8297,40,,,0,9,,8298,40,,,0,10,,8299,40,,,0,60,,8300,40,,,0
9000,'Semaine-02',640,,8702,60,,,0,63,,8703,60,,,0
