101,'Dimanche-02',746,,7950,370,,,0,206,,7951,370,,,0,171,,7952,370,,,0,133,,7953,370,,,0,167,,7954,370,,,0,120,,7955,370,,,0,160,,7956,370,,,0,120,,7957,370,,,0,117,,7958,370,,,0,174,,7959,370,,,0,114,,7960,370,,,0,113,,7961,370,,,0
101,'Fête-1-02',746,,7962,370,,,0,206,,7963,370,,,0,171,,7964,370,,,0,133,,7965,370,,,0,167,,7966,370,,,0,120,,7967,370,,,0,160,,7968,370,,,0,120,,7969,370,,,0,117,,7970,370,,,0,174,,7971,370,,,0,114,,7972,370,,,0,113,,7973,370,,,0
101,'Fête-2-02',645,,7974,370,,,0,101,,7983,370,,,0,70,,7985,370,,,0,90,,7986,370,,,0,111,,7987,370,,,0,105,,7988,370,,,0,95,,7990,370,,,0,104,,7989,370,,,0,106,,7991,370,,,0,81,,7975,370,,,0,103,,7976,370,,,0,96,,7977,370,,,0,107,,7978,370,,,0,34,,7979,370,,,0,103,,7980,370,,,0,83,,7981,370,,,0,173,,7982,370,,,0,135,,7984,370,,,0
101,'Samedi-02',746,,7992,370,,,0,206,,7993,370,,,0,171,,7994,370,,,0,133,,7995,370,,,0,167,,7996,370,,,0,120,,7997,370,,,0,160,,7998,370,,,0,120,,7999,370,,,0,117,,8000,370,,,0,174,,8001,370,,,0,114,,8002,370,,,0,113,,8003,370,,,0
101,'Semaine-02',640,,8022,240,,,0,5,,8004,370,,,0,101,,8013,370,,,0,70,,8015,370,,,0,90,,8016,370,,,0,111,,8017,370,,,0,105,,8018,370,,,0,95,,8020,370,,,0,104,,8019,370,,,0,106,,8021,370,,,0,81,,8005,370,,,0,103,,8006,370,,,0,96,,8007,370,,,0,107,,8008,370,,,0,34,,8009,370,,,0,103,,8010,370,,,0,83,,8011,370,,,0,173,,8012,370,,,0,135,,8014,370,,,0
3300,'Dimanche-02',557,,8559,280,,,0,82,,8557,280,,,0,91,,8568,280,,,0,81,,8578,280,,,0,43,,8580,280,,,0,93,,8581,280,,,0,80,,8582,280,,,0,80,,8583,280,,,0,40,,8584,280,,,0,80,,8560,280,,,0,80,,8561,280,,,0,39,,8562,280,,,0,80,,8563,280,,,0,80,,8564,280,,,0,39,,8565,280,,,0,79,,8566,280,,,0,79,,8567,280,,,0,39,,8569,280,,,0,79,,8570,280,,,0,80,,8571,280,,,0,47,,8572,280,,,0,85,,8573,280,,,0,85,,8574,280,,,0,87,,8575,280,,,0,46,,8576,280,,,0,83,,8577,280,,,0,88,,8558,280,,,0,83,,8579,280,,,0,119,,8585,280,0,8 6,0
3300,'Fête-1-02',617,,8588,280,,,0,41,,8586,280,,,0,82,,8597,280,,,0,82,,8607,280,,,0,82,,8609,280,,,0,44,,8610,280,,,0,81,,8611,280,,,0,82,,8612,280,,,0,42,,8613,280,,,0,82,,8589,280,,,0,82,,8590,280,,,0,42,,8591,280,,,0,82,,8592,280,,,0,82,,8593,280,,,0,82,,8594,280,,,0,42,,8595,280,,,0,82,,8596,280,,,0,85,,8598,280,,,0,39,,8599,280,,,0,82,,8600,280,,,0,82,,8601,280,,,0,39,,8602,280,,,0,81,,8603,280,,,0,81,,8604,280,,,0,82,,8605,280,,,0,43,,8606,280,,,0,86,,8608,280,,,0,86,,8587,280,,,0,113,,8614,280,0,8 6,0
3300,'Fête-2-02',624,,8615,280,,,0,80,,8643,280,,,0,41,,8624,280,,,0,80,,8634,280,,,0,80,,8637,280,,,0,40,,8638,280,,,0,80,,8639,280,,,0,82,,8640,280,,,0,41,,8641,280,,,0,83,,8616,280,,,0,83,,8617,280,,,0,43,,8618,280,,,0,83,,8619,280,,,0,83,,8620,280,,,0,86,,8621,280,,,0,45,,8622,280,,,0,85,,8623,280,,,0,84,,8625,280,,,0,81,,8626,280,,,0,43,,8627,280,,,0,82,,8628,280,,,0,80,,8629,280,,,0,40,,8630,280,,,0,79,,8631,280,,,0,80,,8632,280,,,0,40,,8633,280,,,0,80,,8635,280,,,0,80,,8636,280,,,0,96,,8642,230,0,8 6,0
3300,'Samedi-02',617,,8646,280,,,0,41,,8644,280,,,0,82,,8655,280,,,0,82,,8665,280,,,0,82,,8667,280,,,0,44,,8668,280,,,0,81,,8669,280,,,0,82,,8670,280,,,0,42,,8671,280,,,0,82,,8647,280,,,0,82,,8648,280,,,0,42,,8649,280,,,0,82,,8650,280,,,0,82,,8651,280,,,0,82,,8652,280,,,0,42,,8653,280,,,0,82,,8654,280,,,0,85,,8656,280,,,0,39,,8657,280,,,0,82,,8658,280,,,0,82,,8659,280,,,0,39,,8660,280,,,0,81,,8661,280,,,0,81,,8662,280,,,0,82,,8663,280,,,0,43,,8664,280,,,0,86,,8666,280,,,0,86,,8645,280,,,0,113,,8672,280,0,8 6,0
3300,'Semaine-02',624,,8673,280,,,0,80,,8701,280,,,0,41,,8682,280,,,0,80,,8692,280,,,0,80,,8695,280,,,0,40,,8696,280,,,0,80,,8697,280,,,0,82,,8698,280,,,0,41,,8699,280,,,0,83,,8674,280,,,0,83,,8675,280,,,0,43,,8676,280,,,0,83,,8677,280,,,0,83,,8678,280,,,0,86,,8679,280,,,0,45,,8680,280,,,0,85,,8681,280,,,0,84,,8683,280,,,0,81,,8684,280,,,0,43,,8685,280,,,0,82,,8686,280,,,0,80,,8687,280,,,0,40,,8688,280,,,0,79,,8689,280,,,0,80,,8690,280,,,0,40,,8691,280,,,0,80,,8693,280,,,0,80,,8694,280,,,0,96,,8700,230,0,8 6,0
