101,'Dimanche-01',800,,5325,580,,,0,206,,5326,580,,,0,131,,5327,580,,,0,173,,5328,580,,,0,127,,5329,580,,,0,120,,5330,580,,,0,160,,5331,580,,,0,120,,5332,580,,,0,117,,5333,580,,,0,174,,5334,580,,,0,114,,5335,580,,,0,113,,5336,580,,,0
101,'Fête-1-01',800,,5337,580,,,0,206,,5338,580,,,0,131,,5339,580,,,0,173,,5340,580,,,0,127,,5341,580,,,0,120,,5342,580,,,0,160,,5343,580,,,0,120,,5344,580,,,0,117,,5345,580,,,0,174,,5346,580,,,0,114,,5347,580,,,0,113,,5348,580,,,0
101,'Fête-2-01',700,,5349,580,,,0,101,,5358,580,,,0,30,,5360,580,,,0,90,,5361,580,,,0,110,,5362,580,,,0,105,,5363,580,,,0,95,,5365,580,,,0,105,,5364,580,,,0,106,,5366,580,,,0,81,,5350,580,,,0,105,,5351,580,,,0,96,,5352,580,,,0,105,,5353,580,,,0,74,,5354,580,,,0,103,,5355,580,,,0,43,,5356,580,,,0,173,,5357,580,,,0,134,,5359,580,,,0
101,'Samedi-01',800,,5367,580,,,0,206,,5368,580,,,0,131,,5369,580,,,0,173,,5370,580,,,0,127,,5371,580,,,0,120,,5372,580,,,0,160,,5373,580,,,0,120,,5374,580,,,0,117,,5375,580,,,0,174,,5376,580,,,0,114,,5377,580,,,0,113,,5378,580,,,0
101,'Semaine-01',655,,5397,450,,,0,45,,5379,580,,,0,101,,5388,580,,,0,30,,5390,580,,,0,90,,5391,580,,,0,110,,5392,580,,,0,105,,5393,580,,,0,95,,5395,580,,,0,105,,5394,580,,,0,106,,5396,580,,,0,81,,5380,580,,,0,105,,5381,580,,,0,96,,5382,580,,,0,105,,5383,580,,,0,74,,5384,580,,,0,103,,5385,580,,,0,43,,5386,580,,,0,173,,5387,580,,,0,134,,5389,580,,,0
2001,'Dimanche-01',733,,5442,80,,,0,11,,5442,320,,,0,113,,5443,80,,,0,51,,5443,320,,,0,115,,5444,80,,,0,11,,5444,320,,,0,114,,5445,80,,,0,11,,5445,320,,,0,154,,5446,80,,,0,11,,5446,320,,,0,114,,5447,80,,,0,12,,5447,320,,,0,153,,5448,80,,,0,12,,5448,320,,,0,113,,5449,80,,,0,12,,5449,320,,,0
2001,'Fête-1-01',733,,5450,80,,,0,11,,5450,320,,,0,113,,5451,80,,,0,51,,5451,320,,,0,115,,5452,80,,,0,11,,5452,320,,,0,114,,5453,80,,,0,11,,5453,320,,,0,154,,5454,80,,,0,11,,5454,320,,,0,114,,5455,80,,,0,12,,5455,320,,,0,153,,5456,80,,,0,12,,5456,320,,,0,113,,5457,80,,,0,12,,5457,320,,,0
2001,'Fête-2-01',718,,5458,80,,,0,12,,5458,320,,,0,113,,5459,80,,,0,13,,5459,320,,,0,152,,5460,80,,,0,12,,5460,320,,,0,114,,5461,80,,,0,12,,5461,320,,,0,154,,5462,80,,,0,12,,5462,320,,,0,113,,5463,80,,,0,12,,5463,320,,,0,114,,5464,80,,,0,52,,5464,320,,,0,114,,5465,80,,,0,12,,5465,320,,,0,114,,5466,80,,,0,11,,5466,320,,,0
2001,'Samedi-01',733,,5467,80,,,0,11,,5467,320,,,0,113,,5468,80,,,0,51,,5468,320,,,0,115,,5469,80,,,0,11,,5469,320,,,0,114,,5470,80,,,0,11,,5470,320,,,0,154,,5471,80,,,0,11,,5471,320,,,0,114,,5472,80,,,0,12,,5472,320,,,0,153,,5473,80,,,0,12,,5473,320,,,0,113,,5474,80,,,0,12,,5474,320,,,0
2001,'Semaine-01',718,,5475,80,,,0,12,,5475,320,,,0,113,,5476,80,,,0,13,,5476,320,,,0,152,,5477,80,,,0,12,,5477,320,,,0,114,,5478,80,,,0,12,,5478,320,,,0,154,,5479,80,,,0,12,,5479,320,,,0,113,,5480,80,,,0,12,,5480,320,,,0,114,,5481,80,,,0,52,,5481,320,,,0,114,,5482,80,,,0,12,,5482,320,,,0,114,,5483,80,,,0,11,,5483,320,,,0
2001,'Semaine-01-0001100',2006,,5485,80,,,0,11,,5485,320,,,0,113,,5484,80,,,0,11,,5484,320,,,0
2801,'Fête-2-01',1707,,5683,470,0,23,0,44,,5682,470,,,0,68,,5684,470,0,23,0
2801,'Semaine-01',1707,,5695,470,0,23,0,44,,5694,470,,,0,68,,5696,470,0,23,0
