100,'Dimanche-01',701,,5264,780,4,,0,201,,5253,780,4,,0,129,,5254,780,4,,0,171,,5255,780,4,,0,125,,5256,780,4,,0,123,,5257,780,4,,0,157,,5258,780,4,,0,120,,5259,780,4,,0,123,,5260,780,4,,0,175,,5261,780,4,,0,115,,5262,780,4,,0,115,,5263,780,4,,0
100,'Fête-1-01',701,,5276,780,4,,0,201,,5265,780,4,,0,129,,5266,780,4,,0,171,,5267,780,4,,0,125,,5268,780,4,,0,123,,5269,780,4,,0,157,,5270,780,4,,0,120,,5271,780,4,,0,123,,5272,780,4,,0,175,,5273,780,4,,0,115,,5274,780,4,,0,115,,5275,780,4,,0
100,'Fête-2-01',549,,5277,780,4,,0,106,,5278,780,4,,0,68,,5279,780,4,,0,84,,5280,780,4,,0,115,,5281,780,4,,0,103,,5284,780,4,,0,92,,5293,780,4,,0,103,,5285,780,4,,0,105,,5294,780,4,,0,78,,5286,780,4,,0,101,,5287,780,4,,0,100,,5291,780,4,,0,110,,5288,780,4,,0,34,,5289,780,4,,0,103,,5282,780,4,,0,92,,5283,780,4,,0,171,,5292,780,4,,0,142,,5290,780,4,,0
100,'Samedi-01',701,,5306,780,4,,0,201,,5295,780,4,,0,129,,5296,780,4,,0,171,,5297,780,4,,0,125,,5298,780,4,,0,123,,5299,780,4,,0,157,,5300,780,4,,0,120,,5301,780,4,,0,123,,5302,780,4,,0,175,,5303,780,4,,0,115,,5304,780,4,,0,115,,5305,780,4,,0
100,'Semaine-01',549,,5307,780,4,,0,106,,5308,780,4,,0,68,,5309,780,4,,0,84,,5310,780,4,,0,115,,5311,780,4,,0,103,,5314,780,4,,0,92,,5323,780,4,,0,103,,5315,780,4,,0,105,,5324,780,4,,0,78,,5316,780,4,,0,101,,5317,780,4,,0,100,,5321,780,4,,0,110,,5318,780,4,,0,34,,5319,780,4,,0,103,,5312,780,4,,0,92,,5313,780,4,,0,171,,5322,780,4,,0,142,,5320,780,4,,0
2100,'Fête-2-01',607,,5486,420,4,,0,30,,5487,420,4,,0,73,,5488,420,4,,0,37,,5489,420,4,,0,70,,5490,420,4,,0,36,,5491,420,4,,0
2100,'Semaine-01',607,,5492,420,4,,0,30,,5493,420,4,,0,73,,5494,420,4,,0,37,,5495,420,4,,0,70,,5496,420,4,,0,36,,5497,420,4,,0
2300,'Fête-2-01',608,,5539,460,4,,0,27,,5540,460,4,,0,17,,5541,460,4,,0,75,,5542,460,4,,0,26,,5543,460,4,,0,61,,5544,460,4,,0,20,,5545,460,4,,0,20,,5546,460,4,,0
2300,'Semaine-01',608,,5547,460,4,,0,27,,5548,460,4,,0,17,,5549,460,4,,0,75,,5550,460,4,,0,26,,5551,460,4,,0,61,,5552,460,4,,0,20,,5553,460,4,,0,20,,5554,460,4,,0
2500,'Fête-2-01',624,,5592,440,4,,0,34,,5589,460,4,,0,61,,5593,440,4,,0,29,,5590,460,4,,0,66,,5594,440,4,,0,29,,5591,460,4,,0
2500,'Semaine-01',624,,5598,440,4,,0,34,,5595,460,4,,0,61,,5599,440,4,,0,29,,5596,460,4,,0,66,,5600,440,4,,0,29,,5597,460,4,,0
2600,'Fête-2-01',521,,5613,410,4,,0,16,,5614,420,4,,0
2600,'Semaine-01',521,,5615,410,4,,0,16,,5616,420,4,,0
3100,'Dimanche-01',741,,5744,500,4,,0,260,,5745,500,4,,0,238,,5743,500,4,,0,163,,5736,500,4,,0,120,,5737,500,4,,0,118,,5738,500,4,,0,118,,5739,500,4,,0,159,,5740,500,4,,0,127,,5741,500,4,,0,260,,5735,500,4,,0,213,,5742,500,4,,0
3100,'Fête-1-01',630,,5747,500,4,,0,83,,5758,500,4,,0,206,,5759,500,4,,0,125,,5756,500,4,,0,164,,5746,500,4,,0,124,,5757,500,4,,0,124,,5748,500,4,,0,164,,5749,500,4,,0,124,,5750,500,4,,0,164,,5751,500,4,,0,124,,5752,500,4,,0,26,,5753,500,4,,0,256,,5754,500,4,,0,213,,5755,500,4,,0
3100,'Fête-2-01',644,,5784,500,4,,0,80,,5760,500,4,,0,82,,5770,500,4,,0,41,,5785,500,4,,0,80,,5779,500,4,,0,80,,5780,500,4,,0,37,,5781,500,4,,0,79,,5787,500,4,,0,84,,5782,500,4,,0,43,,5783,500,4,,0,83,,5761,500,4,,0,83,,5762,500,4,,0,42,,5763,500,4,,0,84,,5764,500,4,,0,84,,5765,500,4,,0,85,,5766,500,4,,0,46,,5767,500,4,,0,82,,5768,500,4,,0,84,,5769,500,4,,0,82,,5771,500,4,,0,42,,5772,500,4,,0,79,,5773,500,4,,0,80,,5774,500,4,,0,37,,5775,500,4,,0,80,,5776,500,4,,0,80,,5777,500,4,,0,40,,5778,500,4,,0
3100,'Samedi-01',630,,5789,500,4,,0,83,,5800,500,4,,0,206,,5801,500,4,,0,125,,5798,500,4,,0,164,,5788,500,4,,0,124,,5799,500,4,,0,124,,5790,500,4,,0,164,,5791,500,4,,0,124,,5792,500,4,,0,164,,5793,500,4,,0,124,,5794,500,4,,0,26,,5795,500,4,,0,256,,5796,500,4,,0,213,,5797,500,4,,0
3100,'Semaine-01',644,,5826,500,4,,0,80,,5802,500,4,,0,82,,5812,500,4,,0,41,,5827,500,4,,0,80,,5821,500,4,,0,80,,5822,500,4,,0,37,,5823,500,4,,0,79,,5829,500,4,,0,84,,5824,500,4,,0,43,,5825,500,4,,0,83,,5803,500,4,,0,83,,5804,500,4,,0,42,,5805,500,4,,0,84,,5806,500,4,,0,84,,5807,500,4,,0,85,,5808,500,4,,0,46,,5809,500,4,,0,82,,5810,500,4,,0,84,,5811,500,4,,0,82,,5813,500,4,,0,42,,5814,500,4,,0,79,,5815,500,4,,0,80,,5816,500,4,,0,37,,5817,500,4,,0,80,,5818,500,4,,0,80,,5819,500,4,,0,40,,5820,500,4,,0
3200,'Dimanche-01',637,,5830,510,4,,0,214,,5835,510,4,,0,263,,5838,510,4,,0,192,,5839,510,4,,0,119,,5831,510,4,,0,122,,5841,510,4,,0,160,,5832,510,4,,0,119,,5834,510,4,,0,118,,5833,510,4,,0,212,,5836,510,4,,0,256,,5837,510,4,,0
3200,'Fête-1-01',608,,5842,390,4,,0,141,,5848,510,4,,0,77,,5843,510,4,,0,120,,5851,510,4,,0,163,,5852,510,4,,0,124,,5853,510,4,,0,124,,5844,510,4,,0,164,,5855,510,4,,0,124,,5845,510,4,,0,168,,5846,510,4,,0,120,,5847,510,4,,0,273,,5849,510,4,,0,216,,5850,510,4,,0
3200,'Fête-2-01',708,,5881,510,4,,0,42,,5856,510,4,,0,80,,5884,510,4,,0,80,,5867,510,4,,0,40,,5875,510,4,,0,77,,5876,510,4,,0,81,,5877,510,4,,0,41,,5878,510,4,,0,83,,5879,510,4,,0,83,,5880,510,4,,0,43,,5857,510,4,,0,82,,5858,510,4,,0,84,,5859,510,4,,0,86,,5883,510,4,,0,17,,5860,160,4,,0,28,,5861,510,4,,0,58,,5885,160,4,,0,24,,5862,510,4,,0,20,,5886,160,4,,0,65,,5863,510,4,,0,84,,5864,510,4,,0,40,,5865,510,4,,0,83,,5866,510,4,,0,80,,5868,510,4,,0,40,,5869,510,4,,0,80,,5870,510,4,,0,80,,5871,510,4,,0,40,,5872,510,4,,0,80,,5873,510,4,,0,80,,5874,510,4,,0
3200,'Samedi-01',608,,5887,390,4,,0,141,,5893,510,4,,0,77,,5888,510,4,,0,120,,5896,510,4,,0,163,,5897,510,4,,0,124,,5898,510,4,,0,124,,5889,510,4,,0,164,,5900,510,4,,0,124,,5890,510,4,,0,168,,5891,510,4,,0,120,,5892,510,4,,0,273,,5894,510,4,,0,216,,5895,510,4,,0
3200,'Semaine-01',708,,5926,510,4,,0,42,,5901,510,4,,0,80,,5929,510,4,,0,80,,5912,510,4,,0,40,,5920,510,4,,0,77,,5921,510,4,,0,81,,5922,510,4,,0,41,,5923,510,4,,0,83,,5924,510,4,,0,83,,5925,510,4,,0,43,,5902,510,4,,0,82,,5903,510,4,,0,84,,5904,510,4,,0,86,,5928,510,4,,0,17,,5905,160,4,,0,28,,5906,510,4,,0,58,,5930,160,4,,0,24,,5907,510,4,,0,20,,5931,160,4,,0,65,,5908,510,4,,0,84,,5909,510,4,,0,40,,5910,510,4,,0,83,,5911,510,4,,0,80,,5913,510,4,,0,40,,5914,510,4,,0,80,,5915,510,4,,0,80,,5916,510,4,,0,40,,5917,510,4,,0,80,,5918,510,4,,0,80,,5919,510,4,,0
9800,'Fête-2-01',709,,6094,300,4,,0,102,,6082,400,4,,0,104,,6086,400,4,,0,105,,6087,400,4,,0,506,,6088,400,4,,0,105,,6089,400,4,,0,105,,6090,400,4,,0,104,,6091,400,4,,0,102,,6092,400,4,,0,97,,6093,400,4,,0,94,,6083,400,4,,0,90,,6084,400,4,,0
9800,'Semaine-01',709,,6107,300,4,,0,102,,6095,400,4,,0,104,,6099,400,4,,0,105,,6100,400,4,,0,506,,6101,400,4,,0,105,,6102,400,4,,0,105,,6103,400,4,,0,104,,6104,400,4,,0,102,,6105,400,4,,0,97,,6106,400,4,,0,94,,6096,400,4,,0,90,,6097,400,4,,0
11100,'Dimanche-01',847,,6109,530,4,,0,187,,6108,530,4,,0,291,,6110,530,4,,0,290,,6111,530,4,,0,305,,6112,530,4,,0
11100,'Fête-1-01',847,,6117,530,4,,0,187,,6116,530,4,,0,291,,6118,530,4,,0,290,,6119,530,4,,0,305,,6120,530,4,,0
11100,'Fête-2-01',606,,6128,530,4,,0,30,,6126,530,4,,0,70,,6129,530,4,,0,30,,6127,530,4,,0,70,,6133,530,4,,0,30,,6134,530,4,,0,69,,6125,530,4,,0,100,,6135,530,4,,0,330,,6124,530,4,,0,396,,6130,530,4,,0,70,,6132,530,4,,0,30,,6131,530,4,,0,170,,6136,530,4,,0
11100,'Samedi-01',847,,6139,530,4,,0,187,,6138,530,4,,0,291,,6140,530,4,,0,290,,6141,530,4,,0,305,,6142,530,4,,0
11100,'Semaine-01',612,,6148,530,4,,0,98,,6149,530,4,,0,110,,6150,530,4,,0,95,,6151,530,4,,0,114,,6164,530,4,,0,76,,6146,530,4,,0,225,,6147,530,4,,0,380,,6158,530,4,,0,97,,6160,530,4,,0,395,,6162,460,4,,0
