101,'Dimanche-01',718,,5325,80,,,0,205,,5326,80,,,0,130,,5327,80,,,0,171,,5328,80,,,0,125,,5329,80,,,0,160,,5330,80,,,0,120,,5331,80,,,0,120,,5332,80,,,0,159,,5333,80,,,0,135,,5334,80,,,0,115,,5335,80,,,0,155,,5336,80,,,0
101,'Fête-1-01',718,,5337,80,,,0,205,,5338,80,,,0,130,,5339,80,,,0,171,,5340,80,,,0,125,,5341,80,,,0,160,,5342,80,,,0,120,,5343,80,,,0,120,,5344,80,,,0,159,,5345,80,,,0,135,,5346,80,,,0,115,,5347,80,,,0,155,,5348,80,,,0
101,'Fête-2-01',614,,5349,80,,,0,100,,5358,80,,,0,30,,5360,80,,,0,90,,5361,80,,,0,111,,5362,80,,,0,105,,5363,80,,,0,95,,5365,80,,,0,100,,5364,80,,,0,106,,5366,80,,,0,80,,5350,80,,,0,100,,5351,80,,,0,100,,5352,80,,,0,109,,5353,80,,,0,75,,5354,80,,,0,104,,5355,80,,,0,84,,5356,80,,,0,135,,5357,80,,,0,175,,5359,80,,,0
101,'Samedi-01',718,,5367,80,,,0,205,,5368,80,,,0,130,,5369,80,,,0,171,,5370,80,,,0,125,,5371,80,,,0,160,,5372,80,,,0,120,,5373,80,,,0,120,,5374,80,,,0,159,,5375,80,,,0,135,,5376,80,,,0,115,,5377,80,,,0,155,,5378,80,,,0
101,'Semaine-01',614,,5379,80,,,0,100,,5388,80,,,0,30,,5390,80,,,0,90,,5391,80,,,0,111,,5392,80,,,0,105,,5393,80,,,0,95,,5395,80,,,0,100,,5394,80,,,0,106,,5396,80,,,0,80,,5380,80,,,0,100,,5381,80,,,0,100,,5382,80,,,0,109,,5383,80,,,0,75,,5384,80,,,0,104,,5385,80,,,0,84,,5386,80,,,0,135,,5387,80,,,0,175,,5389,80,,,0
2101,'Fête-2-01',646,,5503,80,0,5 6,0,79,,5504,80,0,5 6,0,81,,5505,80,0,5 6,0,796,,5498,80,,,0,30,,5499,80,,,0,69,,5500,80,,,0,30,,5501,80,,,0,70,,5502,80,,,0
2101,'Semaine-01',646,,5512,80,0,5 6,0,79,,5513,80,0,5 6,0,81,,5514,80,0,5 6,0,796,,5506,80,,,0,23,,5507,80,,,0,26,,5508,80,,,0,65,,5509,80,,,0,25,,5510,80,,,0,68,,5511,80,,,0
2301,'Fête-2-01',1535,,5555,80,,,0,65,,5556,80,,,0,30,,5557,80,,,0,70,,5558,80,,,0,30,,5559,80,,,0,29,,5560,80,,,0,70,,5561,80,,,0
2301,'Semaine-01',1535,,5562,80,,,0,65,,5563,80,,,0,30,,5564,80,,,0,70,,5565,80,,,0,30,,5566,80,,,0,29,,5567,80,,,0,70,,5568,80,,,0
2501,'Fête-2-01',1540,,5601,80,,,0,80,,5602,80,,,0,34,,5603,80,,,0,80,,5604,80,,,0,80,,5605,80,,,0,29,,5606,80,,,0
2501,'Semaine-01',1540,,5607,80,,,0,80,,5608,80,,,0,34,,5609,80,,,0,80,,5610,80,,,0,80,,5611,80,,,0,29,,5612,80,,,0
3100,'Dimanche-01',652,,5744,80,,,0,256,,5745,80,,,0,238,,5743,80,,,0,163,,5736,80,,,0,120,,5737,80,,,0,118,,5738,80,,,0,158,,5739,80,,,0,119,,5740,80,,,0,127,,5741,80,,,0,261,,5735,80,,,0,215,,5742,80,,,0
3100,'Fête-1-01',541,,5747,80,,,0,83,,5758,80,,,0,202,,5759,80,,,0,125,,5756,80,,,0,164,,5746,80,,,0,124,,5757,80,,,0,164,,5748,80,,,0,124,,5749,80,,,0,124,,5750,80,,,0,164,,5751,80,,,0,124,,5752,80,,,0,67,,5753,80,,,0,216,,5754,80,,,0,215,,5755,80,,,0
3100,'Fête-2-01',547,,5784,80,,,0,80,,5760,80,,,0,80,,5770,80,,,0,40,,5785,80,,,0,80,,5779,80,,,0,80,,5780,80,,,0,40,,5781,80,,,0,81,,5787,80,,,0,81,,5782,80,,,0,43,,5783,80,,,0,83,,5761,80,,,0,83,,5762,80,,,0,82,,5763,80,,,0,42,,5764,80,,,0,84,,5765,80,,,0,85,,5766,80,,,0,45,,5767,80,,,0,86,,5768,80,,,0,85,,5769,80,,,0,84,,5771,80,,,0,42,,5772,80,,,0,80,,5773,80,,,0,80,,5774,80,,,0,40,,5775,80,,,0,80,,5776,80,,,0,80,,5777,80,,,0,41,,5778,80,,,0,161,,5786,80,0,5 6,0
3100,'Samedi-01',541,,5789,80,,,0,83,,5800,80,,,0,202,,5801,80,,,0,125,,5798,80,,,0,164,,5788,80,,,0,124,,5799,80,,,0,164,,5790,80,,,0,124,,5791,80,,,0,124,,5792,80,,,0,164,,5793,80,,,0,124,,5794,80,,,0,67,,5795,80,,,0,216,,5796,80,,,0,215,,5797,80,,,0
3100,'Semaine-01',547,,5826,80,,,0,80,,5802,80,,,0,80,,5812,80,,,0,40,,5827,80,,,0,80,,5821,80,,,0,80,,5822,80,,,0,40,,5823,80,,,0,81,,5829,80,,,0,81,,5824,80,,,0,43,,5825,80,,,0,83,,5803,80,,,0,83,,5804,80,,,0,82,,5805,80,,,0,42,,5806,80,,,0,84,,5807,80,,,0,85,,5808,80,,,0,45,,5809,80,,,0,86,,5810,80,,,0,85,,5811,80,,,0,84,,5813,80,,,0,42,,5814,80,,,0,80,,5815,80,,,0,80,,5816,80,,,0,40,,5817,80,,,0,80,,5818,80,,,0,80,,5819,80,,,0,41,,5820,80,,,0,161,,5828,80,0,5 6,0
3200,'Dimanche-01',542,,5830,80,,,0,214,,5835,80,,,0,263,,5838,80,,,0,192,,5839,80,,,0,119,,5831,80,,,0,122,,5841,80,,,0,160,,5832,80,,,0,119,,5834,80,,,0,118,,5833,80,,,0,255,,5836,80,,,0,216,,5837,80,,,0,213,,5840,80,0,6,0
3200,'Fête-1-01',654,,5848,80,,,0,77,,5843,80,,,0,120,,5851,80,,,0,163,,5852,80,,,0,124,,5853,80,,,0,164,,5844,80,,,0,124,,5855,80,,,0,124,,5845,80,,,0,168,,5846,80,,,0,120,,5847,80,,,0,276,,5849,80,,,0,216,,5850,80,,,0,211,,5854,80,0,6,0
3200,'Fête-2-01',612,,5881,80,,,0,38,,5856,80,,,0,79,,5884,80,,,0,79,,5867,80,,,0,40,,5875,80,,,0,82,,5876,80,,,0,81,,5877,80,,,0,41,,5878,80,,,0,83,,5879,80,,,0,83,,5880,80,,,0,83,,5857,80,,,0,42,,5858,80,,,0,81,,5859,80,,,0,84,,5883,80,,,0,45,,5861,80,,,0,85,,5862,80,,,0,86,,5863,80,,,0,86,,5864,80,,,0,42,,5865,80,,,0,84,,5866,80,,,0,81,,5868,80,,,0,40,,5869,80,,,0,80,,5870,80,,,0,80,,5871,80,,,0,40,,5872,80,,,0,83,,5873,80,,,0,80,,5874,80,,,0,112,,5882,80,0,6,0
3200,'Samedi-01',654,,5893,80,,,0,77,,5888,80,,,0,120,,5896,80,,,0,163,,5897,80,,,0,124,,5898,80,,,0,164,,5889,80,,,0,124,,5900,80,,,0,124,,5890,80,,,0,168,,5891,80,,,0,120,,5892,80,,,0,276,,5894,80,,,0,216,,5895,80,,,0,211,,5899,80,0,6,0
3200,'Semaine-01',612,,5926,80,,,0,38,,5901,80,,,0,79,,5929,80,,,0,79,,5912,80,,,0,40,,5920,80,,,0,82,,5921,80,,,0,81,,5922,80,,,0,41,,5923,80,,,0,83,,5924,80,,,0,83,,5925,80,,,0,83,,5902,80,,,0,42,,5903,80,,,0,81,,5904,80,,,0,84,,5928,80,,,0,45,,5906,80,,,0,85,,5907,80,,,0,86,,5908,80,,,0,86,,5909,80,,,0,42,,5910,80,,,0,84,,5911,80,,,0,81,,5913,80,,,0,40,,5914,80,,,0,80,,5915,80,,,0,80,,5916,80,,,0,40,,5917,80,,,0,83,,5918,80,,,0,80,,5919,80,,,0,112,,5927,80,0,6,0
9800,'Fête-2-01',724,,6082,80,,,0,103,,6086,80,,,0,105,,6087,80,,,0,506,,6088,80,,,0,105,,6089,80,,,0,105,,6090,80,,,0,104,,6091,80,,,0,105,,6092,80,,,0,98,,6093,80,,,0,100,,6083,80,,,0,90,,6084,80,,,0,90,,6085,80,,,0
9800,'Semaine-01',724,,6095,80,,,0,103,,6099,80,,,0,105,,6100,80,,,0,506,,6101,80,,,0,105,,6102,80,,,0,105,,6103,80,,,0,104,,6104,80,,,0,105,,6105,80,,,0,98,,6106,80,,,0,100,,6096,80,,,0,90,,6097,80,,,0,90,,6098,80,,,0
11101,'Dimanche-01',901,,6169,80,,,0,147,,6168,80,,,0,295,,6170,80,,,0,289,,6171,80,,,0,303,,6172,80,,,0
11101,'Fête-1-01',901,,6177,80,,,0,147,,6176,80,,,0,295,,6178,80,,,0,289,,6179,80,,,0,303,,6180,80,,,0
11101,'Fête-2-01',708,,6192,90,,,0,100,,6195,90,,,0,100,,6196,90,,,0,14,,6194,80,,,0,232,,6198,80,,,0,200,,6184,80,,,0,189,,6185,90,,,0,70,,6187,90,,,0,30,,6188,90,,,0,70,,6189,90,,,0,30,,6190,90,,,0,70,,6191,90,,,0,30,,6193,90,,,0,70,,6186,90,,,0,110,,6197,80,,,0
11101,'Samedi-01',901,,6201,80,,,0,147,,6200,80,,,0,295,,6202,80,,,0,289,,6203,80,,,0,303,,6204,80,,,0
11101,'Semaine-01',632,,6217,80,,,0,95,,6224,80,,,0,130,,6225,80,,,0,95,,6222,80,,,0,192,,6227,80,,,0,265,,6208,90,,,0,120,,6211,90,,,0,110,,6219,90,,,0,110,,6220,90,,,0,94,,6221,90,,,0,75,,6210,90,,,0,305,,6223,80,,,0
