2100,'Fête-2-01',538,,5486,210,,,0,70,,5487,210,,,0,30,,5488,210,,,0,75,,5489,210,,,0,30,,5490,210,,,0,75,,5491,210,,,0
2100,'Semaine-01',538,,5492,210,,,0,70,,5493,210,,,0,30,,5494,210,,,0,75,,5495,210,,,0,30,,5496,210,,,0,75,,5497,210,,,0
2101,'Fête-2-01',1635,,5498,360,,,0,70,,5499,360,,,0,29,,5500,360,,,0,69,,5501,360,,,0,30,,5502,360,,,0
2101,'Semaine-01',1635,,5506,360,,,0,23,,5507,360,,,0,66,,5508,360,,,0,24,,5509,360,,,0,65,,5510,360,,,0,28,,5511,360,,,0
2201,'Fête-2-01',1640,,5527,220,,,0,65,,5531,220,,,0,25,,5528,220,,,0,25,,5532,220,,,0,65,,5530,220,,,0,23,,5529,220,,,0
2201,'Semaine-01',1640,,5533,220,,,0,65,,5537,220,,,0,25,,5534,220,,,0,25,,5538,220,,,0,65,,5536,220,,,0,23,,5535,220,,,0
3200,'Dimanche-01',609,,5830,300,,,0,214,,5835,300,,,0,223,,5838,300,,,0,192,,5839,300,,,0,119,,5831,300,,,0,162,,5841,300,,,0,120,,5832,300,,,0,119,,5834,300,,,0,158,,5833,300,,,0,215,,5836,300,,,0,216,,5837,300,,,0,253,,5840,300,0,6,0
3200,'Fête-1-01',540,,5842,180,,,0,181,,5848,300,,,0,37,,5843,300,,,0,160,,5851,300,,,0,123,,5852,300,,,0,164,,5853,300,,,0,124,,5844,300,,,0,124,,5855,300,,,0,164,,5845,300,,,0,128,,5846,300,,,0,160,,5847,300,,,0,236,,5849,300,,,0,216,,5850,300,,,0,247,,5854,300,0,6,0
3200,'Fête-2-01',636,,5881,300,,,0,80,,5856,300,,,0,40,,5884,300,,,0,80,,5867,300,,,0,80,,5875,300,,,0,41,,5876,300,,,0,81,,5877,300,,,0,81,,5878,300,,,0,83,,5879,300,,,0,43,,5880,300,,,0,83,,5857,300,,,0,82,,5858,300,,,0,42,,5859,300,,,0,85,,5883,300,,,0,85,,5861,300,,,0,85,,5862,300,,,0,45,,5863,300,,,0,85,,5864,300,,,0,82,,5865,300,,,0,83,,5866,300,,,0,41,,5868,300,,,0,80,,5869,300,,,0,80,,5870,300,,,0,40,,5871,300,,,0,80,,5872,300,,,0,80,,5873,300,,,0,40,,5874,300,,,0
3200,'Samedi-01',540,,5887,180,,,0,181,,5893,300,,,0,37,,5888,300,,,0,160,,5896,300,,,0,123,,5897,300,,,0,164,,5898,300,,,0,124,,5889,300,,,0,124,,5900,300,,,0,164,,5890,300,,,0,128,,5891,300,,,0,160,,5892,300,,,0,236,,5894,300,,,0,216,,5895,300,,,0,247,,5899,300,0,6,0
3200,'Semaine-01',636,,5926,300,,,0,80,,5901,300,,,0,40,,5929,300,,,0,80,,5912,300,,,0,80,,5920,300,,,0,41,,5921,300,,,0,81,,5922,300,,,0,81,,5923,300,,,0,83,,5924,300,,,0,43,,5925,300,,,0,83,,5902,300,,,0,82,,5903,300,,,0,42,,5904,300,,,0,85,,5928,300,,,0,85,,5906,300,,,0,85,,5907,300,,,0,45,,5908,300,,,0,85,,5909,300,,,0,82,,5910,300,,,0,83,,5911,300,,,0,41,,5913,300,,,0,80,,5914,300,,,0,80,,5915,300,,,0,40,,5916,300,,,0,80,,5917,300,,,0,80,,5918,300,,,0,40,,5919,300,,,0
11100,'Dimanche-01',721,,6113,320,0,5 6,0,100,,6109,320,0,5 10,0,187,,6108,320,0,5 10,0,251,,6110,320,0,5 10,0,289,,6111,320,0,5 10,0,198,,6114,320,0,5 6,0,107,,6112,320,0,5 10,0,379,,6115,320,0,5 6,0
11100,'Fête-1-01',721,,6121,320,0,5 6,0,100,,6117,320,0,5 10,0,187,,6116,320,0,5 10,0,251,,6118,320,0,5 10,0,289,,6119,320,0,5 10,0,198,,6122,320,0,5 6,0,107,,6120,320,0,5 10,0,379,,6123,320,0,5 6,0
11100,'Fête-2-01',533,,6128,320,0,5 14,0,70,,6126,320,0,5 14,0,30,,6129,320,0,5 14,0,70,,6127,320,0,5 14,0,30,,6133,320,0,5 14,0,70,,6134,320,0,5 14,0,33,,6125,320,0,5 10,0,100,,6135,320,0,5 10,0,207,,6137,320,0,5 6,0,165,,6124,320,0,5 10,0,400,,6130,320,0,5 14,0,30,,6132,320,0,5 14,0,70,,6131,320,0,5 14,0,130,,6136,320,0,5 10,0
11100,'Samedi-01',721,,6143,320,0,5 6,0,100,,6139,320,0,5 10,0,187,,6138,320,0,5 10,0,251,,6140,320,0,5 10,0,289,,6141,320,0,5 10,0,198,,6144,320,0,5 6,0,107,,6142,320,0,5 10,0,379,,6145,320,0,5 6,0
11100,'Semaine-01',533,,6154,320,0,5 15,0,15,,6148,320,0,5 10,0,60,,6152,320,0,5 15,0,27,,6155,320,0,5 15,0,6,,6149,320,0,5 10,0,14,,6153,320,0,5 15,0,51,,6167,320,0,16 17,0,20,,6161,320,0,5 15,0,20,,6156,320,0,5 15,0,5,,6150,320,0,16 17,0,55,,6163,320,0,5 15,0,40,,6151,320,0,16 17,0,157,,6164,320,0,16 17,0,35,,6146,320,0,16 17,0,105,,6166,320,0,5 6,0,160,,6147,320,0,5 10,0,341,,6158,320,0,5 10,0,6,,6157,250,0,5 15,0,91,,6160,320,0,5 10,0,61,,6159,250,0,5 15,0,233,,6165,250,0,5 6,0,103,,6162,250,0,5 10,0
