100,'Dimanche-02',652,,7889,710,4,,0,200,,7878,710,4,,0,169,,7879,710,4,,0,131,,7880,710,4,,0,165,,7881,710,4,,0,123,,7882,710,4,,0,118,,7883,710,4,,0,160,,7884,710,4,,0,122,,7885,710,4,,0,175,,7886,710,4,,0,115,,7887,710,4,,0,115,,7888,710,4,,0
100,'Fête-1-02',652,,7901,710,4,,0,200,,7890,710,4,,0,169,,7891,710,4,,0,131,,7892,710,4,,0,165,,7893,710,4,,0,123,,7894,710,4,,0,118,,7895,710,4,,0,160,,7896,710,4,,0,122,,7897,710,4,,0,175,,7898,710,4,,0,115,,7899,710,4,,0,115,,7900,710,4,,0
100,'Fête-2-02',541,,7902,710,4,,0,105,,7903,710,4,,0,68,,7904,710,4,,0,43,,7905,710,4,,0,156,,7906,710,4,,0,103,,7909,710,4,,0,92,,7918,710,4,,0,103,,7910,710,4,,0,104,,7919,710,4,,0,38,,7911,710,4,,0,101,,7912,710,4,,0,100,,7916,710,4,,0,150,,7913,710,4,,0,34,,7914,710,4,,0,103,,7907,710,4,,0,92,,7908,710,4,,0,171,,7917,710,4,,0,143,,7915,710,4,,0
100,'Samedi-02',652,,7931,710,4,,0,200,,7920,710,4,,0,169,,7921,710,4,,0,131,,7922,710,4,,0,165,,7923,710,4,,0,123,,7924,710,4,,0,118,,7925,710,4,,0,160,,7926,710,4,,0,122,,7927,710,4,,0,175,,7928,710,4,,0,115,,7929,710,4,,0,115,,7930,710,4,,0
100,'Semaine-02',541,,7932,710,4,,0,105,,7933,710,4,,0,68,,7934,710,4,,0,43,,7935,710,4,,0,156,,7936,710,4,,0,103,,7939,710,4,,0,92,,7948,710,4,,0,103,,7940,710,4,,0,104,,7949,710,4,,0,38,,7941,710,4,,0,101,,7942,710,4,,0,100,,7946,710,4,,0,150,,7943,710,4,,0,34,,7944,710,4,,0,103,,7937,710,4,,0,92,,7938,710,4,,0,171,,7947,710,4,,0,143,,7945,710,4,,0
2100,'Fête-2-02',558,,8111,350,4,,0,70,,8112,350,4,,0,73,,8113,350,4,,0,37,,8114,350,4,,0,70,,8115,350,4,,0,36,,8116,350,4,,0
2100,'Semaine-02',558,,8117,350,4,,0,70,,8118,350,4,,0,73,,8119,350,4,,0,37,,8120,350,4,,0,70,,8121,350,4,,0,36,,8122,350,4,,0
2300,'Fête-2-02',559,,8164,390,4,,0,66,,8165,390,4,,0,17,,8166,390,4,,0,75,,8167,390,4,,0,26,,8168,390,4,,0,61,,8169,390,4,,0,21,,8170,390,4,,0,20,,8171,390,4,,0
2300,'Semaine-02',559,,8172,390,4,,0,66,,8173,390,4,,0,17,,8174,390,4,,0,75,,8175,390,4,,0,26,,8176,390,4,,0,61,,8177,390,4,,0,21,,8178,390,4,,0,20,,8179,390,4,,0
2500,'Fête-2-02',617,,8217,370,4,,0,34,,8214,390,4,,0,61,,8218,370,4,,0,29,,8215,390,4,,0,66,,8219,370,4,,0,29,,8216,390,4,,0
2500,'Semaine-02',617,,8223,370,4,,0,34,,8220,390,4,,0,61,,8224,370,4,,0,29,,8221,390,4,,0,66,,8225,370,4,,0,29,,8222,390,4,,0
2600,'Fête-2-02',513,,8238,340,4,,0,17,,8239,350,4,,0
2600,'Semaine-02',513,,8240,340,4,,0,17,,8241,350,4,,0
3100,'Dimanche-02',734,,8369,430,4,,0,218,,8370,430,4,,0,278,,8368,430,4,,0,123,,8361,430,4,,0,160,,8362,430,4,,0,118,,8363,430,4,,0,118,,8364,430,4,,0,159,,8365,430,4,,0,127,,8366,430,4,,0,221,,8360,430,4,,0,254,,8367,430,4,,0
3100,'Fête-1-02',623,,8372,430,4,,0,83,,8383,430,4,,0,204,,8384,430,4,,0,125,,8381,430,4,,0,124,,8371,430,4,,0,164,,8382,430,4,,0,124,,8373,430,4,,0,164,,8374,430,4,,0,124,,8375,430,4,,0,124,,8376,430,4,,0,164,,8377,430,4,,0,27,,8378,430,4,,0,256,,8379,430,4,,0,214,,8380,430,4,,0
3100,'Fête-2-02',636,,8409,430,4,,0,80,,8385,430,4,,0,42,,8395,430,4,,0,80,,8410,430,4,,0,80,,8404,430,4,,0,40,,8405,430,4,,0,77,,8406,430,4,,0,79,,8412,430,4,,0,44,,8407,430,4,,0,83,,8408,430,4,,0,83,,8386,430,4,,0,83,,8387,430,4,,0,42,,8388,430,4,,0,84,,8389,430,4,,0,84,,8390,430,4,,0,85,,8391,430,4,,0,46,,8392,430,4,,0,83,,8393,430,4,,0,84,,8394,430,4,,0,42,,8396,430,4,,0,82,,8397,430,4,,0,79,,8398,430,4,,0,40,,8399,430,4,,0,78,,8400,430,4,,0,80,,8401,430,4,,0,40,,8402,430,4,,0,80,,8403,430,4,,0
3100,'Samedi-02',623,,8414,430,4,,0,83,,8425,430,4,,0,204,,8426,430,4,,0,125,,8423,430,4,,0,124,,8413,430,4,,0,164,,8424,430,4,,0,124,,8415,430,4,,0,164,,8416,430,4,,0,124,,8417,430,4,,0,124,,8418,430,4,,0,164,,8419,430,4,,0,27,,8420,430,4,,0,256,,8421,430,4,,0,214,,8422,430,4,,0
3100,'Semaine-02',636,,8451,430,4,,0,80,,8427,430,4,,0,42,,8437,430,4,,0,80,,8452,430,4,,0,80,,8446,430,4,,0,40,,8447,430,4,,0,77,,8448,430,4,,0,79,,8454,430,4,,0,44,,8449,430,4,,0,83,,8450,430,4,,0,83,,8428,430,4,,0,83,,8429,430,4,,0,42,,8430,430,4,,0,84,,8431,430,4,,0,84,,8432,430,4,,0,85,,8433,430,4,,0,46,,8434,430,4,,0,83,,8435,430,4,,0,84,,8436,430,4,,0,42,,8438,430,4,,0,82,,8439,430,4,,0,79,,8440,430,4,,0,40,,8441,430,4,,0,78,,8442,430,4,,0,80,,8443,430,4,,0,40,,8444,430,4,,0,80,,8445,430,4,,0
3200,'Dimanche-02',628,,8455,440,4,,0,214,,8460,440,4,,0,263,,8463,440,4,,0,152,,8464,440,4,,0,159,,8456,440,4,,0,122,,8466,440,4,,0,120,,8457,440,4,,0,159,,8459,440,4,,0,118,,8458,440,4,,0,214,,8461,440,4,,0,256,,8462,440,4,,0
3200,'Fête-1-02',559,,8467,320,4,,0,181,,8473,440,4,,0,77,,8468,440,4,,0,120,,8476,440,4,,0,163,,8477,440,4,,0,124,,8478,440,4,,0,124,,8469,440,4,,0,164,,8480,440,4,,0,124,,8470,440,4,,0,168,,8471,440,4,,0,120,,8472,440,4,,0,235,,8474,440,4,,0,256,,8475,440,4,,0
3200,'Fête-2-02',700,,8506,440,4,,0,41,,8481,440,4,,0,80,,8509,440,4,,0,80,,8492,440,4,,0,40,,8500,440,4,,0,77,,8501,440,4,,0,41,,8502,440,4,,0,81,,8503,440,4,,0,83,,8504,440,4,,0,83,,8505,440,4,,0,43,,8482,440,4,,0,82,,8483,440,4,,0,83,,8484,440,4,,0,86,,8508,440,4,,0,18,,8485,90,4,,0,27,,8486,440,4,,0,59,,8510,90,4,,0,24,,8487,440,4,,0,20,,8511,90,4,,0,65,,8488,440,4,,0,44,,8489,440,4,,0,82,,8490,440,4,,0,83,,8491,440,4,,0,80,,8493,440,4,,0,40,,8494,440,4,,0,80,,8495,440,4,,0,80,,8496,440,4,,0,40,,8497,440,4,,0,80,,8498,440,4,,0,80,,8499,440,4,,0
3200,'Samedi-02',559,,8512,320,4,,0,181,,8518,440,4,,0,77,,8513,440,4,,0,120,,8521,440,4,,0,163,,8522,440,4,,0,124,,8523,440,4,,0,124,,8514,440,4,,0,164,,8525,440,4,,0,124,,8515,440,4,,0,168,,8516,440,4,,0,120,,8517,440,4,,0,235,,8519,440,4,,0,256,,8520,440,4,,0
3200,'Semaine-02',700,,8551,440,4,,0,41,,8526,440,4,,0,80,,8554,440,4,,0,80,,8537,440,4,,0,40,,8545,440,4,,0,77,,8546,440,4,,0,41,,8547,440,4,,0,81,,8548,440,4,,0,83,,8549,440,4,,0,83,,8550,440,4,,0,43,,8527,440,4,,0,82,,8528,440,4,,0,83,,8529,440,4,,0,86,,8553,440,4,,0,18,,8530,90,4,,0,27,,8531,440,4,,0,59,,8555,90,4,,0,24,,8532,440,4,,0,20,,8556,90,4,,0,65,,8533,440,4,,0,44,,8534,440,4,,0,82,,8535,440,4,,0,83,,8536,440,4,,0,80,,8538,440,4,,0,40,,8539,440,4,,0,80,,8540,440,4,,0,80,,8541,440,4,,0,40,,8542,440,4,,0,80,,8543,440,4,,0,80,,8544,440,4,,0
9800,'Fête-2-02',702,,8719,230,4,,0,102,,8707,330,4,,0,104,,8711,330,4,,0,105,,8712,330,4,,0,506,,8713,330,4,,0,105,,8714,330,4,,0,105,,8715,330,4,,0,105,,8716,330,4,,0,102,,8717,330,4,,0,97,,8718,330,4,,0,95,,8708,330,4,,0,90,,8709,330,4,,0
9800,'Semaine-02',702,,8732,230,4,,0,102,,8720,330,4,,0,104,,8724,330,4,,0,105,,8725,330,4,,0,506,,8726,330,4,,0,105,,8727,330,4,,0,105,,8728,330,4,,0,105,,8729,330,4,,0,102,,8730,330,4,,0,97,,8731,330,4,,0,95,,8721,330,4,,0,90,,8722,330,4,,0
11100,'Dimanche-02',839,,8734,460,4,,0,187,,8733,460,4,,0,291,,8735,460,4,,0,289,,8736,460,4,,0,305,,8737,460,4,,0
11100,'Fête-1-02',839,,8742,460,4,,0,187,,8741,460,4,,0,291,,8743,460,4,,0,289,,8744,460,4,,0,305,,8745,460,4,,0
11100,'Fête-2-02',557,,8753,460,4,,0,70,,8751,460,4,,0,30,,8754,460,4,,0,70,,8752,460,4,,0,30,,8758,460,4,,0,70,,8759,460,4,,0,29,,8750,460,4,,0,100,,8760,460,4,,0,370,,8749,460,4,,0,396,,8755,460,4,,0,30,,8757,460,4,,0,70,,8756,460,4,,0,130,,8761,460,4,,0
11100,'Samedi-02',839,,8764,460,4,,0,187,,8763,460,4,,0,291,,8765,460,4,,0,289,,8766,460,4,,0,305,,8767,460,4,,0
11100,'Semaine-02',605,,8773,460,4,,0,96,,8774,460,4,,0,110,,8775,460,4,,0,95,,8776,460,4,,0,114,,8789,460,4,,0,36,,8771,460,4,,0,265,,8772,460,4,,0,380,,8783,460,4,,0,57,,8785,460,4,,0,396,,8787,390,4,,0
