2400,'Fête-2-02',621,,8194,30,,,0,79,,8195,30,,,0,40,,8197,30,,,0,80,,8198,30,,,0,80,,8196,30,,,0
2400,'Semaine-02',559,,8199,30,,,0,62,,8200,30,,,0,33,,8201,30,,,0,92,,8203,30,,,0,74,,8204,30,,,0,80,,8202,30,,,0
2501,'Fête-2-02',1616,,8226,370,,,0,40,,8227,370,,,0,73,,8228,370,,,0,79,,8229,370,,,0,40,,8230,370,,,0,68,,8231,370,,,0
2501,'Semaine-02',1616,,8232,370,,,0,40,,8233,370,,,0,73,,8234,370,,,0,79,,8235,370,,,0,40,,8236,370,,,0,68,,8237,370,,,0
2600,'Fête-2-02',449,,8238,80,,,0
2600,'Semaine-02',449,,8240,80,,,0
2000002500,'Dimanche-02',540,,9868,220,,,0,87,,9870,270,,,0,78,,9871,270,,,0,35,,9872,270,,,0,68,,9873,270,,,0,34,,9874,270,,,0,78,,9875,270,,,0,37,,9876,270,,,0,76,,9877,270,,,0,72,,9878,270,,,0,45,,9879,270,,,0,85,,9880,270,,,0,95,,9881,270,,,0,23,,9882,270,,,0,62,,9883,270,,,0,85,,9884,270,,,0,40,,9885,270,,,0,80,,9886,270,,,0,80,,9887,270,,,0,35,,9888,270,,,0,81,,9889,270,,,0,39,,9890,270,,,0,80,,9891,270,,,0,70,,9892,270,,,0,35,,9893,270,,,0,75,,9894,270,,,0,35,,9895,270,,,0,75,,9896,270,,,0,75,,9897,270,,,0,30,,9898,270,,,0,75,,9899,270,,,0,35,,9900,270,,,0,76,,9901,270,,,0
2000002500,'Fête-1-02',527,,9934,220,,,0,26,,9903,270,,,0,76,,9919,270,,,0,83,,9904,270,,,0,27,,9920,270,,,0,77,,9905,270,,,0,40,,9921,270,,,0,80,,9906,270,,,0,70,,9922,270,,,0,40,,9907,270,,,0,80,,9923,270,,,0,77,,9908,270,,,0,30,,9902,270,,,0,73,,9909,270,,,0,41,,9924,270,,,0,78,,9910,270,,,0,86,,9925,270,,,0,45,,9911,270,,,0,79,,9926,270,,,0,71,,9912,270,,,0,34,,9927,270,,,0,84,,9913,270,,,0,80,,9928,270,,,0,44,,9914,270,,,0,80,,9929,270,,,0,90,,9915,270,,,0,41,,9930,270,,,0,76,,9916,270,,,0,76,,9931,270,,,0,32,,9917,270,,,0,72,,9932,270,,,0,111,,9918,270,,,0
2000002500,'Fête-2-02',600,,9936,220,,,0,36,,9937,270,,,0,80,,9938,270,,,0,40,,9935,270,,,0,80,,9939,270,,,0,80,,9940,270,,,0,40,,9941,270,,,0,80,,9942,270,,,0,81,,9943,270,,,0,42,,9944,270,,,0,83,,9945,270,,,0,83,,9946,270,,,0,83,,9947,270,,,0,42,,9948,270,,,0,82,,9949,270,,,0,85,,9950,270,,,0,85,,9951,270,,,0,46,,9952,270,,,0,85,,9953,270,,,0,85,,9954,270,,,0,82,,9955,270,,,0,42,,9956,270,,,0,79,,9957,270,,,0,80,,9958,270,,,0,40,,9959,270,,,0,80,,9960,270,,,0,80,,9961,270,,,0,40,,9962,270,,,0,60,,9963,270,,,0,30,,9964,270,,,0,82,,9965,270,,,0
2000002500,'Samedi-02',527,,9998,220,,,0,26,,9967,270,,,0,76,,9983,270,,,0,83,,9968,270,,,0,27,,9984,270,,,0,77,,9969,270,,,0,40,,9985,270,,,0,80,,9970,270,,,0,70,,9986,270,,,0,40,,9971,270,,,0,80,,9987,270,,,0,77,,9972,270,,,0,30,,9966,270,,,0,73,,9973,270,,,0,41,,9988,270,,,0,78,,9974,270,,,0,86,,9989,270,,,0,45,,9975,270,,,0,79,,9990,270,,,0,71,,9976,270,,,0,34,,9991,270,,,0,84,,9977,270,,,0,80,,9992,270,,,0,44,,9978,270,,,0,80,,9993,270,,,0,90,,9979,270,,,0,41,,9994,270,,,0,76,,9980,270,,,0,76,,9995,270,,,0,32,,9981,270,,,0,72,,9996,270,,,0,111,,9982,270,,,0
2000002500,'Semaine-02',600,,10000,220,,,0,36,,10001,270,,,0,80,,10002,270,,,0,40,,9999,270,,,0,80,,10003,270,,,0,80,,10004,270,,,0,40,,10005,270,,,0,80,,10006,270,,,0,81,,10007,270,,,0,42,,10008,270,,,0,83,,10009,270,,,0,83,,10010,270,,,0,83,,10011,270,,,0,42,,10012,270,,,0,82,,10013,270,,,0,85,,10014,270,,,0,85,,10015,270,,,0,46,,10016,270,,,0,85,,10017,270,,,0,85,,10018,270,,,0,82,,10019,270,,,0,42,,10020,270,,,0,79,,10021,270,,,0,80,,10022,270,,,0,40,,10023,270,,,0,80,,10024,270,,,0,80,,10025,270,,,0,40,,10026,270,,,0,60,,10027,270,,,0,30,,10028,270,,,0,82,,10029,270,,,0
