100,'Dimanche-01',635,,5264,590,,,0,200,,5253,590,,,0,167,,5254,590,,,0,130,,5255,590,,,0,125,,5256,590,,,0,163,,5257,590,,,0,118,,5258,590,,,0,120,,5259,590,,,0,163,,5260,590,,,0,135,,5261,590,,,0,155,,5262,590,,,0,115,,5263,590,,,0
100,'Fête-1-01',635,,5276,590,,,0,200,,5265,590,,,0,167,,5266,590,,,0,130,,5267,590,,,0,125,,5268,590,,,0,163,,5269,590,,,0,118,,5270,590,,,0,120,,5271,590,,,0,163,,5272,590,,,0,135,,5273,590,,,0,155,,5274,590,,,0,115,,5275,590,,,0
100,'Fête-2-01',522,,5277,590,,,0,104,,5278,590,,,0,26,,5279,590,,,0,82,,5280,590,,,0,118,,5281,590,,,0,104,,5284,590,,,0,94,,5293,590,,,0,101,,5285,590,,,0,101,,5294,590,,,0,78,,5286,590,,,0,102,,5287,590,,,0,100,,5291,590,,,0,110,,5288,590,,,0,75,,5289,590,,,0,105,,5282,590,,,0,92,,5283,590,,,0,132,,5292,590,,,0,184,,5290,590,,,0
100,'Samedi-01',635,,5306,590,,,0,200,,5295,590,,,0,167,,5296,590,,,0,130,,5297,590,,,0,125,,5298,590,,,0,163,,5299,590,,,0,118,,5300,590,,,0,120,,5301,590,,,0,163,,5302,590,,,0,135,,5303,590,,,0,155,,5304,590,,,0,115,,5305,590,,,0
100,'Semaine-01',522,,5307,590,,,0,104,,5308,590,,,0,26,,5309,590,,,0,82,,5310,590,,,0,118,,5311,590,,,0,104,,5314,590,,,0,94,,5323,590,,,0,101,,5315,590,,,0,101,,5324,590,,,0,78,,5316,590,,,0,102,,5317,590,,,0,100,,5321,590,,,0,110,,5318,590,,,0,75,,5319,590,,,0,105,,5312,590,,,0,92,,5313,590,,,0,132,,5322,590,,,0,184,,5320,590,,,0
2600,'Fête-2-01',501,,5613,230,,,0,16,,5614,240,,,0
2600,'Semaine-01',501,,5615,230,,,0,16,,5616,240,,,0
2800,'Fête-2-01',512,,5659,120,,,0,20,,5658,120,,,0,15,,5656,360,,,0,65,,5664,120,,,0,20,,5655,400,,,0,20,,5657,360,,,0,61,,5660,120,,,0,20,,5661,120,,,0,20,,5662,120,,,0,60,,5663,120,,,0
2800,'Semaine-01',512,,5669,120,,,0,20,,5668,120,,,0,15,,5666,360,,,0,55,,5680,120,,,0,10,,5676,120,,,0,10,,5677,120,,,0,10,,5665,400,,,0,8,,5678,120,,,0,8,,5667,360,,,0,8,,5681,120,,,0,49,,5679,120,,,0,8,,5670,120,,,0,10,,5671,120,,,0,11,,5672,120,,,0,9,,5673,120,,,0,10,,5674,120,,,0,60,,5675,120,,,0
3300,'Dimanche-01',610,,5934,500,,,0,42,,5932,500,,,0,91,,5943,500,,,0,81,,5953,500,,,0,83,,5955,500,,,0,93,,5956,500,,,0,40,,5957,500,,,0,80,,5958,500,,,0,80,,5959,500,,,0,40,,5935,500,,,0,80,,5936,500,,,0,39,,5937,500,,,0,80,,5938,500,,,0,80,,5939,500,,,0,39,,5940,500,,,0,79,,5941,500,,,0,79,,5942,500,,,0,39,,5944,500,,,0,79,,5945,500,,,0,80,,5946,500,,,0,87,,5947,500,,,0,45,,5948,500,,,0,85,,5949,500,,,0,87,,5950,500,,,0,86,,5951,500,,,0,43,,5952,500,,,0,88,,5933,500,,,0,83,,5954,500,,,0
3300,'Fête-1-01',630,,5963,500,,,0,81,,5961,500,,,0,42,,5972,500,,,0,82,,5982,500,,,0,82,,5984,500,,,0,84,,5985,500,,,0,41,,5986,500,,,0,82,,5987,500,,,0,82,,5988,500,,,0,42,,5964,500,,,0,82,,5965,500,,,0,82,,5966,500,,,0,42,,5967,500,,,0,82,,5968,500,,,0,82,,5969,500,,,0,82,,5970,500,,,0,42,,5971,500,,,0,85,,5973,500,,,0,79,,5974,500,,,0,42,,5975,500,,,0,82,,5976,500,,,0,79,,5977,500,,,0,41,,5978,500,,,0,81,,5979,500,,,0,82,,5980,500,,,0,43,,5981,500,,,0,86,,5983,500,,,0,86,,5962,500,,,0
3300,'Fête-2-01',637,,5990,500,,,0,80,,6018,500,,,0,41,,5999,500,,,0,80,,6009,500,,,0,80,,6012,500,,,0,40,,6013,500,,,0,80,,6014,500,,,0,82,,6015,500,,,0,81,,6016,500,,,0,43,,5991,500,,,0,83,,5992,500,,,0,83,,5993,500,,,0,43,,5994,500,,,0,84,,5995,500,,,0,86,,5996,500,,,0,84,,5997,500,,,0,45,,5998,500,,,0,84,,6000,500,,,0,81,,6001,500,,,0,83,,6002,500,,,0,42,,6003,500,,,0,80,,6004,500,,,0,80,,6005,500,,,0,39,,6006,500,,,0,80,,6007,500,,,0,80,,6008,500,,,0,40,,6010,500,,,0,80,,6011,500,,,0
3300,'Samedi-01',630,,6021,500,,,0,81,,6019,500,,,0,42,,6030,500,,,0,82,,6040,500,,,0,82,,6042,500,,,0,84,,6043,500,,,0,41,,6044,500,,,0,82,,6045,500,,,0,82,,6046,500,,,0,42,,6022,500,,,0,82,,6023,500,,,0,82,,6024,500,,,0,42,,6025,500,,,0,82,,6026,500,,,0,82,,6027,500,,,0,82,,6028,500,,,0,42,,6029,500,,,0,85,,6031,500,,,0,79,,6032,500,,,0,42,,6033,500,,,0,82,,6034,500,,,0,79,,6035,500,,,0,41,,6036,500,,,0,81,,6037,500,,,0,82,,6038,500,,,0,43,,6039,500,,,0,86,,6041,500,,,0,86,,6020,500,,,0
3300,'Semaine-01',637,,6048,500,,,0,80,,6076,500,,,0,41,,6057,500,,,0,80,,6067,500,,,0,80,,6070,500,,,0,40,,6071,500,,,0,80,,6072,500,,,0,82,,6073,500,,,0,81,,6074,500,,,0,43,,6049,500,,,0,83,,6050,500,,,0,83,,6051,500,,,0,43,,6052,500,,,0,84,,6053,500,,,0,86,,6054,500,,,0,84,,6055,500,,,0,45,,6056,500,,,0,84,,6058,500,,,0,81,,6059,500,,,0,83,,6060,500,,,0,42,,6061,500,,,0,80,,6062,500,,,0,80,,6063,500,,,0,39,,6064,500,,,0,80,,6065,500,,,0,80,,6066,500,,,0,40,,6068,500,,,0,80,,6069,500,,,0
9000,'Semaine-01',646,,6077,140,,,0,63,,6078,140,,,0
