101,'Dimanche-02',809,,7950,730,,,0,206,,7951,730,,,0,131,,7952,730,,,0,173,,7953,730,,,0,127,,7954,730,,,0,160,,7955,730,,,0,120,,7956,730,,,0,120,,7957,730,,,0,157,,7958,730,,,0,134,,7959,730,,,0,114,,7960,730,,,0,153,,7961,730,,,0
101,'Fête-1-02',809,,7962,730,,,0,206,,7963,730,,,0,131,,7964,730,,,0,173,,7965,730,,,0,127,,7966,730,,,0,160,,7967,730,,,0,120,,7968,730,,,0,120,,7969,730,,,0,157,,7970,730,,,0,134,,7971,730,,,0,114,,7972,730,,,0,153,,7973,730,,,0
101,'Fête-2-02',709,,7974,730,,,0,101,,7983,730,,,0,30,,7985,730,,,0,90,,7986,730,,,0,110,,7987,730,,,0,105,,7988,730,,,0,95,,7990,730,,,0,105,,7989,730,,,0,106,,7991,730,,,0,81,,7975,730,,,0,105,,7976,730,,,0,96,,7977,730,,,0,105,,7978,730,,,0,74,,7979,730,,,0,103,,7980,730,,,0,43,,7981,730,,,0,173,,7982,730,,,0,173,,7984,730,,,0
101,'Samedi-02',809,,7992,730,,,0,206,,7993,730,,,0,131,,7994,730,,,0,173,,7995,730,,,0,127,,7996,730,,,0,160,,7997,730,,,0,120,,7998,730,,,0,120,,7999,730,,,0,157,,8000,730,,,0,134,,8001,730,,,0,114,,8002,730,,,0,153,,8003,730,,,0
101,'Semaine-02',704,,8022,600,,,0,5,,8004,730,,,0,101,,8013,730,,,0,30,,8015,730,,,0,90,,8016,730,,,0,110,,8017,730,,,0,105,,8018,730,,,0,95,,8020,730,,,0,105,,8019,730,,,0,106,,8021,730,,,0,81,,8005,730,,,0,105,,8006,730,,,0,96,,8007,730,,,0,105,,8008,730,,,0,74,,8009,730,,,0,103,,8010,730,,,0,43,,8011,730,,,0,173,,8012,730,,,0,173,,8014,730,,,0
2001,'Dimanche-02',803,,8067,550,,,0,124,,8068,550,,,0,126,,8069,550,,,0,165,,8070,550,,,0,125,,8071,550,,,0,165,,8072,550,,,0,125,,8073,550,,,0,125,,8074,550,,,0
2001,'Fête-1-02',803,,8075,550,,,0,124,,8076,550,,,0,126,,8077,550,,,0,165,,8078,550,,,0,125,,8079,550,,,0,165,,8080,550,,,0,125,,8081,550,,,0,125,,8082,550,,,0
2001,'Fête-2-02',748,,8083,550,,,0,166,,8084,550,,,0,125,,8085,550,,,0,166,,8086,550,,,0,126,,8087,550,,,0,125,,8088,550,,,0,166,,8089,550,,,0,126,,8090,550,,,0,164,,8091,550,,,0
2001,'Samedi-02',803,,8092,550,,,0,124,,8093,550,,,0,126,,8094,550,,,0,165,,8095,550,,,0,125,,8096,550,,,0,165,,8097,550,,,0,125,,8098,550,,,0,125,,8099,550,,,0
2001,'Semaine-02',748,,8100,550,,,0,166,,8101,550,,,0,125,,8102,550,,,0,166,,8103,550,,,0,126,,8104,550,,,0,125,,8105,550,,,0,166,,8106,550,,,0,126,,8107,550,,,0,164,,8108,550,,,0
2001,'Semaine-02-0001100',2034,,8110,550,,,0,124,,8109,550,,,0
2801,'Fête-2-02',1801,,8307,540,,,0
2801,'Semaine-02',1801,,8319,540,,,0
