2000002300,'Dimanche-01',549,,6971,20,,,0,79,,6973,20,,,0,74,,6974,20,,,0,101,,6975,20,,,0,41,,6976,20,,,0,75,,6977,20,,,0,107,,6978,20,,,0,97,,6979,20,,,0,95,,6980,20,,,0,82,,6981,20,,,0,37,,6982,20,,,0,83,,6983,20,,,0,39,,6984,20,,,0,82,,6985,20,,,0,78,,6986,20,,,0,40,,6987,20,,,0,79,,6988,20,,,0,82,,6989,20,,,0,36,,6990,20,,,0,146,,6991,20,,,0,109,,6992,20,,,0,112,,6993,20,,,0,104,,6994,20,,,0,111,,6995,20,,,0,102,,6972,20,,,0
2000002300,'Fête-1-01',551,,6996,20,,,0,83,,6998,20,,,0,81,,6999,20,,,0,35,,7000,20,,,0,87,,7001,20,,,0,84,,7002,20,,,0,81,,7003,20,,,0,53,,7004,20,,,0,90,,7005,20,,,0,85,,7006,20,,,0,79,,7007,20,,,0,41,,7008,20,,,0,83,,7009,20,,,0,85,,7010,20,,,0,39,,7011,20,,,0,85,,7012,20,,,0,83,,7013,20,,,0,80,,7014,20,,,0,40,,7015,20,,,0,85,,7016,20,,,0,87,,7017,20,,,0,104,,7018,20,,,0,80,,7019,20,,,0,32,,7020,20,,,0,104,,7021,20,,,0,111,,7022,20,,,0,96,,6997,20,,,0
2000002300,'Fête-2-01',558,,7023,20,,,0,80,,7024,20,,,0,80,,7048,20,,,0,41,,7049,20,,,0,79,,7025,20,,,0,80,,7047,20,,,0,40,,7045,20,,,0,81,,7044,20,,,0,82,,7046,20,,,0,83,,7043,20,,,0,43,,7040,20,,,0,83,,7042,20,,,0,82,,7041,20,,,0,42,,7039,20,,,0,85,,7038,20,,,0,85,,7037,20,,,0,86,,7036,20,,,0,45,,7035,20,,,0,85,,7034,20,,,0,82,,7033,20,,,0,82,,7032,20,,,0,39,,7031,20,,,0,80,,7030,20,,,0,80,,7029,20,,,0,40,,7028,20,,,0,80,,7027,20,,,0,80,,7026,20,,,0,121,,7050,20,,,0
2000002300,'Samedi-01',551,,7051,20,,,0,83,,7053,20,,,0,81,,7054,20,,,0,35,,7055,20,,,0,87,,7056,20,,,0,84,,7057,20,,,0,81,,7058,20,,,0,53,,7059,20,,,0,90,,7060,20,,,0,85,,7061,20,,,0,79,,7062,20,,,0,41,,7063,20,,,0,83,,7064,20,,,0,85,,7065,20,,,0,39,,7066,20,,,0,85,,7067,20,,,0,83,,7068,20,,,0,80,,7069,20,,,0,40,,7070,20,,,0,85,,7071,20,,,0,87,,7072,20,,,0,104,,7073,20,,,0,80,,7074,20,,,0,32,,7075,20,,,0,104,,7076,20,,,0,111,,7077,20,,,0,96,,7052,20,,,0
2000002300,'Semaine-01',558,,7078,20,,,0,80,,7079,20,,,0,80,,7103,20,,,0,41,,7104,20,,,0,79,,7080,20,,,0,80,,7102,20,,,0,40,,7100,20,,,0,81,,7099,20,,,0,82,,7101,20,,,0,83,,7098,20,,,0,43,,7095,20,,,0,83,,7097,20,,,0,82,,7096,20,,,0,42,,7094,20,,,0,85,,7093,20,,,0,85,,7092,20,,,0,86,,7091,20,,,0,45,,7090,20,,,0,85,,7089,20,,,0,82,,7088,20,,,0,82,,7087,20,,,0,39,,7086,20,,,0,80,,7085,20,,,0,80,,7084,20,,,0,40,,7083,20,,,0,80,,7082,20,,,0,80,,7081,20,,,0,121,,7105,20,,,0
2000002301,'Dimanche-01',611,,7106,20,,,0,34,,7116,20,,,0,80,,7111,20,,,0,101,,7121,20,,,0,76,,7117,20,,,0,40,,7110,20,,,0,107,,7112,20,,,0,97,,7113,20,,,0,95,,7120,20,,,0,75,,7114,20,,,0,84,,7109,20,,,0,38,,7122,20,,,0,84,,7115,20,,,0,37,,7119,20,,,0,83,,7118,20,,,0,79,,7108,20,,,0,80,,7123,20,,,0,37,,7124,20,,,0,81,,7129,20,,,0,106,,7126,20,,,0,109,,7125,20,,,0,112,,7130,20,,,0,104,,7128,20,,,0,151,,7127,20,,,0,102,,7107,20,,,0
2000002301,'Fête-1-01',614,,7131,20,,,0,43,,7141,20,,,0,76,,7136,20,,,0,75,,7147,20,,,0,92,,7142,20,,,0,40,,7135,20,,,0,85,,7144,20,,,0,88,,7137,20,,,0,95,,7138,20,,,0,40,,7146,20,,,0,84,,7139,20,,,0,76,,7134,20,,,0,48,,7148,20,,,0,80,,7140,20,,,0,84,,7145,20,,,0,80,,7143,20,,,0,48,,7133,20,,,0,75,,7149,20,,,0,85,,7150,20,,,0,40,,7155,20,,,0,92,,7152,20,,,0,104,,7151,20,,,0,72,,7156,20,,,0,40,,7157,20,,,0,144,,7154,20,,,0,111,,7153,20,,,0,96,,7132,20,,,0
2000002301,'Fête-2-01',621,,7186,20,,,0,80,,7183,20,,,0,40,,7184,20,,,0,80,,7185,20,,,0,80,,7181,20,,,0,40,,7182,20,,,0,80,,7179,20,,,0,81,,7178,20,,,0,42,,7180,20,,,0,83,,7176,20,,,0,83,,7173,20,,,0,43,,7177,20,,,0,82,,7175,20,,,0,82,,7174,20,,,0,85,,7172,20,,,0,45,,7171,20,,,0,86,,7170,20,,,0,85,,7169,20,,,0,85,,7168,20,,,0,42,,7167,20,,,0,82,,7166,20,,,0,79,,7165,20,,,0,40,,7164,20,,,0,80,,7163,20,,,0,80,,7162,20,,,0,40,,7161,20,,,0,80,,7160,20,,,0,74,,7159,20,,,0,58,,7158,20,,,0
2000002301,'Samedi-01',614,,7187,20,,,0,43,,7197,20,,,0,76,,7192,20,,,0,75,,7203,20,,,0,92,,7198,20,,,0,40,,7191,20,,,0,85,,7200,20,,,0,88,,7193,20,,,0,95,,7194,20,,,0,40,,7202,20,,,0,84,,7195,20,,,0,76,,7190,20,,,0,48,,7204,20,,,0,80,,7196,20,,,0,84,,7201,20,,,0,80,,7199,20,,,0,48,,7189,20,,,0,75,,7205,20,,,0,85,,7206,20,,,0,40,,7211,20,,,0,92,,7208,20,,,0,104,,7207,20,,,0,72,,7212,20,,,0,40,,7213,20,,,0,144,,7210,20,,,0,111,,7209,20,,,0,96,,7188,20,,,0
2000002301,'Semaine-01',621,,7242,20,,,0,80,,7239,20,,,0,40,,7240,20,,,0,80,,7241,20,,,0,80,,7237,20,,,0,40,,7238,20,,,0,80,,7235,20,,,0,81,,7234,20,,,0,42,,7236,20,,,0,83,,7232,20,,,0,83,,7229,20,,,0,43,,7233,20,,,0,82,,7231,20,,,0,82,,7230,20,,,0,85,,7228,20,,,0,45,,7227,20,,,0,86,,7226,20,,,0,85,,7225,20,,,0,85,,7224,20,,,0,42,,7223,20,,,0,82,,7222,20,,,0,79,,7221,20,,,0,40,,7220,20,,,0,80,,7219,20,,,0,80,,7218,20,,,0,40,,7217,20,,,0,80,,7216,20,,,0,74,,7215,20,,,0,58,,7214,20,,,0
