100,'Dimanche-01',541,,5264,40,,,0,200,,5253,40,,,0,165,,5254,40,,,0,130,,5255,40,,,0,165,,5256,40,,,0,125,,5257,40,,,0,120,,5258,40,,,0,160,,5259,40,,,0,124,,5260,40,,,0,175,,5261,40,,,0,115,,5262,40,,,0,115,,5263,40,,,0
100,'Fête-1-01',541,,5276,40,,,0,200,,5265,40,,,0,165,,5266,40,,,0,130,,5267,40,,,0,165,,5268,40,,,0,125,,5269,40,,,0,120,,5270,40,,,0,160,,5271,40,,,0,124,,5272,40,,,0,175,,5273,40,,,0,115,,5274,40,,,0,115,,5275,40,,,0
100,'Fête-2-01',423,,5277,40,,,0,103,,5278,40,,,0,25,,5279,40,,,0,81,,5280,40,,,0,120,,5281,40,,,0,106,,5284,40,,,0,94,,5293,40,,,0,101,,5285,40,,,0,99,,5294,40,,,0,78,,5286,40,,,0,102,,5287,40,,,0,100,,5291,40,,,0,110,,5288,40,,,0,75,,5289,40,,,0,109,,5282,40,,,0,95,,5283,40,,,0,135,,5292,40,,,0,185,,5290,40,,,0
100,'Samedi-01',541,,5306,40,,,0,200,,5295,40,,,0,165,,5296,40,,,0,130,,5297,40,,,0,165,,5298,40,,,0,125,,5299,40,,,0,120,,5300,40,,,0,160,,5301,40,,,0,124,,5302,40,,,0,175,,5303,40,,,0,115,,5304,40,,,0,115,,5305,40,,,0
100,'Semaine-01',423,,5307,40,,,0,103,,5308,40,,,0,25,,5309,40,,,0,81,,5310,40,,,0,120,,5311,40,,,0,106,,5314,40,,,0,94,,5323,40,,,0,101,,5315,40,,,0,99,,5324,40,,,0,78,,5316,40,,,0,102,,5317,40,,,0,100,,5321,40,,,0,110,,5318,40,,,0,75,,5319,40,,,0,109,,5312,40,,,0,95,,5313,40,,,0,135,,5322,40,,,0,185,,5320,40,,,0
101,'Dimanche-01',830,,5325,770,4,,0,206,,5326,770,4,,0,171,,5327,770,4,,0,133,,5328,770,4,,0,167,,5329,770,4,,0,120,,5330,770,4,,0,120,,5331,770,4,,0,160,,5332,770,4,,0,117,,5333,770,4,,0,134,,5334,770,4,,0,154,,5335,770,4,,0,113,,5336,770,4,,0
101,'Fête-1-01',830,,5337,770,4,,0,206,,5338,770,4,,0,171,,5339,770,4,,0,133,,5340,770,4,,0,167,,5341,770,4,,0,120,,5342,770,4,,0,120,,5343,770,4,,0,160,,5344,770,4,,0,117,,5345,770,4,,0,134,,5346,770,4,,0,154,,5347,770,4,,0,113,,5348,770,4,,0
101,'Fête-2-01',731,,5349,770,4,,0,101,,5358,770,4,,0,70,,5360,770,4,,0,50,,5361,770,4,,0,150,,5362,770,4,,0,105,,5363,770,4,,0,95,,5365,770,4,,0,105,,5364,770,4,,0,106,,5366,770,4,,0,41,,5350,770,4,,0,105,,5351,770,4,,0,96,,5352,770,4,,0,104,,5353,770,4,,0,74,,5354,770,4,,0,103,,5355,770,4,,0,83,,5356,770,4,,0,132,,5357,770,4,,0,173,,5359,770,4,,0
101,'Samedi-01',830,,5367,770,4,,0,206,,5368,770,4,,0,171,,5369,770,4,,0,133,,5370,770,4,,0,167,,5371,770,4,,0,120,,5372,770,4,,0,120,,5373,770,4,,0,160,,5374,770,4,,0,117,,5375,770,4,,0,134,,5376,770,4,,0,154,,5377,770,4,,0,113,,5378,770,4,,0
101,'Semaine-01',726,,5397,640,4,,0,5,,5379,770,4,,0,101,,5388,770,4,,0,70,,5390,770,4,,0,50,,5391,770,4,,0,150,,5392,770,4,,0,105,,5393,770,4,,0,95,,5395,770,4,,0,105,,5394,770,4,,0,106,,5396,770,4,,0,41,,5380,770,4,,0,105,,5381,770,4,,0,96,,5382,770,4,,0,104,,5383,770,4,,0,74,,5384,770,4,,0,103,,5385,770,4,,0,83,,5386,770,4,,0,132,,5387,770,4,,0,173,,5389,770,4,,0
