100,'Dimanche-02',606,,7889,170,,,0,200,,7878,170,,,0,125,,7879,170,,,0,170,,7880,170,,,0,125,,7881,170,,,0,124,,7882,170,,,0,160,,7883,170,,,0,120,,7884,170,,,0,124,,7885,170,,,0,175,,7886,170,,,0,115,,7887,170,,,0,115,,7888,170,,,0
100,'Fête-1-02',606,,7901,170,,,0,200,,7890,170,,,0,125,,7891,170,,,0,170,,7892,170,,,0,125,,7893,170,,,0,124,,7894,170,,,0,160,,7895,170,,,0,120,,7896,170,,,0,124,,7897,170,,,0,175,,7898,170,,,0,115,,7899,170,,,0,115,,7900,170,,,0
100,'Fête-2-02',450,,7902,170,,,0,103,,7903,170,,,0,65,,7904,170,,,0,41,,7905,170,,,0,159,,7906,170,,,0,105,,7909,170,,,0,94,,7918,170,,,0,101,,7910,170,,,0,100,,7919,170,,,0,38,,7911,170,,,0,102,,7912,170,,,0,100,,7916,170,,,0,150,,7913,170,,,0,35,,7914,170,,,0,108,,7907,170,,,0,95,,7908,170,,,0,173,,7917,170,,,0,185,,7915,170,,,0
100,'Samedi-02',606,,7931,170,,,0,200,,7920,170,,,0,125,,7921,170,,,0,170,,7922,170,,,0,125,,7923,170,,,0,124,,7924,170,,,0,160,,7925,170,,,0,120,,7926,170,,,0,124,,7927,170,,,0,175,,7928,170,,,0,115,,7929,170,,,0,115,,7930,170,,,0
100,'Semaine-02',450,,7932,170,,,0,103,,7933,170,,,0,65,,7934,170,,,0,41,,7935,170,,,0,159,,7936,170,,,0,105,,7939,170,,,0,94,,7948,170,,,0,101,,7940,170,,,0,100,,7949,170,,,0,38,,7941,170,,,0,102,,7942,170,,,0,100,,7946,170,,,0,150,,7943,170,,,0,35,,7944,170,,,0,108,,7937,170,,,0,95,,7938,170,,,0,173,,7947,170,,,0,185,,7945,170,,,0
2000,'Dimanche-02',703,,8023,210,,,0,124,,8024,210,,,0,126,,8025,210,,,0,165,,8026,210,,,0,125,,8027,210,,,0,164,,8028,210,,,0,125,,8029,210,,,0,125,,8030,210,,,0
2000,'Fête-1-02',703,,8031,210,,,0,124,,8032,210,,,0,126,,8033,210,,,0,165,,8034,210,,,0,125,,8035,210,,,0,164,,8036,210,,,0,125,,8037,210,,,0,125,,8038,210,,,0
2000,'Fête-2-02',646,,8039,210,,,0,165,,8040,210,,,0,125,,8041,210,,,0,166,,8042,210,,,0,126,,8043,210,,,0,125,,8044,210,,,0,166,,8045,210,,,0,126,,8046,210,,,0,166,,8047,210,,,0
2000,'Samedi-02',703,,8048,210,,,0,124,,8049,210,,,0,126,,8050,210,,,0,165,,8051,210,,,0,125,,8052,210,,,0,164,,8053,210,,,0,125,,8054,210,,,0,125,,8055,210,,,0
2000,'Semaine-02',646,,8056,210,,,0,165,,8057,210,,,0,125,,8058,210,,,0,166,,8059,210,,,0,126,,8060,210,,,0,125,,8061,210,,,0,166,,8062,210,,,0,126,,8063,210,,,0,166,,8064,210,,,0
2000,'Semaine-02-0001100',1936,,8066,210,,,0,164,,8065,210,,,0
