101,'Dimanche-01',743,,5325,330,,,0,206,,5326,330,,,0,171,,5327,330,,,0,133,,5328,330,,,0,167,,5329,330,,,0,120,,5330,330,,,0,160,,5331,330,,,0,120,,5332,330,,,0,117,,5333,330,,,0,174,,5334,330,,,0,114,,5335,330,,,0,113,,5336,330,,,0
101,'Fête-1-01',743,,5337,330,,,0,206,,5338,330,,,0,171,,5339,330,,,0,133,,5340,330,,,0,167,,5341,330,,,0,120,,5342,330,,,0,160,,5343,330,,,0,120,,5344,330,,,0,117,,5345,330,,,0,174,,5346,330,,,0,114,,5347,330,,,0,113,,5348,330,,,0
101,'Fête-2-01',642,,5349,330,,,0,101,,5358,330,,,0,70,,5360,330,,,0,90,,5361,330,,,0,111,,5362,330,,,0,105,,5363,330,,,0,95,,5365,330,,,0,104,,5364,330,,,0,106,,5366,330,,,0,81,,5350,330,,,0,103,,5351,330,,,0,96,,5352,330,,,0,107,,5353,330,,,0,34,,5354,330,,,0,103,,5355,330,,,0,83,,5356,330,,,0,173,,5357,330,,,0,135,,5359,330,,,0
101,'Samedi-01',743,,5367,330,,,0,206,,5368,330,,,0,171,,5369,330,,,0,133,,5370,330,,,0,167,,5371,330,,,0,120,,5372,330,,,0,160,,5373,330,,,0,120,,5374,330,,,0,117,,5375,330,,,0,174,,5376,330,,,0,114,,5377,330,,,0,113,,5378,330,,,0
101,'Semaine-01',637,,5397,200,,,0,5,,5379,330,,,0,101,,5388,330,,,0,70,,5390,330,,,0,90,,5391,330,,,0,111,,5392,330,,,0,105,,5393,330,,,0,95,,5395,330,,,0,104,,5394,330,,,0,106,,5396,330,,,0,81,,5380,330,,,0,103,,5381,330,,,0,96,,5382,330,,,0,107,,5383,330,,,0,34,,5384,330,,,0,103,,5385,330,,,0,83,,5386,330,,,0,173,,5387,330,,,0,135,,5389,330,,,0
2301,'Fête-2-01',1605,,5555,340,,,0,25,,5556,340,,,0,70,,5557,340,,,0,30,,5558,340,,,0,27,,5559,340,,,0,69,,5560,340,,,0,29,,5561,340,,,0
2301,'Semaine-01',1605,,5562,340,,,0,25,,5563,340,,,0,70,,5564,340,,,0,30,,5565,340,,,0,27,,5566,340,,,0,69,,5567,340,,,0,29,,5568,340,,,0
3300,'Dimanche-01',553,,5934,240,,,0,82,,5932,240,,,0,90,,5943,240,,,0,81,,5953,240,,,0,43,,5955,240,,,0,93,,5956,240,,,0,80,,5957,240,,,0,80,,5958,240,,,0,40,,5959,240,,,0,80,,5935,240,,,0,80,,5936,240,,,0,39,,5937,240,,,0,80,,5938,240,,,0,80,,5939,240,,,0,39,,5940,240,,,0,79,,5941,240,,,0,39,,5942,240,,,0,79,,5944,240,,,0,79,,5945,240,,,0,40,,5946,240,,,0,87,,5947,240,,,0,85,,5948,240,,,0,86,,5949,240,,,0,87,,5950,240,,,0,46,,5951,240,,,0,83,,5952,240,,,0,88,,5933,240,,,0,83,,5954,240,,,0,119,,5960,240,0,8 6,0
3300,'Fête-1-01',613,,5963,240,,,0,41,,5961,240,,,0,81,,5972,240,,,0,82,,5982,240,,,0,42,,5984,240,,,0,84,,5985,240,,,0,81,,5986,240,,,0,82,,5987,240,,,0,42,,5988,240,,,0,82,,5964,240,,,0,82,,5965,240,,,0,42,,5966,240,,,0,82,,5967,240,,,0,82,,5968,240,,,0,82,,5969,240,,,0,42,,5970,240,,,0,82,,5971,240,,,0,85,,5973,240,,,0,39,,5974,240,,,0,82,,5975,240,,,0,82,,5976,240,,,0,39,,5977,240,,,0,82,,5978,240,,,0,81,,5979,240,,,0,42,,5980,240,,,0,83,,5981,240,,,0,86,,5983,240,,,0,86,,5962,240,,,0,113,,5989,240,0,8 6,0
3300,'Fête-2-01',620,,5990,240,,,0,80,,6018,240,,,0,41,,5999,240,,,0,80,,6009,240,,,0,80,,6012,240,,,0,40,,6013,240,,,0,80,,6014,240,,,0,82,,6015,240,,,0,41,,6016,240,,,0,83,,5991,240,,,0,83,,5992,240,,,0,43,,5993,240,,,0,82,,5994,240,,,0,83,,5995,240,,,0,86,,5996,240,,,0,45,,5997,240,,,0,85,,5998,240,,,0,84,,6000,240,,,0,82,,6001,240,,,0,43,,6002,240,,,0,82,,6003,240,,,0,80,,6004,240,,,0,40,,6005,240,,,0,79,,6006,240,,,0,80,,6007,240,,,0,40,,6008,240,,,0,80,,6010,240,,,0,80,,6011,240,,,0,96,,6017,190,0,8 6,0
3300,'Samedi-01',613,,6021,240,,,0,41,,6019,240,,,0,81,,6030,240,,,0,82,,6040,240,,,0,42,,6042,240,,,0,84,,6043,240,,,0,81,,6044,240,,,0,82,,6045,240,,,0,42,,6046,240,,,0,82,,6022,240,,,0,82,,6023,240,,,0,42,,6024,240,,,0,82,,6025,240,,,0,82,,6026,240,,,0,82,,6027,240,,,0,42,,6028,240,,,0,82,,6029,240,,,0,85,,6031,240,,,0,39,,6032,240,,,0,82,,6033,240,,,0,82,,6034,240,,,0,39,,6035,240,,,0,82,,6036,240,,,0,81,,6037,240,,,0,42,,6038,240,,,0,83,,6039,240,,,0,86,,6041,240,,,0,86,,6020,240,,,0,113,,6047,240,0,8 6,0
3300,'Semaine-01',620,,6048,240,,,0,80,,6076,240,,,0,41,,6057,240,,,0,80,,6067,240,,,0,80,,6070,240,,,0,40,,6071,240,,,0,80,,6072,240,,,0,82,,6073,240,,,0,41,,6074,240,,,0,83,,6049,240,,,0,83,,6050,240,,,0,43,,6051,240,,,0,82,,6052,240,,,0,83,,6053,240,,,0,86,,6054,240,,,0,45,,6055,240,,,0,85,,6056,240,,,0,84,,6058,240,,,0,82,,6059,240,,,0,43,,6060,240,,,0,82,,6061,240,,,0,80,,6062,240,,,0,40,,6063,240,,,0,79,,6064,240,,,0,80,,6065,240,,,0,40,,6066,240,,,0,80,,6068,240,,,0,80,,6069,240,,,0,96,,6075,190,0,8 6,0
9001,'Semaine-01',1851,,6080,240,4,,0
