2201,'Fête-2-02',1636,,8152,170,,,0,65,,8156,170,,,0,25,,8153,170,,,0,25,,8157,170,,,0,65,,8155,170,,,0,23,,8154,170,,,0
2201,'Semaine-02',1636,,8158,170,,,0,65,,8162,170,,,0,25,,8159,170,,,0,25,,8163,170,,,0,65,,8161,170,,,0,23,,8160,170,,,0
2000002200,'Dimanche-02',602,,9332,10,,,0,50,,9333,10,,,0,81,,9334,10,,,0,83,,9335,10,,,0,93,,9336,10,,,0,43,,9337,10,,,0,87,,9338,10,,,0,74,,9339,10,,,0,34,,9340,10,,,0,84,,9341,10,,,0,79,,9342,10,,,0,40,,9343,10,,,0,80,,9344,10,,,0,82,,9345,10,,,0,36,,9346,10,,,0,84,,9347,10,,,0,74,,9348,10,,,0,45,,9349,10,,,0,74,,9350,10,,,0,84,,9351,10,,,0,43,,9353,10,,,0,87,,9330,10,,,0,84,,9352,10,,,0,90,,9354,10,,,0,43,,9355,10,,,0,83,,9356,10,,,0,89,,9329,10,,,0,86,,9331,10,,,0
2000002200,'Fête-1-02',541,,9360,10,,,0,83,,9361,10,,,0,90,,9362,10,,,0,37,,9363,10,,,0,76,,9364,10,,,0,84,,9365,10,,,0,41,,9366,10,,,0,82,,9367,10,,,0,82,,9368,10,,,0,42,,9369,10,,,0,82,,9370,10,,,0,82,,9371,10,,,0,82,,9372,10,,,0,42,,9373,10,,,0,82,,9374,10,,,0,82,,9375,10,,,0,42,,9376,10,,,0,86,,9377,10,,,0,78,,9378,10,,,0,42,,9379,10,,,0,82,,9380,10,,,0,81,,9382,10,,,0,37,,9358,10,,,0,75,,9381,10,,,0,90,,9383,10,,,0,87,,9384,10,,,0,39,,9385,10,,,0,89,,9357,10,,,0,81,,9359,10,,,0
2000002200,'Fête-2-02',547,,9408,10,0,5 6,0,280,,9405,10,0,5 6,0,80,,9386,10,0,5 6,0,40,,9387,10,0,5 6,0,81,,9388,10,0,5 6,0,81,,9389,10,0,5 6,0,43,,9390,10,0,5 6,0,83,,9391,10,0,5 6,0,83,,9392,10,0,5 6,0,82,,9393,10,0,5 6,0,42,,9394,10,0,5 6,0,85,,9406,10,0,5 6,0,300,,9407,10,0,5 6,0,83,,9395,10,0,5 6,0,42,,9396,10,0,5 6,0,80,,9397,10,0,5 6,0,80,,9398,10,0,5 6,0,40,,9399,10,0,5 6,0,80,,9400,10,0,5 6,0,80,,9401,10,0,5 6,0,38,,9402,10,0,5 6,0,83,,9403,10,0,5 6,0,80,,9404,10,0,5 6,0
2000002200,'Samedi-02',541,,9412,10,,,0,83,,9413,10,,,0,90,,9414,10,,,0,37,,9415,10,,,0,76,,9416,10,,,0,84,,9417,10,,,0,41,,9418,10,,,0,82,,9419,10,,,0,82,,9420,10,,,0,42,,9421,10,,,0,82,,9422,10,,,0,82,,9423,10,,,0,82,,9424,10,,,0,42,,9425,10,,,0,82,,9426,10,,,0,82,,9427,10,,,0,42,,9428,10,,,0,86,,9429,10,,,0,78,,9430,10,,,0,42,,9431,10,,,0,82,,9432,10,,,0,81,,9434,10,,,0,37,,9410,10,,,0,75,,9433,10,,,0,90,,9435,10,,,0,87,,9436,10,,,0,39,,9437,10,,,0,89,,9409,10,,,0,81,,9411,10,,,0
2000002200,'Semaine-02',547,,9460,10,0,5 6,0,280,,9457,10,0,5 6,0,80,,9438,10,0,5 6,0,40,,9439,10,0,5 6,0,81,,9440,10,0,5 6,0,81,,9441,10,0,5 6,0,43,,9442,10,0,5 6,0,83,,9443,10,0,5 6,0,83,,9444,10,0,5 6,0,82,,9445,10,0,5 6,0,42,,9446,10,0,5 6,0,85,,9458,10,0,5 6,0,300,,9459,10,0,5 6,0,83,,9447,10,0,5 6,0,42,,9448,10,0,5 6,0,80,,9449,10,0,5 6,0,80,,9450,10,0,5 6,0,40,,9451,10,0,5 6,0,80,,9452,10,0,5 6,0,80,,9453,10,0,5 6,0,38,,9454,10,0,5 6,0,83,,9455,10,0,5 6,0,80,,9456,10,0,5 6,0
2000002201,'Dimanche-02',633,,9465,130,4,,0,90,,9461,130,4,,0,81,,9466,130,4,,0,43,,9467,130,4,,0,93,,9468,130,4,,0,83,,9469,130,4,,0,87,,9470,130,4,,0,34,,9471,130,4,,0,74,,9472,130,4,,0,84,,9473,130,4,,0,39,,9474,130,4,,0,80,,9475,130,4,,0,80,,9476,130,4,,0,42,,9477,130,4,,0,76,,9478,130,4,,0,84,,9479,130,4,,0,34,,9480,130,4,,0,85,,9481,130,4,,0,34,,9482,130,4,,0,84,,9484,130,4,,0,84,,9483,130,4,,0,86,,9463,130,4,,0,44,,9485,130,4,,0,90,,9486,130,4,,0,82,,9487,130,4,,0,84,,9488,130,4,,0,49,,9462,130,4,,0,84,,9464,130,4,,0,82,,9489,130,4,,0
2000002201,'Fête-1-02',612,,9490,130,4,,0,43,,9495,130,4,,0,90,,9491,130,4,,0,77,,9496,130,4,,0,36,,9497,130,4,,0,84,,9498,130,4,,0,81,,9499,130,4,,0,82,,9500,130,4,,0,42,,9501,130,4,,0,82,,9502,130,4,,0,82,,9503,130,4,,0,42,,9504,130,4,,0,82,,9505,130,4,,0,82,,9506,130,4,,0,42,,9507,130,4,,0,82,,9508,130,4,,0,82,,9509,130,4,,0,86,,9510,130,4,,0,38,,9511,130,4,,0,82,,9512,130,4,,0,82,,9514,130,4,,0,42,,9513,130,4,,0,76,,9493,130,4,,0,75,,9515,130,4,,0,50,,9516,130,4,,0,86,,9517,130,4,,0,80,,9518,130,4,,0,89,,9492,130,4,,0,39,,9494,130,4,,0,77,,9519,130,4,,0
2000002201,'Fête-2-02',619,,9542,130,4,,0,281,,9520,130,4,,0,40,,9521,130,4,,0,80,,9522,130,4,,0,81,,9523,130,4,,0,41,,9524,130,4,,0,83,,9525,130,4,,0,83,,9526,130,4,,0,43,,9527,130,4,,0,82,,9528,130,4,,0,82,,9540,130,4,,0,85,,9541,130,4,,0,300,,9529,130,4,,0,42,,9530,130,4,,0,83,,9531,130,4,,0,80,,9532,130,4,,0,40,,9533,130,4,,0,80,,9534,130,4,,0,80,,9535,130,4,,0,40,,9536,130,4,,0,80,,9537,130,4,,0,80,,9538,130,4,,0,40,,9539,130,4,,0
2000002201,'Samedi-02',612,,9543,130,4,,0,43,,9548,130,4,,0,90,,9544,130,4,,0,77,,9549,130,4,,0,36,,9550,130,4,,0,84,,9551,130,4,,0,81,,9552,130,4,,0,82,,9553,130,4,,0,42,,9554,130,4,,0,82,,9555,130,4,,0,82,,9556,130,4,,0,42,,9557,130,4,,0,82,,9558,130,4,,0,82,,9559,130,4,,0,42,,9560,130,4,,0,82,,9561,130,4,,0,82,,9562,130,4,,0,86,,9563,130,4,,0,38,,9564,130,4,,0,82,,9565,130,4,,0,82,,9567,130,4,,0,42,,9566,130,4,,0,76,,9546,130,4,,0,75,,9568,130,4,,0,50,,9569,130,4,,0,86,,9570,130,4,,0,80,,9571,130,4,,0,89,,9545,130,4,,0,39,,9547,130,4,,0,77,,9572,130,4,,0
2000002201,'Semaine-02',619,,9595,130,4,,0,281,,9573,130,4,,0,40,,9574,130,4,,0,80,,9575,130,4,,0,81,,9576,130,4,,0,41,,9577,130,4,,0,83,,9578,130,4,,0,83,,9579,130,4,,0,43,,9580,130,4,,0,82,,9581,130,4,,0,82,,9593,130,4,,0,85,,9594,130,4,,0,300,,9582,130,4,,0,42,,9583,130,4,,0,83,,9584,130,4,,0,80,,9585,130,4,,0,40,,9586,130,4,,0,80,,9587,130,4,,0,80,,9588,130,4,,0,40,,9589,130,4,,0,80,,9590,130,4,,0,80,,9591,130,4,,0,40,,9592,130,4,,0
