100,'Dimanche-01',605,,5264,150,,,0,200,,5253,150,,,0,125,,5254,150,,,0,170,,5255,150,,,0,125,,5256,150,,,0,124,,5257,150,,,0,160,,5258,150,,,0,120,,5259,150,,,0,124,,5260,150,,,0,175,,5261,150,,,0,115,,5262,150,,,0,115,,5263,150,,,0
100,'Fête-1-01',605,,5276,150,,,0,200,,5265,150,,,0,125,,5266,150,,,0,170,,5267,150,,,0,125,,5268,150,,,0,124,,5269,150,,,0,160,,5270,150,,,0,120,,5271,150,,,0,124,,5272,150,,,0,175,,5273,150,,,0,115,,5274,150,,,0,115,,5275,150,,,0
100,'Fête-2-01',448,,5277,150,,,0,103,,5278,150,,,0,65,,5279,150,,,0,41,,5280,150,,,0,159,,5281,150,,,0,106,,5284,150,,,0,94,,5293,150,,,0,101,,5285,150,,,0,99,,5294,150,,,0,38,,5286,150,,,0,102,,5287,150,,,0,100,,5291,150,,,0,150,,5288,150,,,0,35,,5289,150,,,0,109,,5282,150,,,0,95,,5283,150,,,0,173,,5292,150,,,0,185,,5290,150,,,0
100,'Samedi-01',605,,5306,150,,,0,200,,5295,150,,,0,125,,5296,150,,,0,170,,5297,150,,,0,125,,5298,150,,,0,124,,5299,150,,,0,160,,5300,150,,,0,120,,5301,150,,,0,124,,5302,150,,,0,175,,5303,150,,,0,115,,5304,150,,,0,115,,5305,150,,,0
100,'Semaine-01',448,,5307,150,,,0,103,,5308,150,,,0,65,,5309,150,,,0,41,,5310,150,,,0,159,,5311,150,,,0,106,,5314,150,,,0,94,,5323,150,,,0,101,,5315,150,,,0,99,,5324,150,,,0,38,,5316,150,,,0,102,,5317,150,,,0,100,,5321,150,,,0,150,,5318,150,,,0,35,,5319,150,,,0,109,,5312,150,,,0,95,,5313,150,,,0,173,,5322,150,,,0,185,,5320,150,,,0
2000,'Dimanche-01',701,,5398,200,,,0,124,,5399,200,,,0,126,,5400,200,,,0,165,,5401,200,,,0,125,,5402,200,,,0,164,,5403,200,,,0,125,,5404,200,,,0,125,,5405,200,,,0
2000,'Fête-1-01',701,,5406,200,,,0,124,,5407,200,,,0,126,,5408,200,,,0,165,,5409,200,,,0,125,,5410,200,,,0,164,,5411,200,,,0,125,,5412,200,,,0,125,,5413,200,,,0
2000,'Fête-2-01',644,,5414,190,,,0,165,,5415,190,,,0,125,,5416,190,,,0,166,,5417,190,,,0,126,,5418,190,,,0,125,,5419,190,,,0,166,,5420,190,,,0,126,,5421,190,,,0,166,,5422,190,,,0
2000,'Samedi-01',701,,5423,200,,,0,124,,5424,200,,,0,126,,5425,200,,,0,165,,5426,200,,,0,125,,5427,200,,,0,164,,5428,200,,,0,125,,5429,200,,,0,125,,5430,200,,,0
2000,'Semaine-01',644,,5431,190,,,0,165,,5432,190,,,0,125,,5433,190,,,0,166,,5434,190,,,0,126,,5435,190,,,0,125,,5436,190,,,0,166,,5437,190,,,0,126,,5438,190,,,0,166,,5439,190,,,0
2000,'Semaine-01-0001100',1934,,5441,190,,,0,124,,5440,190,,,0
