101,'Dimanche-01',717,,5325,60,,,0,205,,5326,60,,,0,130,,5327,60,,,0,170,,5328,60,,,0,125,,5329,60,,,0,160,,5330,60,,,0,120,,5331,60,,,0,120,,5332,60,,,0,160,,5333,60,,,0,135,,5334,60,,,0,115,,5335,60,,,0,155,,5336,60,,,0
101,'Fête-1-01',717,,5337,60,,,0,205,,5338,60,,,0,130,,5339,60,,,0,170,,5340,60,,,0,125,,5341,60,,,0,160,,5342,60,,,0,120,,5343,60,,,0,120,,5344,60,,,0,160,,5345,60,,,0,135,,5346,60,,,0,115,,5347,60,,,0,155,,5348,60,,,0
101,'Fête-2-01',612,,5349,60,,,0,100,,5358,60,,,0,30,,5360,60,,,0,90,,5361,60,,,0,111,,5362,60,,,0,105,,5363,60,,,0,95,,5365,60,,,0,100,,5364,60,,,0,106,,5366,60,,,0,80,,5350,60,,,0,100,,5351,60,,,0,100,,5352,60,,,0,109,,5353,60,,,0,75,,5354,60,,,0,104,,5355,60,,,0,85,,5356,60,,,0,135,,5357,60,,,0,175,,5359,60,,,0
101,'Samedi-01',717,,5367,60,,,0,205,,5368,60,,,0,130,,5369,60,,,0,170,,5370,60,,,0,125,,5371,60,,,0,160,,5372,60,,,0,120,,5373,60,,,0,120,,5374,60,,,0,160,,5375,60,,,0,135,,5376,60,,,0,115,,5377,60,,,0,155,,5378,60,,,0
101,'Semaine-01',612,,5379,60,,,0,100,,5388,60,,,0,30,,5390,60,,,0,90,,5391,60,,,0,111,,5392,60,,,0,105,,5393,60,,,0,95,,5395,60,,,0,100,,5394,60,,,0,106,,5396,60,,,0,80,,5380,60,,,0,100,,5381,60,,,0,100,,5382,60,,,0,109,,5383,60,,,0,75,,5384,60,,,0,104,,5385,60,,,0,85,,5386,60,,,0,135,,5387,60,,,0,175,,5389,60,,,0
2101,'Fête-2-01',645,,5503,60,0,5 6,0,79,,5504,60,0,5 6,0,81,,5505,60,0,5 6,0,795,,5498,60,,,0,30,,5499,60,,,0,29,,5500,60,,,0,70,,5501,60,,,0,30,,5502,60,,,0
2101,'Semaine-01',645,,5512,60,0,5 6,0,79,,5513,60,0,5 6,0,81,,5514,60,0,5 6,0,795,,5506,60,,,0,23,,5507,60,,,0,26,,5508,60,,,0,65,,5509,60,,,0,25,,5510,60,,,0,68,,5511,60,,,0
2301,'Fête-2-01',1533,,5555,60,,,0,25,,5556,60,,,0,70,,5557,60,,,0,30,,5558,60,,,0,70,,5559,60,,,0,29,,5560,60,,,0,70,,5561,60,,,0
2301,'Semaine-01',1533,,5562,60,,,0,25,,5563,60,,,0,70,,5564,60,,,0,30,,5565,60,,,0,70,,5566,60,,,0,29,,5567,60,,,0,70,,5568,60,,,0
2501,'Fête-2-01',1538,,5601,60,,,0,80,,5602,60,,,0,34,,5603,60,,,0,80,,5604,60,,,0,80,,5605,60,,,0,30,,5606,60,,,0
2501,'Semaine-01',1538,,5607,60,,,0,80,,5608,60,,,0,34,,5609,60,,,0,80,,5610,60,,,0,80,,5611,60,,,0,30,,5612,60,,,0
3100,'Dimanche-01',651,,5744,60,,,0,255,,5745,60,,,0,238,,5743,60,,,0,163,,5736,60,,,0,120,,5737,60,,,0,118,,5738,60,,,0,158,,5739,60,,,0,119,,5740,60,,,0,127,,5741,60,,,0,262,,5735,60,,,0,215,,5742,60,,,0
3100,'Fête-1-01',540,,5747,60,,,0,83,,5758,60,,,0,201,,5759,60,,,0,125,,5756,60,,,0,164,,5746,60,,,0,124,,5757,60,,,0,164,,5748,60,,,0,124,,5749,60,,,0,124,,5750,60,,,0,164,,5751,60,,,0,124,,5752,60,,,0,68,,5753,60,,,0,216,,5754,60,,,0,215,,5755,60,,,0
3100,'Fête-2-01',546,,5784,60,,,0,80,,5760,60,,,0,80,,5770,60,,,0,40,,5785,60,,,0,80,,5779,60,,,0,80,,5780,60,,,0,40,,5781,60,,,0,81,,5787,60,,,0,81,,5782,60,,,0,43,,5783,60,,,0,83,,5761,60,,,0,83,,5762,60,,,0,42,,5763,60,,,0,81,,5764,60,,,0,84,,5765,60,,,0,85,,5766,60,,,0,45,,5767,60,,,0,86,,5768,60,,,0,86,,5769,60,,,0,84,,5771,60,,,0,42,,5772,60,,,0,80,,5773,60,,,0,80,,5774,60,,,0,40,,5775,60,,,0,80,,5776,60,,,0,80,,5777,60,,,0,40,,5778,60,,,0,161,,5786,60,0,5 6,0
3100,'Samedi-01',540,,5789,60,,,0,83,,5800,60,,,0,201,,5801,60,,,0,125,,5798,60,,,0,164,,5788,60,,,0,124,,5799,60,,,0,164,,5790,60,,,0,124,,5791,60,,,0,124,,5792,60,,,0,164,,5793,60,,,0,124,,5794,60,,,0,68,,5795,60,,,0,216,,5796,60,,,0,215,,5797,60,,,0
3100,'Semaine-01',546,,5826,60,,,0,80,,5802,60,,,0,80,,5812,60,,,0,40,,5827,60,,,0,80,,5821,60,,,0,80,,5822,60,,,0,40,,5823,60,,,0,81,,5829,60,,,0,81,,5824,60,,,0,43,,5825,60,,,0,83,,5803,60,,,0,83,,5804,60,,,0,42,,5805,60,,,0,81,,5806,60,,,0,84,,5807,60,,,0,85,,5808,60,,,0,45,,5809,60,,,0,86,,5810,60,,,0,86,,5811,60,,,0,84,,5813,60,,,0,42,,5814,60,,,0,80,,5815,60,,,0,80,,5816,60,,,0,40,,5817,60,,,0,80,,5818,60,,,0,80,,5819,60,,,0,40,,5820,60,,,0,161,,5828,60,0,5 6,0
3200,'Dimanche-01',541,,5830,60,,,0,214,,5835,60,,,0,262,,5838,60,,,0,192,,5839,60,,,0,119,,5831,60,,,0,122,,5841,60,,,0,160,,5832,60,,,0,119,,5834,60,,,0,118,,5833,60,,,0,256,,5836,60,,,0,216,,5837,60,,,0,213,,5840,60,0,6,0
3200,'Fête-1-01',653,,5848,60,,,0,77,,5843,60,,,0,120,,5851,60,,,0,162,,5852,60,,,0,124,,5853,60,,,0,164,,5844,60,,,0,124,,5855,60,,,0,124,,5845,60,,,0,168,,5846,60,,,0,120,,5847,60,,,0,277,,5849,60,,,0,216,,5850,60,,,0,211,,5854,60,0,6,0
3200,'Fête-2-01',610,,5881,60,,,0,39,,5856,60,,,0,79,,5884,60,,,0,79,,5867,60,,,0,40,,5875,60,,,0,82,,5876,60,,,0,81,,5877,60,,,0,41,,5878,60,,,0,83,,5879,60,,,0,83,,5880,60,,,0,83,,5857,60,,,0,42,,5858,60,,,0,81,,5859,60,,,0,84,,5883,60,,,0,45,,5861,60,,,0,84,,5862,60,,,0,86,,5863,60,,,0,87,,5864,60,,,0,42,,5865,60,,,0,84,,5866,60,,,0,81,,5868,60,,,0,40,,5869,60,,,0,80,,5870,60,,,0,80,,5871,60,,,0,40,,5872,60,,,0,82,,5873,60,,,0,80,,5874,60,,,0,112,,5882,60,0,6,0
3200,'Samedi-01',653,,5893,60,,,0,77,,5888,60,,,0,120,,5896,60,,,0,162,,5897,60,,,0,124,,5898,60,,,0,164,,5889,60,,,0,124,,5900,60,,,0,124,,5890,60,,,0,168,,5891,60,,,0,120,,5892,60,,,0,277,,5894,60,,,0,216,,5895,60,,,0,211,,5899,60,0,6,0
3200,'Semaine-01',610,,5926,60,,,0,39,,5901,60,,,0,79,,5929,60,,,0,79,,5912,60,,,0,40,,5920,60,,,0,82,,5921,60,,,0,81,,5922,60,,,0,41,,5923,60,,,0,83,,5924,60,,,0,83,,5925,60,,,0,83,,5902,60,,,0,42,,5903,60,,,0,81,,5904,60,,,0,84,,5928,60,,,0,45,,5906,60,,,0,84,,5907,60,,,0,86,,5908,60,,,0,87,,5909,60,,,0,42,,5910,60,,,0,84,,5911,60,,,0,81,,5913,60,,,0,40,,5914,60,,,0,80,,5915,60,,,0,80,,5916,60,,,0,40,,5917,60,,,0,82,,5918,60,,,0,80,,5919,60,,,0,112,,5927,60,0,6,0
9800,'Fête-2-01',723,,6082,60,,,0,103,,6086,60,,,0,105,,6087,60,,,0,505,,6088,60,,,0,105,,6089,60,,,0,105,,6090,60,,,0,105,,6091,60,,,0,105,,6092,60,,,0,98,,6093,60,,,0,100,,6083,60,,,0,90,,6084,60,,,0,90,,6085,60,,,0
9800,'Semaine-01',723,,6095,60,,,0,103,,6099,60,,,0,105,,6100,60,,,0,505,,6101,60,,,0,105,,6102,60,,,0,105,,6103,60,,,0,105,,6104,60,,,0,105,,6105,60,,,0,98,,6106,60,,,0,100,,6096,60,,,0,90,,6097,60,,,0,90,,6098,60,,,0
11101,'Dimanche-01',900,,6169,60,,,0,147,,6168,60,,,0,295,,6170,60,,,0,288,,6171,60,,,0,304,,6172,60,,,0
11101,'Fête-1-01',900,,6177,60,,,0,147,,6176,60,,,0,295,,6178,60,,,0,288,,6179,60,,,0,304,,6180,60,,,0
11101,'Fête-2-01',707,,6192,70,,,0,100,,6195,70,,,0,100,,6196,70,,,0,14,,6194,60,,,0,231,,6198,60,,,0,200,,6184,60,,,0,190,,6185,70,,,0,70,,6187,70,,,0,30,,6188,70,,,0,70,,6189,70,,,0,30,,6190,70,,,0,70,,6191,70,,,0,30,,6193,70,,,0,70,,6186,70,,,0,110,,6197,60,,,0
11101,'Samedi-01',900,,6201,60,,,0,147,,6200,60,,,0,295,,6202,60,,,0,288,,6203,60,,,0,304,,6204,60,,,0
11101,'Semaine-01',631,,6217,60,,,0,95,,6224,60,,,0,130,,6225,60,,,0,95,,6222,60,,,0,191,,6227,60,,,0,265,,6208,70,,,0,120,,6211,70,,,0,110,,6219,70,,,0,110,,6220,70,,,0,95,,6221,70,,,0,75,,6210,70,,,0,305,,6223,60,,,0
