101,'Dimanche-02',758,,7950,510,,,0,246,,7951,510,,,0,131,,7952,510,,,0,173,,7953,510,,,0,127,,7954,510,,,0,120,,7955,510,,,0,160,,7956,510,,,0,120,,7957,510,,,0,117,,7958,510,,,0,174,,7959,510,,,0,114,,7960,510,,,0,113,,7961,510,,,0
101,'Fête-1-02',758,,7962,510,,,0,246,,7963,510,,,0,131,,7964,510,,,0,173,,7965,510,,,0,127,,7966,510,,,0,120,,7967,510,,,0,160,,7968,510,,,0,120,,7969,510,,,0,117,,7970,510,,,0,174,,7971,510,,,0,114,,7972,510,,,0,113,,7973,510,,,0
101,'Fête-2-02',658,,7974,510,,,0,101,,7983,510,,,0,70,,7985,510,,,0,90,,7986,510,,,0,110,,7987,510,,,0,105,,7988,510,,,0,95,,7990,510,,,0,105,,7989,510,,,0,106,,7991,510,,,0,81,,7975,510,,,0,104,,7976,510,,,0,96,,7977,510,,,0,106,,7978,510,,,0,74,,7979,510,,,0,103,,7980,510,,,0,43,,7981,510,,,0,173,,7982,510,,,0,134,,7984,510,,,0
101,'Samedi-02',758,,7992,510,,,0,246,,7993,510,,,0,131,,7994,510,,,0,173,,7995,510,,,0,127,,7996,510,,,0,120,,7997,510,,,0,160,,7998,510,,,0,120,,7999,510,,,0,117,,8000,510,,,0,174,,8001,510,,,0,114,,8002,510,,,0,113,,8003,510,,,0
101,'Semaine-02',653,,8022,380,,,0,5,,8004,510,,,0,101,,8013,510,,,0,70,,8015,510,,,0,90,,8016,510,,,0,110,,8017,510,,,0,105,,8018,510,,,0,95,,8020,510,,,0,105,,8019,510,,,0,106,,8021,510,,,0,81,,8005,510,,,0,104,,8006,510,,,0,96,,8007,510,,,0,106,,8008,510,,,0,74,,8009,510,,,0,103,,8010,510,,,0,43,,8011,510,,,0,173,,8012,510,,,0,134,,8014,510,,,0
2000,'Dimanche-02',728,,8023,690,4,,0,124,,8024,690,4,,0,166,,8025,690,4,,0,125,,8026,690,4,,0,165,,8027,690,4,,0,125,,8028,690,4,,0,125,,8029,690,4,,0,165,,8030,690,4,,0
2000,'Fête-1-02',728,,8031,690,4,,0,124,,8032,690,4,,0,166,,8033,690,4,,0,125,,8034,690,4,,0,165,,8035,690,4,,0,125,,8036,690,4,,0,125,,8037,690,4,,0,165,,8038,690,4,,0
2000,'Fête-2-02',713,,8039,690,4,,0,125,,8040,690,4,,0,165,,8041,690,4,,0,126,,8042,690,4,,0,126,,8043,690,4,,0,165,,8044,690,4,,0,126,,8045,690,4,,0,166,,8046,690,4,,0,126,,8047,690,4,,0
2000,'Samedi-02',728,,8048,690,4,,0,124,,8049,690,4,,0,166,,8050,690,4,,0,125,,8051,690,4,,0,165,,8052,690,4,,0,125,,8053,690,4,,0,125,,8054,690,4,,0,165,,8055,690,4,,0
2000,'Semaine-02',713,,8056,690,4,,0,125,,8057,690,4,,0,165,,8058,690,4,,0,126,,8059,690,4,,0,126,,8060,690,4,,0,165,,8061,690,4,,0,126,,8062,690,4,,0,166,,8063,690,4,,0,126,,8064,690,4,,0
2000,'Semaine-02-0001100',2001,,8066,690,4,,0,124,,8065,690,4,,0
2001,'Dimanche-02',730,,8067,10,,,0,124,,8068,10,,,0,166,,8069,10,,,0,125,,8070,10,,,0,165,,8071,10,,,0,125,,8072,10,,,0,165,,8073,10,,,0,125,,8074,10,,,0
2001,'Fête-1-02',730,,8075,10,,,0,124,,8076,10,,,0,166,,8077,10,,,0,125,,8078,10,,,0,165,,8079,10,,,0,125,,8080,10,,,0,165,,8081,10,,,0,125,,8082,10,,,0
2001,'Fête-2-02',715,,8083,10,,,0,125,,8084,10,,,0,165,,8085,10,,,0,126,,8086,10,,,0,126,,8087,10,,,0,165,,8088,10,,,0,126,,8089,10,,,0,166,,8090,10,,,0,126,,8091,10,,,0
2001,'Samedi-02',730,,8092,10,,,0,124,,8093,10,,,0,166,,8094,10,,,0,125,,8095,10,,,0,165,,8096,10,,,0,125,,8097,10,,,0,165,,8098,10,,,0,125,,8099,10,,,0
2001,'Semaine-02',715,,8100,10,,,0,125,,8101,10,,,0,165,,8102,10,,,0,126,,8103,10,,,0,126,,8104,10,,,0,165,,8105,10,,,0,126,,8106,10,,,0,166,,8107,10,,,0,126,,8108,10,,,0
2001,'Semaine-02-0001100',2003,,8110,10,,,0,124,,8109,10,,,0
2801,'Fête-2-02',1705,,8308,400,0,23,0,44,,8307,400,,,0,68,,8309,400,0,23,0
2801,'Semaine-02',1705,,8320,400,0,23,0,44,,8319,400,,,0,68,,8321,400,0,23,0
2000001900,'Dimanche-02',546,,9051,60,4,,0,170,,9052,60,4,,0,130,,9053,60,4,,0,170,,9054,60,4,,0,130,,9055,60,4,,0,170,,9056,60,4,,0,130,,9057,60,4,,0,170,,9058,60,4,,0,130,,9059,60,4,,0,170,,9060,60,4,,0,130,,9061,60,4,,0,170,,9062,60,4,,0
2000001900,'Fête-1-02',546,,9063,60,4,,0,170,,9064,60,4,,0,130,,9065,60,4,,0,170,,9066,60,4,,0,130,,9067,60,4,,0,170,,9068,60,4,,0,130,,9069,60,4,,0,170,,9070,60,4,,0,130,,9071,60,4,,0,170,,9072,60,4,,0,130,,9073,60,4,,0,170,,9074,60,4,,0
2000001900,'Fête-2-02',451,,9075,60,4,,0,100,,9076,60,4,,0,70,,9077,60,4,,0,100,,9078,60,4,,0,100,,9079,60,4,,0,100,,9080,60,4,,0,96,,9081,60,4,,0,100,,9082,60,4,,0,100,,9083,60,4,,0,100,,9084,60,4,,0,100,,9085,60,4,,0,100,,9086,60,4,,0,100,,9087,60,4,,0,34,,9088,60,4,,0,100,,9089,60,4,,0,96,,9090,60,4,,0,165,,9091,60,4,,0,189,,9092,60,4,,0
2000001900,'Samedi-02',546,,9093,60,4,,0,170,,9094,60,4,,0,130,,9095,60,4,,0,170,,9096,60,4,,0,130,,9097,60,4,,0,170,,9098,60,4,,0,130,,9099,60,4,,0,170,,9100,60,4,,0,130,,9101,60,4,,0,170,,9102,60,4,,0,130,,9103,60,4,,0,170,,9104,60,4,,0
2000001900,'Semaine-02',451,,9105,60,4,,0,100,,9106,60,4,,0,70,,9107,60,4,,0,100,,9108,60,4,,0,100,,9109,60,4,,0,100,,9110,60,4,,0,96,,9111,60,4,,0,100,,9112,60,4,,0,100,,9113,60,4,,0,100,,9114,60,4,,0,100,,9115,60,4,,0,100,,9116,60,4,,0,100,,9117,60,4,,0,34,,9118,60,4,,0,100,,9119,60,4,,0,96,,9120,60,4,,0,165,,9121,60,4,,0,189,,9122,60,4,,0
