2000001900,'Dimanche-01',539,,6426,20,0,19,0,170,,6427,20,0,19,0,130,,6428,20,0,19,0,170,,6429,20,0,19,0,130,,6430,20,0,19,0,170,,6431,20,0,19,0,130,,6432,20,0,19,0,170,,6433,20,0,19,0,130,,6434,20,0,19,0,170,,6435,20,0,19,0,130,,6436,20,0,19,0,170,,6437,20,0,19,0
2000001900,'Fête-1-01',539,,6438,20,0,19,0,170,,6439,20,0,19,0,130,,6440,20,0,19,0,170,,6441,20,0,19,0,130,,6442,20,0,19,0,170,,6443,20,0,19,0,130,,6444,20,0,19,0,170,,6445,20,0,19,0,130,,6446,20,0,19,0,170,,6447,20,0,19,0,130,,6448,20,0,19,0,170,,6449,20,0,19,0
2000001900,'Fête-2-01',444,,6450,20,0,19,0,100,,6451,20,0,19,0,70,,6452,20,0,19,0,100,,6453,20,0,19,0,100,,6454,20,0,19,0,100,,6455,20,0,19,0,96,,6456,20,0,19,0,100,,6457,20,0,19,0,100,,6458,20,0,19,0,100,,6459,20,0,19,0,100,,6460,20,0,19,0,100,,6461,20,0,19,0,100,,6462,20,0,19,0,34,,6463,20,0,19,0,100,,6464,20,0,19,0,96,,6465,20,0,19,0,165,,6466,20,0,19,0,149,,6467,20,0,19,0
2000001900,'Samedi-01',539,,6468,20,0,19,0,170,,6469,20,0,19,0,130,,6470,20,0,19,0,170,,6471,20,0,19,0,130,,6472,20,0,19,0,170,,6473,20,0,19,0,130,,6474,20,0,19,0,170,,6475,20,0,19,0,130,,6476,20,0,19,0,170,,6477,20,0,19,0,130,,6478,20,0,19,0,170,,6479,20,0,19,0
2000001900,'Semaine-01',444,,6480,20,0,19,0,100,,6481,20,0,19,0,70,,6482,20,0,19,0,100,,6483,20,0,19,0,100,,6484,20,0,19,0,100,,6485,20,0,19,0,96,,6486,20,0,19,0,100,,6487,20,0,19,0,100,,6488,20,0,19,0,100,,6489,20,0,19,0,100,,6490,20,0,19,0,100,,6491,20,0,19,0,100,,6492,20,0,19,0,34,,6493,20,0,19,0,100,,6494,20,0,19,0,96,,6495,20,0,19,0,165,,6496,20,0,19,0,149,,6497,20,0,19,0
2000001901,'Dimanche-01',744,,6498,60,0,19,0,170,,6499,60,0,19,0,131,,6500,60,0,19,0,171,,6501,60,0,19,0,130,,6502,60,0,19,0,170,,6503,60,0,19,0,130,,6504,60,0,19,0,170,,6505,60,0,19,0,129,,6506,60,0,19,0,170,,6507,60,0,19,0,130,,6508,60,0,19,0,170,,6509,60,0,19,0
2000001901,'Fête-1-01',744,,6510,60,0,19,0,170,,6511,60,0,19,0,131,,6512,60,0,19,0,171,,6513,60,0,19,0,130,,6514,60,0,19,0,170,,6515,60,0,19,0,130,,6516,60,0,19,0,170,,6517,60,0,19,0,129,,6518,60,0,19,0,170,,6519,60,0,19,0,130,,6520,60,0,19,0,170,,6521,60,0,19,0
2000001901,'Fête-2-01',700,,6522,60,0,19,0,100,,6523,60,0,19,0,30,,6524,60,0,19,0,101,,6525,60,0,19,0,100,,6526,60,0,19,0,95,,6527,60,0,19,0,100,,6528,60,0,19,0,100,,6529,60,0,19,0,100,,6530,60,0,19,0,100,,6531,60,0,19,0,103,,6532,60,0,19,0,101,,6533,60,0,19,0,100,,6534,60,0,19,0,70,,6535,60,0,19,0,56,,6536,60,0,19,0,99,,6537,60,0,19,0,160,,6538,60,0,19,0,139,,6539,60,0,19,0
2000001901,'Samedi-01',744,,6540,60,0,19,0,170,,6541,60,0,19,0,131,,6542,60,0,19,0,171,,6543,60,0,19,0,130,,6544,60,0,19,0,170,,6545,60,0,19,0,130,,6546,60,0,19,0,170,,6547,60,0,19,0,129,,6548,60,0,19,0,170,,6549,60,0,19,0,130,,6550,60,0,19,0,170,,6551,60,0,19,0
2000001901,'Semaine-01',700,,6552,60,0,19,0,100,,6553,60,0,19,0,30,,6554,60,0,19,0,101,,6555,60,0,19,0,100,,6556,60,0,19,0,95,,6557,60,0,19,0,100,,6558,60,0,19,0,100,,6559,60,0,19,0,100,,6560,60,0,19,0,100,,6561,60,0,19,0,103,,6562,60,0,19,0,101,,6563,60,0,19,0,100,,6564,60,0,19,0,70,,6565,60,0,19,0,56,,6566,60,0,19,0,99,,6567,60,0,19,0,160,,6568,60,0,19,0,139,,6569,60,0,19,0
