101,'Dimanche-02',737,,7950,210,,,0,205,,7951,210,,,0,170,,7952,210,,,0,133,,7953,210,,,0,167,,7954,210,,,0,120,,7955,210,,,0,120,,7956,210,,,0,160,,7957,210,,,0,118,,7958,210,,,0,174,,7959,210,,,0,114,,7960,210,,,0,114,,7961,210,,,0
101,'Fête-1-02',737,,7962,210,,,0,205,,7963,210,,,0,170,,7964,210,,,0,133,,7965,210,,,0,167,,7966,210,,,0,120,,7967,210,,,0,120,,7968,210,,,0,160,,7969,210,,,0,118,,7970,210,,,0,174,,7971,210,,,0,114,,7972,210,,,0,114,,7973,210,,,0
101,'Fête-2-02',636,,7974,210,,,0,100,,7983,210,,,0,70,,7985,210,,,0,50,,7986,210,,,0,151,,7987,210,,,0,105,,7988,210,,,0,95,,7990,210,,,0,102,,7989,210,,,0,106,,7991,210,,,0,41,,7975,210,,,0,103,,7976,210,,,0,96,,7977,210,,,0,148,,7978,210,,,0,34,,7979,210,,,0,103,,7980,210,,,0,84,,7981,210,,,0,134,,7982,210,,,0,175,,7984,210,,,0
101,'Samedi-02',737,,7992,210,,,0,205,,7993,210,,,0,170,,7994,210,,,0,133,,7995,210,,,0,167,,7996,210,,,0,120,,7997,210,,,0,120,,7998,210,,,0,160,,7999,210,,,0,118,,8000,210,,,0,174,,8001,210,,,0,114,,8002,210,,,0,114,,8003,210,,,0
101,'Semaine-02',631,,8022,80,,,0,5,,8004,210,,,0,100,,8013,210,,,0,70,,8015,210,,,0,50,,8016,210,,,0,151,,8017,210,,,0,105,,8018,210,,,0,95,,8020,210,,,0,102,,8019,210,,,0,106,,8021,210,,,0,41,,8005,210,,,0,103,,8006,210,,,0,96,,8007,210,,,0,148,,8008,210,,,0,34,,8009,210,,,0,103,,8010,210,,,0,84,,8011,210,,,0,134,,8012,210,,,0,175,,8014,210,,,0
2301,'Fête-2-02',1556,,8180,220,,,0,65,,8181,220,,,0,30,,8182,220,,,0,70,,8183,220,,,0,29,,8184,220,,,0,69,,8185,220,,,0,30,,8186,220,,,0
2301,'Semaine-02',1556,,8187,220,,,0,65,,8188,220,,,0,30,,8189,220,,,0,70,,8190,220,,,0,29,,8191,220,,,0,69,,8192,220,,,0,30,,8193,220,,,0
2801,'Fête-2-02',1400,,8310,150,0,22,0,149,,8313,150,0,22,0,72,,8317,150,0,22,0,27,,8308,150,0,23,0,55,,8316,150,0,22,0,19,,8311,150,0,22,0,10,,8307,150,,,0,10,,8312,150,0,22,0,58,,8309,150,0,23,0,19,,8314,150,0,22,0,15,,8318,150,0,22,0,15,,8315,150,0,22,0
2801,'Semaine-02',1400,,8322,150,0,22,0,149,,8328,150,0,22,0,57,,8331,150,0,22,0,15,,8335,150,0,22,0,12,,8332,150,0,22,0,15,,8320,150,0,23,0,5,,8333,150,0,22,0,50,,8334,150,0,22,0,10,,8323,150,0,22,0,9,,8324,150,0,22,0,10,,8319,150,,,0,10,,8325,150,0,22,0,8,,8326,150,0,22,0,50,,8321,150,0,23,0,14,,8327,150,0,22,0,10,,8329,150,0,22,0,25,,8330,150,0,22,0
3300,'Dimanche-02',543,,8559,90,,,0,82,,8557,90,,,0,90,,8568,90,,,0,41,,8578,90,,,0,83,,8580,90,,,0,93,,8581,90,,,0,80,,8582,90,,,0,40,,8583,90,,,0,80,,8584,90,,,0,80,,8560,90,,,0,40,,8561,90,,,0,79,,8562,90,,,0,80,,8563,90,,,0,40,,8564,90,,,0,79,,8565,90,,,0,79,,8566,90,,,0,39,,8567,90,,,0,79,,8569,90,,,0,79,,8570,90,,,0,40,,8571,90,,,0,87,,8572,90,,,0,85,,8573,90,,,0,86,,8574,90,,,0,47,,8575,90,,,0,86,,8576,90,,,0,83,,8577,90,,,0,88,,8558,90,,,0,43,,8579,90,,,0,159,,8585,90,0,8 6,0
3300,'Fête-1-02',603,,8588,90,,,0,41,,8586,90,,,0,81,,8597,90,,,0,82,,8607,90,,,0,42,,8609,90,,,0,84,,8610,90,,,0,81,,8611,90,,,0,42,,8612,90,,,0,82,,8613,90,,,0,82,,8589,90,,,0,82,,8590,90,,,0,42,,8591,90,,,0,82,,8592,90,,,0,82,,8593,90,,,0,42,,8594,90,,,0,82,,8595,90,,,0,82,,8596,90,,,0,45,,8598,90,,,0,79,,8599,90,,,0,82,,8600,90,,,0,82,,8601,90,,,0,39,,8602,90,,,0,82,,8603,90,,,0,81,,8604,90,,,0,42,,8605,90,,,0,83,,8606,90,,,0,86,,8608,90,,,0,86,,8587,90,,,0,113,,8614,90,0,8 6,0
3300,'Fête-2-02',610,,8615,90,,,0,40,,8643,90,,,0,80,,8624,90,,,0,80,,8634,90,,,0,40,,8637,90,,,0,80,,8638,90,,,0,80,,8639,90,,,0,41,,8640,90,,,0,81,,8641,90,,,0,83,,8616,90,,,0,43,,8617,90,,,0,83,,8618,90,,,0,82,,8619,90,,,0,82,,8620,90,,,0,46,,8621,90,,,0,85,,8622,90,,,0,85,,8623,90,,,0,84,,8625,90,,,0,45,,8626,90,,,0,83,,8627,90,,,0,82,,8628,90,,,0,40,,8629,90,,,0,80,,8630,90,,,0,80,,8631,90,,,0,40,,8632,90,,,0,80,,8633,90,,,0,80,,8635,90,,,0,40,,8636,90,,,0,96,,8642,40,0,8 6,0
3300,'Samedi-02',603,,8646,90,,,0,41,,8644,90,,,0,81,,8655,90,,,0,82,,8665,90,,,0,42,,8667,90,,,0,84,,8668,90,,,0,81,,8669,90,,,0,42,,8670,90,,,0,82,,8671,90,,,0,82,,8647,90,,,0,82,,8648,90,,,0,42,,8649,90,,,0,82,,8650,90,,,0,82,,8651,90,,,0,42,,8652,90,,,0,82,,8653,90,,,0,82,,8654,90,,,0,45,,8656,90,,,0,79,,8657,90,,,0,82,,8658,90,,,0,82,,8659,90,,,0,39,,8660,90,,,0,82,,8661,90,,,0,81,,8662,90,,,0,42,,8663,90,,,0,83,,8664,90,,,0,86,,8666,90,,,0,86,,8645,90,,,0,113,,8672,90,0,8 6,0
3300,'Semaine-02',610,,8673,90,,,0,40,,8701,90,,,0,80,,8682,90,,,0,80,,8692,90,,,0,40,,8695,90,,,0,80,,8696,90,,,0,80,,8697,90,,,0,41,,8698,90,,,0,81,,8699,90,,,0,83,,8674,90,,,0,43,,8675,90,,,0,83,,8676,90,,,0,82,,8677,90,,,0,82,,8678,90,,,0,46,,8679,90,,,0,85,,8680,90,,,0,85,,8681,90,,,0,84,,8683,90,,,0,45,,8684,90,,,0,83,,8685,90,,,0,82,,8686,90,,,0,40,,8687,90,,,0,80,,8688,90,,,0,80,,8689,90,,,0,40,,8690,90,,,0,80,,8691,90,,,0,80,,8693,90,,,0,40,,8694,90,,,0,96,,8700,40,0,8 6,0
9001,'Semaine-02',1842,,8705,120,,,0
