101,'Dimanche-02',745,,7950,350,,,0,206,,7951,350,,,0,171,,7952,350,,,0,133,,7953,350,,,0,167,,7954,350,,,0,120,,7955,350,,,0,160,,7956,350,,,0,120,,7957,350,,,0,117,,7958,350,,,0,174,,7959,350,,,0,114,,7960,350,,,0,113,,7961,350,,,0
101,'Fête-1-02',745,,7962,350,,,0,206,,7963,350,,,0,171,,7964,350,,,0,133,,7965,350,,,0,167,,7966,350,,,0,120,,7967,350,,,0,160,,7968,350,,,0,120,,7969,350,,,0,117,,7970,350,,,0,174,,7971,350,,,0,114,,7972,350,,,0,113,,7973,350,,,0
101,'Fête-2-02',644,,7974,350,,,0,101,,7983,350,,,0,70,,7985,350,,,0,90,,7986,350,,,0,111,,7987,350,,,0,105,,7988,350,,,0,95,,7990,350,,,0,104,,7989,350,,,0,106,,7991,350,,,0,81,,7975,350,,,0,103,,7976,350,,,0,96,,7977,350,,,0,107,,7978,350,,,0,34,,7979,350,,,0,103,,7980,350,,,0,83,,7981,350,,,0,173,,7982,350,,,0,135,,7984,350,,,0
101,'Samedi-02',745,,7992,350,,,0,206,,7993,350,,,0,171,,7994,350,,,0,133,,7995,350,,,0,167,,7996,350,,,0,120,,7997,350,,,0,160,,7998,350,,,0,120,,7999,350,,,0,117,,8000,350,,,0,174,,8001,350,,,0,114,,8002,350,,,0,113,,8003,350,,,0
101,'Semaine-02',639,,8022,220,,,0,5,,8004,350,,,0,101,,8013,350,,,0,70,,8015,350,,,0,90,,8016,350,,,0,111,,8017,350,,,0,105,,8018,350,,,0,95,,8020,350,,,0,104,,8019,350,,,0,106,,8021,350,,,0,81,,8005,350,,,0,103,,8006,350,,,0,96,,8007,350,,,0,107,,8008,350,,,0,34,,8009,350,,,0,103,,8010,350,,,0,83,,8011,350,,,0,173,,8012,350,,,0,135,,8014,350,,,0
3300,'Dimanche-02',554,,8559,260,,,0,82,,8557,260,,,0,91,,8568,260,,,0,81,,8578,260,,,0,43,,8580,260,,,0,93,,8581,260,,,0,80,,8582,260,,,0,80,,8583,260,,,0,40,,8584,260,,,0,80,,8560,260,,,0,80,,8561,260,,,0,39,,8562,260,,,0,80,,8563,260,,,0,80,,8564,260,,,0,39,,8565,260,,,0,79,,8566,260,,,0,79,,8567,260,,,0,39,,8569,260,,,0,79,,8570,260,,,0,40,,8571,260,,,0,87,,8572,260,,,0,85,,8573,260,,,0,85,,8574,260,,,0,87,,8575,260,,,0,46,,8576,260,,,0,83,,8577,260,,,0,88,,8558,260,,,0,83,,8579,260,,,0,119,,8585,260,0,8 6,0
3300,'Fête-1-02',614,,8588,260,,,0,41,,8586,260,,,0,82,,8597,260,,,0,82,,8607,260,,,0,82,,8609,260,,,0,44,,8610,260,,,0,81,,8611,260,,,0,82,,8612,260,,,0,42,,8613,260,,,0,82,,8589,260,,,0,82,,8590,260,,,0,42,,8591,260,,,0,82,,8592,260,,,0,82,,8593,260,,,0,82,,8594,260,,,0,42,,8595,260,,,0,82,,8596,260,,,0,85,,8598,260,,,0,39,,8599,260,,,0,82,,8600,260,,,0,82,,8601,260,,,0,39,,8602,260,,,0,81,,8603,260,,,0,81,,8604,260,,,0,42,,8605,260,,,0,83,,8606,260,,,0,86,,8608,260,,,0,86,,8587,260,,,0,113,,8614,260,0,8 6,0
3300,'Fête-2-02',622,,8615,260,,,0,80,,8643,260,,,0,41,,8624,260,,,0,80,,8634,260,,,0,80,,8637,260,,,0,40,,8638,260,,,0,80,,8639,260,,,0,82,,8640,260,,,0,41,,8641,260,,,0,83,,8616,260,,,0,83,,8617,260,,,0,43,,8618,260,,,0,82,,8619,260,,,0,83,,8620,260,,,0,86,,8621,260,,,0,45,,8622,260,,,0,85,,8623,260,,,0,84,,8625,260,,,0,82,,8626,260,,,0,43,,8627,260,,,0,82,,8628,260,,,0,80,,8629,260,,,0,40,,8630,260,,,0,79,,8631,260,,,0,80,,8632,260,,,0,40,,8633,260,,,0,80,,8635,260,,,0,80,,8636,260,,,0,96,,8642,210,0,8 6,0
3300,'Samedi-02',614,,8646,260,,,0,41,,8644,260,,,0,82,,8655,260,,,0,82,,8665,260,,,0,82,,8667,260,,,0,44,,8668,260,,,0,81,,8669,260,,,0,82,,8670,260,,,0,42,,8671,260,,,0,82,,8647,260,,,0,82,,8648,260,,,0,42,,8649,260,,,0,82,,8650,260,,,0,82,,8651,260,,,0,82,,8652,260,,,0,42,,8653,260,,,0,82,,8654,260,,,0,85,,8656,260,,,0,39,,8657,260,,,0,82,,8658,260,,,0,82,,8659,260,,,0,39,,8660,260,,,0,81,,8661,260,,,0,81,,8662,260,,,0,42,,8663,260,,,0,83,,8664,260,,,0,86,,8666,260,,,0,86,,8645,260,,,0,113,,8672,260,0,8 6,0
3300,'Semaine-02',622,,8673,260,,,0,80,,8701,260,,,0,41,,8682,260,,,0,80,,8692,260,,,0,80,,8695,260,,,0,40,,8696,260,,,0,80,,8697,260,,,0,82,,8698,260,,,0,41,,8699,260,,,0,83,,8674,260,,,0,83,,8675,260,,,0,43,,8676,260,,,0,82,,8677,260,,,0,83,,8678,260,,,0,86,,8679,260,,,0,45,,8680,260,,,0,85,,8681,260,,,0,84,,8683,260,,,0,82,,8684,260,,,0,43,,8685,260,,,0,82,,8686,260,,,0,80,,8687,260,,,0,40,,8688,260,,,0,79,,8689,260,,,0,80,,8690,260,,,0,40,,8691,260,,,0,80,,8693,260,,,0,80,,8694,260,,,0,96,,8700,210,0,8 6,0
14001,'Dimanche-02',826,,8856,50,,,0,114,,8857,50,,,0,115,,8858,50,,,0,155,,8859,50,,,0,115,,8860,50,,,0,115,,8861,50,,,0,160,,8862,50,,,0,120,,8855,50,,,0
14001,'Fête-1-02',826,,8865,50,,,0,114,,8866,50,,,0,115,,8867,50,,,0,155,,8868,50,,,0,115,,8869,50,,,0,115,,8870,50,,,0,160,,8871,50,,,0,120,,8864,50,,,0
14001,'Fête-2-02',735,,8884,510,,,0,165,,8874,50,,,0,120,,8875,50,,,0,121,,8876,50,,,0,165,,8877,50,,,0,125,,8878,50,,,0,125,,8879,50,,,0,165,,8880,50,,,0,125,,8881,50,,,0,160,,8882,50,,,0,114,,8883,50,,,0
14001,'Samedi-02',826,,8887,50,,,0,114,,8888,50,,,0,115,,8889,50,,,0,155,,8890,50,,,0,115,,8891,50,,,0,115,,8892,50,,,0,160,,8893,50,,,0,120,,8886,50,,,0
14001,'Semaine-02',735,,8906,510,,,0,165,,8896,50,,,0,120,,8897,50,,,0,121,,8898,50,,,0,165,,8899,50,,,0,125,,8900,50,,,0,125,,8901,50,,,0,165,,8902,50,,,0,125,,8903,50,,,0,160,,8904,50,,,0,114,,8905,50,,,0
