101,'Dimanche-02',734,,7950,160,,,0,205,,7951,160,,,0,170,,7952,160,,,0,133,,7953,160,,,0,166,,7954,160,,,0,120,,7955,160,,,0,120,,7956,160,,,0,160,,7957,160,,,0,119,,7958,160,,,0,174,,7959,160,,,0,114,,7960,160,,,0,114,,7961,160,,,0
101,'Fête-1-02',734,,7962,160,,,0,205,,7963,160,,,0,170,,7964,160,,,0,133,,7965,160,,,0,166,,7966,160,,,0,120,,7967,160,,,0,120,,7968,160,,,0,160,,7969,160,,,0,119,,7970,160,,,0,174,,7971,160,,,0,114,,7972,160,,,0,114,,7973,160,,,0
101,'Fête-2-02',633,,7974,160,,,0,100,,7983,160,,,0,70,,7985,160,,,0,50,,7986,160,,,0,151,,7987,160,,,0,105,,7988,160,,,0,95,,7990,160,,,0,101,,7989,160,,,0,106,,7991,160,,,0,41,,7975,160,,,0,102,,7976,160,,,0,96,,7977,160,,,0,109,,7978,160,,,0,74,,7979,160,,,0,104,,7980,160,,,0,84,,7981,160,,,0,134,,7982,160,,,0,175,,7984,160,,,0
101,'Samedi-02',734,,7992,160,,,0,205,,7993,160,,,0,170,,7994,160,,,0,133,,7995,160,,,0,166,,7996,160,,,0,120,,7997,160,,,0,120,,7998,160,,,0,160,,7999,160,,,0,119,,8000,160,,,0,174,,8001,160,,,0,114,,8002,160,,,0,114,,8003,160,,,0
101,'Semaine-02',628,,8022,30,,,0,5,,8004,160,,,0,100,,8013,160,,,0,70,,8015,160,,,0,50,,8016,160,,,0,151,,8017,160,,,0,105,,8018,160,,,0,95,,8020,160,,,0,101,,8019,160,,,0,106,,8021,160,,,0,41,,8005,160,,,0,102,,8006,160,,,0,96,,8007,160,,,0,109,,8008,160,,,0,74,,8009,160,,,0,104,,8010,160,,,0,84,,8011,160,,,0,134,,8012,160,,,0,175,,8014,160,,,0
2100,'Fête-2-02',525,,8111,10,,,0,30,,8112,10,,,0,70,,8113,10,,,0,75,,8114,10,,,0,30,,8115,10,,,0,75,,8116,10,,,0
2100,'Semaine-02',525,,8117,10,,,0,30,,8118,10,,,0,70,,8119,10,,,0,75,,8120,10,,,0,30,,8121,10,,,0,75,,8122,10,,,0
2101,'Fête-2-02',1622,,8123,160,,,0,30,,8124,160,,,0,69,,8125,160,,,0,29,,8126,160,,,0,70,,8127,160,,,0
2101,'Semaine-02',1622,,8131,160,,,0,23,,8132,160,,,0,66,,8133,160,,,0,24,,8134,160,,,0,65,,8135,160,,,0,28,,8136,160,,,0
2801,'Fête-2-02',1357,,8310,100,0,22,0,188,,8313,100,0,22,0,72,,8317,100,0,22,0,27,,8308,100,0,23,0,15,,8316,100,0,22,0,59,,8311,100,0,22,0,10,,8307,100,,,0,10,,8312,100,0,22,0,18,,8309,100,0,23,0,59,,8314,100,0,22,0,16,,8318,100,0,22,0,15,,8315,100,0,22,0
2801,'Semaine-02',1357,,8322,100,0,22,0,188,,8328,100,0,22,0,57,,8331,100,0,22,0,15,,8335,100,0,22,0,12,,8332,100,0,22,0,15,,8320,100,0,23,0,5,,8333,100,0,22,0,10,,8334,100,0,22,0,50,,8323,100,0,22,0,9,,8324,100,0,22,0,10,,8319,100,,,0,10,,8325,100,0,22,0,8,,8326,100,0,22,0,10,,8321,100,0,23,0,54,,8327,100,0,22,0,11,,8329,100,0,22,0,25,,8330,100,0,22,0
3300,'Dimanche-02',540,,8559,30,,,0,82,,8557,30,,,0,90,,8568,30,,,0,41,,8578,30,,,0,83,,8580,30,,,0,93,,8581,30,,,0,80,,8582,30,,,0,40,,8583,30,,,0,80,,8584,30,,,0,80,,8560,30,,,0,40,,8561,30,,,0,79,,8562,30,,,0,80,,8563,30,,,0,40,,8564,30,,,0,79,,8565,30,,,0,79,,8566,30,,,0,39,,8567,30,,,0,79,,8569,30,,,0,79,,8570,30,,,0,40,,8571,30,,,0,87,,8572,30,,,0,85,,8573,30,,,0,86,,8574,30,,,0,47,,8575,30,,,0,86,,8576,30,,,0,83,,8577,30,,,0,88,,8558,30,,,0,43,,8579,30,,,0,159,,8585,30,0,8 6,0
3300,'Fête-1-02',600,,8588,30,,,0,41,,8586,30,,,0,81,,8597,30,,,0,82,,8607,30,,,0,42,,8609,30,,,0,84,,8610,30,,,0,81,,8611,30,,,0,42,,8612,30,,,0,82,,8613,30,,,0,82,,8589,30,,,0,42,,8590,30,,,0,82,,8591,30,,,0,82,,8592,30,,,0,82,,8593,30,,,0,42,,8594,30,,,0,82,,8595,30,,,0,82,,8596,30,,,0,45,,8598,30,,,0,79,,8599,30,,,0,82,,8600,30,,,0,42,,8601,30,,,0,79,,8602,30,,,0,82,,8603,30,,,0,81,,8604,30,,,0,42,,8605,30,,,0,83,,8606,30,,,0,86,,8608,30,,,0,46,,8587,30,,,0,153,,8614,30,0,8 6,0
3300,'Fête-2-02',607,,8615,30,,,0,40,,8643,30,,,0,80,,8624,30,,,0,80,,8634,30,,,0,40,,8637,30,,,0,80,,8638,30,,,0,80,,8639,30,,,0,41,,8640,30,,,0,81,,8641,30,,,0,83,,8616,30,,,0,43,,8617,30,,,0,83,,8618,30,,,0,82,,8619,30,,,0,82,,8620,30,,,0,45,,8621,30,,,0,85,,8622,30,,,0,85,,8623,30,,,0,85,,8625,30,,,0,45,,8626,30,,,0,83,,8627,30,,,0,82,,8628,30,,,0,40,,8629,30,,,0,80,,8630,30,,,0,80,,8631,30,,,0,40,,8632,30,,,0,80,,8633,30,,,0,80,,8635,30,,,0,40,,8636,30,,,0
3300,'Samedi-02',600,,8646,30,,,0,41,,8644,30,,,0,81,,8655,30,,,0,82,,8665,30,,,0,42,,8667,30,,,0,84,,8668,30,,,0,81,,8669,30,,,0,42,,8670,30,,,0,82,,8671,30,,,0,82,,8647,30,,,0,42,,8648,30,,,0,82,,8649,30,,,0,82,,8650,30,,,0,82,,8651,30,,,0,42,,8652,30,,,0,82,,8653,30,,,0,82,,8654,30,,,0,45,,8656,30,,,0,79,,8657,30,,,0,82,,8658,30,,,0,42,,8659,30,,,0,79,,8660,30,,,0,82,,8661,30,,,0,81,,8662,30,,,0,42,,8663,30,,,0,83,,8664,30,,,0,86,,8666,30,,,0,46,,8645,30,,,0,153,,8672,30,0,8 6,0
3300,'Semaine-02',607,,8673,30,,,0,40,,8701,30,,,0,80,,8682,30,,,0,80,,8692,30,,,0,40,,8695,30,,,0,80,,8696,30,,,0,80,,8697,30,,,0,41,,8698,30,,,0,81,,8699,30,,,0,83,,8674,30,,,0,43,,8675,30,,,0,83,,8676,30,,,0,82,,8677,30,,,0,82,,8678,30,,,0,45,,8679,30,,,0,85,,8680,30,,,0,85,,8681,30,,,0,85,,8683,30,,,0,45,,8684,30,,,0,83,,8685,30,,,0,82,,8686,30,,,0,40,,8687,30,,,0,80,,8688,30,,,0,80,,8689,30,,,0,40,,8690,30,,,0,80,,8691,30,,,0,80,,8693,30,,,0,40,,8694,30,,,0
9001,'Semaine-02',1839,,8705,70,,,0
