2400,'Fête-2-01',624,,5569,90,,,0,79,,5570,90,,,0,40,,5572,90,,,0,80,,5573,90,,,0,80,,5571,90,,,0
2400,'Semaine-01',602,,5574,90,,,0,22,,5575,90,,,0,33,,5576,90,,,0,92,,5578,90,,,0,74,,5579,90,,,0,80,,5577,90,,,0
2501,'Fête-2-01',1620,,5601,430,,,0,80,,5602,430,,,0,33,,5603,430,,,0,79,,5604,430,,,0,40,,5605,430,,,0,68,,5606,430,,,0
2501,'Semaine-01',1620,,5607,430,,,0,80,,5608,430,,,0,33,,5609,430,,,0,79,,5610,430,,,0,40,,5611,430,,,0,68,,5612,430,,,0
2600,'Fête-2-01',454,,5613,140,,,0
2600,'Semaine-01',454,,5615,140,,,0
2000002500,'Dimanche-01',542,,7243,270,,,0,87,,7245,320,,,0,78,,7246,320,,,0,35,,7247,320,,,0,68,,7248,320,,,0,34,,7249,320,,,0,78,,7250,320,,,0,37,,7251,320,,,0,76,,7252,320,,,0,72,,7253,320,,,0,45,,7254,320,,,0,85,,7255,320,,,0,95,,7256,320,,,0,23,,7257,320,,,0,62,,7258,320,,,0,85,,7259,320,,,0,40,,7260,320,,,0,80,,7261,320,,,0,80,,7262,320,,,0,35,,7263,320,,,0,81,,7264,320,,,0,39,,7265,320,,,0,80,,7266,320,,,0,70,,7267,320,,,0,35,,7268,320,,,0,75,,7269,320,,,0,35,,7270,320,,,0,75,,7271,320,,,0,75,,7272,320,,,0,30,,7273,320,,,0,75,,7274,320,,,0,35,,7275,320,,,0,76,,7276,320,,,0
2000002500,'Fête-1-01',529,,7309,270,,,0,26,,7278,320,,,0,76,,7294,320,,,0,83,,7279,320,,,0,27,,7295,320,,,0,77,,7280,320,,,0,40,,7296,320,,,0,80,,7281,320,,,0,70,,7297,320,,,0,40,,7282,320,,,0,80,,7298,320,,,0,77,,7283,320,,,0,30,,7277,320,,,0,73,,7284,320,,,0,41,,7299,320,,,0,78,,7285,320,,,0,86,,7300,320,,,0,45,,7286,320,,,0,79,,7301,320,,,0,71,,7287,320,,,0,34,,7302,320,,,0,84,,7288,320,,,0,80,,7303,320,,,0,44,,7289,320,,,0,80,,7304,320,,,0,90,,7290,320,,,0,81,,7305,320,,,0,36,,7291,320,,,0,76,,7306,320,,,0,32,,7292,320,,,0,72,,7307,320,,,0,111,,7293,320,,,0
2000002500,'Fête-2-01',602,,7311,270,,,0,36,,7312,320,,,0,80,,7313,320,,,0,40,,7310,320,,,0,80,,7314,320,,,0,80,,7315,320,,,0,40,,7316,320,,,0,80,,7317,320,,,0,81,,7318,320,,,0,82,,7319,320,,,0,43,,7320,320,,,0,83,,7321,320,,,0,83,,7322,320,,,0,42,,7323,320,,,0,82,,7324,320,,,0,85,,7325,320,,,0,85,,7326,320,,,0,46,,7327,320,,,0,85,,7328,320,,,0,85,,7329,320,,,0,82,,7330,320,,,0,42,,7331,320,,,0,79,,7332,320,,,0,80,,7333,320,,,0,40,,7334,320,,,0,80,,7335,320,,,0,80,,7336,320,,,0,40,,7337,320,,,0,60,,7338,320,,,0,30,,7339,320,,,0
2000002500,'Samedi-01',529,,7373,270,,,0,26,,7342,320,,,0,76,,7358,320,,,0,83,,7343,320,,,0,27,,7359,320,,,0,77,,7344,320,,,0,40,,7360,320,,,0,80,,7345,320,,,0,70,,7361,320,,,0,40,,7346,320,,,0,80,,7362,320,,,0,77,,7347,320,,,0,30,,7341,320,,,0,73,,7348,320,,,0,41,,7363,320,,,0,78,,7349,320,,,0,86,,7364,320,,,0,45,,7350,320,,,0,79,,7365,320,,,0,71,,7351,320,,,0,34,,7366,320,,,0,84,,7352,320,,,0,80,,7367,320,,,0,44,,7353,320,,,0,80,,7368,320,,,0,90,,7354,320,,,0,81,,7369,320,,,0,36,,7355,320,,,0,76,,7370,320,,,0,32,,7356,320,,,0,72,,7371,320,,,0,111,,7357,320,,,0
2000002500,'Semaine-01',602,,7375,270,,,0,36,,7376,320,,,0,80,,7377,320,,,0,40,,7374,320,,,0,80,,7378,320,,,0,80,,7379,320,,,0,40,,7380,320,,,0,80,,7381,320,,,0,81,,7382,320,,,0,82,,7383,320,,,0,43,,7384,320,,,0,83,,7385,320,,,0,83,,7386,320,,,0,42,,7387,320,,,0,82,,7388,320,,,0,85,,7389,320,,,0,85,,7390,320,,,0,46,,7391,320,,,0,85,,7392,320,,,0,85,,7393,320,,,0,82,,7394,320,,,0,42,,7395,320,,,0,79,,7396,320,,,0,80,,7397,320,,,0,40,,7398,320,,,0,80,,7399,320,,,0,80,,7400,320,,,0,40,,7401,320,,,0,60,,7402,320,,,0,30,,7403,320,,,0
