101,'Dimanche-02',740,,7950,270,,,0,206,,7951,270,,,0,171,,7952,270,,,0,133,,7953,270,,,0,167,,7954,270,,,0,120,,7955,270,,,0,120,,7956,270,,,0,160,,7957,270,,,0,117,,7958,270,,,0,174,,7959,270,,,0,114,,7960,270,,,0,113,,7961,270,,,0
101,'Fête-1-02',740,,7962,270,,,0,206,,7963,270,,,0,171,,7964,270,,,0,133,,7965,270,,,0,167,,7966,270,,,0,120,,7967,270,,,0,120,,7968,270,,,0,160,,7969,270,,,0,117,,7970,270,,,0,174,,7971,270,,,0,114,,7972,270,,,0,113,,7973,270,,,0
101,'Fête-2-02',639,,7974,270,,,0,101,,7983,270,,,0,70,,7985,270,,,0,90,,7986,270,,,0,111,,7987,270,,,0,105,,7988,270,,,0,95,,7990,270,,,0,103,,7989,270,,,0,106,,7991,270,,,0,81,,7975,270,,,0,103,,7976,270,,,0,96,,7977,270,,,0,107,,7978,270,,,0,34,,7979,270,,,0,103,,7980,270,,,0,84,,7981,270,,,0,173,,7982,270,,,0,135,,7984,270,,,0
101,'Samedi-02',740,,7992,270,,,0,206,,7993,270,,,0,171,,7994,270,,,0,133,,7995,270,,,0,167,,7996,270,,,0,120,,7997,270,,,0,120,,7998,270,,,0,160,,7999,270,,,0,117,,8000,270,,,0,174,,8001,270,,,0,114,,8002,270,,,0,113,,8003,270,,,0
101,'Semaine-02',634,,8022,140,,,0,5,,8004,270,,,0,101,,8013,270,,,0,70,,8015,270,,,0,90,,8016,270,,,0,111,,8017,270,,,0,105,,8018,270,,,0,95,,8020,270,,,0,103,,8019,270,,,0,106,,8021,270,,,0,81,,8005,270,,,0,103,,8006,270,,,0,96,,8007,270,,,0,107,,8008,270,,,0,34,,8009,270,,,0,103,,8010,270,,,0,84,,8011,270,,,0,173,,8012,270,,,0,135,,8014,270,,,0
2301,'Fête-2-02',1601,,8180,280,,,0,25,,8181,280,,,0,30,,8182,280,,,0,70,,8183,280,,,0,28,,8184,280,,,0,69,,8185,280,,,0,29,,8186,280,,,0
2301,'Semaine-02',1601,,8187,280,,,0,25,,8188,280,,,0,30,,8189,280,,,0,70,,8190,280,,,0,28,,8191,280,,,0,69,,8192,280,,,0,29,,8193,280,,,0
2401,'Fête-2-02',1648,,8205,180,,,0,85,,8206,180,,,0,85,,8208,180,,,0,85,,8207,180,,,0
2401,'Semaine-02',1648,,8209,180,,,0,85,,8210,180,,,0,85,,8213,180,,,0,21,,8212,180,,,0,64,,8211,180,,,0
2801,'Fête-2-02',1405,,8310,210,0,22,0,150,,8313,210,0,22,0,71,,8317,210,0,22,0,27,,8308,210,0,23,0,55,,8316,210,0,22,0,19,,8311,210,0,22,0,10,,8307,210,,,0,10,,8312,210,0,22,0,58,,8309,210,0,23,0,19,,8314,210,0,22,0,15,,8318,210,0,22,0,15,,8315,210,0,22,0
2801,'Semaine-02',1405,,8322,210,0,22,0,150,,8328,210,0,22,0,56,,8331,210,0,22,0,15,,8335,210,0,22,0,12,,8332,210,0,22,0,15,,8320,210,0,23,0,5,,8333,210,0,22,0,50,,8334,210,0,22,0,10,,8323,210,0,22,0,9,,8324,210,0,22,0,10,,8319,210,,,0,10,,8325,210,0,22,0,8,,8326,210,0,22,0,50,,8321,210,0,23,0,14,,8327,210,0,22,0,10,,8329,210,0,22,0,25,,8330,210,0,22,0
3300,'Dimanche-02',546,,8559,150,,,0,82,,8557,150,,,0,90,,8568,150,,,0,41,,8578,150,,,0,83,,8580,150,,,0,93,,8581,150,,,0,80,,8582,150,,,0,40,,8583,150,,,0,80,,8584,150,,,0,80,,8560,150,,,0,40,,8561,150,,,0,79,,8562,150,,,0,80,,8563,150,,,0,40,,8564,150,,,0,79,,8565,150,,,0,79,,8566,150,,,0,39,,8567,150,,,0,79,,8569,150,,,0,79,,8570,150,,,0,40,,8571,150,,,0,87,,8572,150,,,0,85,,8573,150,,,0,86,,8574,150,,,0,47,,8575,150,,,0,86,,8576,150,,,0,83,,8577,150,,,0,88,,8558,150,,,0,43,,8579,150,,,0,159,,8585,150,0,8 6,0
3300,'Fête-1-02',606,,8588,150,,,0,41,,8586,150,,,0,81,,8597,150,,,0,82,,8607,150,,,0,42,,8609,150,,,0,84,,8610,150,,,0,81,,8611,150,,,0,42,,8612,150,,,0,82,,8613,150,,,0,82,,8589,150,,,0,82,,8590,150,,,0,42,,8591,150,,,0,82,,8592,150,,,0,82,,8593,150,,,0,42,,8594,150,,,0,82,,8595,150,,,0,82,,8596,150,,,0,85,,8598,150,,,0,39,,8599,150,,,0,82,,8600,150,,,0,82,,8601,150,,,0,39,,8602,150,,,0,82,,8603,150,,,0,81,,8604,150,,,0,42,,8605,150,,,0,83,,8606,150,,,0,86,,8608,150,,,0,86,,8587,150,,,0,113,,8614,150,0,8 6,0
3300,'Fête-2-02',613,,8615,150,,,0,40,,8643,150,,,0,81,,8624,150,,,0,80,,8634,150,,,0,40,,8637,150,,,0,79,,8638,150,,,0,80,,8639,150,,,0,42,,8640,150,,,0,81,,8641,150,,,0,83,,8616,150,,,0,83,,8617,150,,,0,43,,8618,150,,,0,82,,8619,150,,,0,83,,8620,150,,,0,46,,8621,150,,,0,85,,8622,150,,,0,85,,8623,150,,,0,84,,8625,150,,,0,43,,8626,150,,,0,83,,8627,150,,,0,82,,8628,150,,,0,40,,8629,150,,,0,80,,8630,150,,,0,80,,8631,150,,,0,40,,8632,150,,,0,80,,8633,150,,,0,80,,8635,150,,,0,40,,8636,150,,,0,96,,8642,100,0,8 6,0
3300,'Samedi-02',606,,8646,150,,,0,41,,8644,150,,,0,81,,8655,150,,,0,82,,8665,150,,,0,42,,8667,150,,,0,84,,8668,150,,,0,81,,8669,150,,,0,42,,8670,150,,,0,82,,8671,150,,,0,82,,8647,150,,,0,82,,8648,150,,,0,42,,8649,150,,,0,82,,8650,150,,,0,82,,8651,150,,,0,42,,8652,150,,,0,82,,8653,150,,,0,82,,8654,150,,,0,85,,8656,150,,,0,39,,8657,150,,,0,82,,8658,150,,,0,82,,8659,150,,,0,39,,8660,150,,,0,82,,8661,150,,,0,81,,8662,150,,,0,42,,8663,150,,,0,83,,8664,150,,,0,86,,8666,150,,,0,86,,8645,150,,,0,113,,8672,150,0,8 6,0
3300,'Semaine-02',613,,8673,150,,,0,40,,8701,150,,,0,81,,8682,150,,,0,80,,8692,150,,,0,40,,8695,150,,,0,79,,8696,150,,,0,80,,8697,150,,,0,42,,8698,150,,,0,81,,8699,150,,,0,83,,8674,150,,,0,83,,8675,150,,,0,43,,8676,150,,,0,82,,8677,150,,,0,83,,8678,150,,,0,46,,8679,150,,,0,85,,8680,150,,,0,85,,8681,150,,,0,84,,8683,150,,,0,43,,8684,150,,,0,83,,8685,150,,,0,82,,8686,150,,,0,40,,8687,150,,,0,80,,8688,150,,,0,80,,8689,150,,,0,40,,8690,150,,,0,80,,8691,150,,,0,80,,8693,150,,,0,40,,8694,150,,,0,96,,8700,100,0,8 6,0
9001,'Semaine-02',1846,,8705,180,,,0
