3100,'Dimanche-01',717,,5744,260,,,0,217,,5745,260,,,0,278,,5743,260,,,0,123,,5736,260,,,0,120,,5737,260,,,0,158,,5738,260,,,0,118,,5739,260,,,0,119,,5740,260,,,0,167,,5741,260,,,0,221,,5735,260,,,0,215,,5742,260,,,0
3100,'Fête-1-01',606,,5747,260,,,0,43,,5758,260,,,0,203,,5759,260,,,0,165,,5756,260,,,0,124,,5746,260,,,0,164,,5757,260,,,0,124,,5748,260,,,0,124,,5749,260,,,0,164,,5750,260,,,0,124,,5751,260,,,0,164,,5752,260,,,0,27,,5753,260,,,0,216,,5754,260,,,0,255,,5755,260,,,0
3100,'Fête-2-01',613,,5784,260,,,0,40,,5760,260,,,0,80,,5770,260,,,0,80,,5785,260,,,0,40,,5779,260,,,0,80,,5780,260,,,0,80,,5781,260,,,0,41,,5787,260,,,0,82,,5782,260,,,0,83,,5783,260,,,0,83,,5761,260,,,0,43,,5762,260,,,0,82,,5763,260,,,0,82,,5764,260,,,0,45,,5765,260,,,0,85,,5766,260,,,0,86,,5767,260,,,0,85,,5768,260,,,0,45,,5769,260,,,0,82,,5771,260,,,0,82,,5772,260,,,0,39,,5773,260,,,0,80,,5774,260,,,0,80,,5775,260,,,0,40,,5776,260,,,0,80,,5777,260,,,0,80,,5778,260,,,0,121,,5786,260,0,5 6,0
3100,'Samedi-01',606,,5789,260,,,0,43,,5800,260,,,0,203,,5801,260,,,0,165,,5798,260,,,0,124,,5788,260,,,0,164,,5799,260,,,0,124,,5790,260,,,0,124,,5791,260,,,0,164,,5792,260,,,0,124,,5793,260,,,0,164,,5794,260,,,0,27,,5795,260,,,0,216,,5796,260,,,0,255,,5797,260,,,0
3100,'Semaine-01',613,,5826,260,,,0,40,,5802,260,,,0,80,,5812,260,,,0,80,,5827,260,,,0,40,,5821,260,,,0,80,,5822,260,,,0,80,,5823,260,,,0,41,,5829,260,,,0,82,,5824,260,,,0,83,,5825,260,,,0,83,,5803,260,,,0,43,,5804,260,,,0,82,,5805,260,,,0,82,,5806,260,,,0,45,,5807,260,,,0,85,,5808,260,,,0,86,,5809,260,,,0,85,,5810,260,,,0,45,,5811,260,,,0,82,,5813,260,,,0,82,,5814,260,,,0,39,,5815,260,,,0,80,,5816,260,,,0,80,,5817,260,,,0,40,,5818,260,,,0,80,,5819,260,,,0,80,,5820,260,,,0,121,,5828,260,0,5 6,0
3300,'Dimanche-01',609,,5934,490,,,0,42,,5932,490,,,0,91,,5943,490,,,0,81,,5953,490,,,0,83,,5955,490,,,0,53,,5956,490,,,0,80,,5957,490,,,0,80,,5958,490,,,0,40,,5959,490,,,0,80,,5935,490,,,0,80,,5936,490,,,0,39,,5937,490,,,0,80,,5938,490,,,0,80,,5939,490,,,0,39,,5940,490,,,0,79,,5941,490,,,0,79,,5942,490,,,0,39,,5944,490,,,0,79,,5945,490,,,0,80,,5946,490,,,0,87,,5947,490,,,0,45,,5948,490,,,0,85,,5949,490,,,0,87,,5950,490,,,0,86,,5951,490,,,0,43,,5952,490,,,0,88,,5933,490,,,0,83,,5954,490,,,0
3300,'Fête-1-01',629,,5963,490,,,0,81,,5961,490,,,0,42,,5972,490,,,0,82,,5982,490,,,0,82,,5984,490,,,0,84,,5985,490,,,0,41,,5986,490,,,0,82,,5987,490,,,0,82,,5988,490,,,0,42,,5964,490,,,0,82,,5965,490,,,0,82,,5966,490,,,0,42,,5967,490,,,0,82,,5968,490,,,0,82,,5969,490,,,0,42,,5970,490,,,0,82,,5971,490,,,0,85,,5973,490,,,0,79,,5974,490,,,0,42,,5975,490,,,0,82,,5976,490,,,0,79,,5977,490,,,0,41,,5978,490,,,0,81,,5979,490,,,0,82,,5980,490,,,0,43,,5981,490,,,0,86,,5983,490,,,0,86,,5962,490,,,0
3300,'Fête-2-01',636,,5990,490,,,0,80,,6018,490,,,0,41,,5999,490,,,0,80,,6009,490,,,0,80,,6012,490,,,0,40,,6013,490,,,0,80,,6014,490,,,0,82,,6015,490,,,0,81,,6016,490,,,0,43,,5991,490,,,0,83,,5992,490,,,0,83,,5993,490,,,0,43,,5994,490,,,0,84,,5995,490,,,0,86,,5996,490,,,0,84,,5997,490,,,0,45,,5998,490,,,0,84,,6000,490,,,0,81,,6001,490,,,0,43,,6002,490,,,0,82,,6003,490,,,0,80,,6004,490,,,0,80,,6005,490,,,0,39,,6006,490,,,0,80,,6007,490,,,0,80,,6008,490,,,0,40,,6010,490,,,0,80,,6011,490,,,0
3300,'Samedi-01',629,,6021,490,,,0,81,,6019,490,,,0,42,,6030,490,,,0,82,,6040,490,,,0,82,,6042,490,,,0,84,,6043,490,,,0,41,,6044,490,,,0,82,,6045,490,,,0,82,,6046,490,,,0,42,,6022,490,,,0,82,,6023,490,,,0,82,,6024,490,,,0,42,,6025,490,,,0,82,,6026,490,,,0,82,,6027,490,,,0,42,,6028,490,,,0,82,,6029,490,,,0,85,,6031,490,,,0,79,,6032,490,,,0,42,,6033,490,,,0,82,,6034,490,,,0,79,,6035,490,,,0,41,,6036,490,,,0,81,,6037,490,,,0,82,,6038,490,,,0,43,,6039,490,,,0,86,,6041,490,,,0,86,,6020,490,,,0
3300,'Semaine-01',636,,6048,490,,,0,80,,6076,490,,,0,41,,6057,490,,,0,80,,6067,490,,,0,80,,6070,490,,,0,40,,6071,490,,,0,80,,6072,490,,,0,82,,6073,490,,,0,81,,6074,490,,,0,43,,6049,490,,,0,83,,6050,490,,,0,83,,6051,490,,,0,43,,6052,490,,,0,84,,6053,490,,,0,86,,6054,490,,,0,84,,6055,490,,,0,45,,6056,490,,,0,84,,6058,490,,,0,81,,6059,490,,,0,43,,6060,490,,,0,82,,6061,490,,,0,80,,6062,490,,,0,80,,6063,490,,,0,39,,6064,490,,,0,80,,6065,490,,,0,80,,6066,490,,,0,40,,6068,490,,,0,80,,6069,490,,,0
14001,'Dimanche-01',813,,6229,480,4,,0,3,,6231,10,,,0,109,,6231,630,4,,0,5,,6232,10,,,0,110,,6232,630,4,,0,5,,6233,10,,,0,111,,6233,630,4,,0,44,,6234,10,,,0,112,,6234,630,4,,0,3,,6235,10,,,0,112,,6235,630,4,,0,3,,6236,10,,,0,112,,6236,630,4,,0,8,,6237,10,,,0,152,,6237,630,4,,0,8,,6230,10,,,0
14001,'Fête-1-01',813,,6238,480,4,,0,3,,6240,10,,,0,109,,6240,630,4,,0,5,,6241,10,,,0,110,,6241,630,4,,0,5,,6242,10,,,0,111,,6242,630,4,,0,44,,6243,10,,,0,112,,6243,630,4,,0,3,,6244,10,,,0,112,,6244,630,4,,0,3,,6245,10,,,0,112,,6245,630,4,,0,8,,6246,10,,,0,152,,6246,630,4,,0,8,,6239,10,,,0
14001,'Fête-2-01',640,,6248,480,4,,0,4,,6259,10,,,0,196,,6247,580,4,,0,10,,6249,10,,,0,151,,6249,630,4,,0,9,,6250,10,,,0,111,,6250,630,4,,0,9,,6251,10,,,0,114,,6251,630,4,,0,11,,6252,10,,,0,154,,6252,630,4,,0,11,,6253,10,,,0,114,,6253,630,4,,0,11,,6254,10,,,0,114,,6254,630,4,,0,51,,6255,10,,,0,112,,6255,630,4,,0,13,,6256,10,,,0,111,,6256,600,4,,0,9,,6257,10,,,0,149,,6257,600,4,,0,6,,6258,10,,,0
14001,'Samedi-01',813,,6260,480,4,,0,3,,6262,10,,,0,109,,6262,630,4,,0,5,,6263,10,,,0,110,,6263,630,4,,0,5,,6264,10,,,0,111,,6264,630,4,,0,44,,6265,10,,,0,112,,6265,630,4,,0,3,,6266,10,,,0,112,,6266,630,4,,0,3,,6267,10,,,0,112,,6267,630,4,,0,8,,6268,10,,,0,152,,6268,630,4,,0,8,,6261,10,,,0
14001,'Semaine-01',640,,6270,480,4,,0,4,,6281,10,,,0,196,,6269,580,4,,0,10,,6271,10,,,0,151,,6271,630,4,,0,9,,6272,10,,,0,111,,6272,630,4,,0,9,,6273,10,,,0,114,,6273,630,4,,0,11,,6274,10,,,0,154,,6274,630,4,,0,11,,6275,10,,,0,114,,6275,630,4,,0,11,,6276,10,,,0,114,,6276,630,4,,0,51,,6277,10,,,0,112,,6277,630,4,,0,13,,6278,10,,,0,111,,6278,600,4,,0,9,,6279,10,,,0,149,,6279,600,4,,0,6,,6280,10,,,0
2000002300,'Dimanche-01',559,,6971,130,4,,0,79,,6973,130,4,,0,74,,6974,130,4,,0,101,,6975,130,4,,0,41,,6976,130,4,,0,75,,6977,130,4,,0,107,,6978,130,4,,0,97,,6979,130,4,,0,95,,6980,130,4,,0,82,,6981,130,4,,0,37,,6982,130,4,,0,83,,6983,130,4,,0,79,,6984,130,4,,0,42,,6985,130,4,,0,78,,6986,130,4,,0,80,,6987,130,4,,0,39,,6988,130,4,,0,82,,6989,130,4,,0,76,,6990,130,4,,0,106,,6991,130,4,,0,109,,6992,130,4,,0,112,,6993,130,4,,0,104,,6994,130,4,,0,111,,6995,130,4,,0,102,,6972,130,4,,0
2000002300,'Fête-1-01',601,,6996,130,4,,0,43,,6998,130,4,,0,81,,6999,130,4,,0,75,,7000,130,4,,0,47,,7001,130,4,,0,84,,7002,130,4,,0,81,,7003,130,4,,0,93,,7004,130,4,,0,50,,7005,130,4,,0,85,,7006,130,4,,0,79,,7007,130,4,,0,81,,7008,130,4,,0,43,,7009,130,4,,0,85,,7010,130,4,,0,79,,7011,130,4,,0,45,,7012,130,4,,0,83,,7013,130,4,,0,80,,7014,130,4,,0,40,,7015,130,4,,0,85,,7016,130,4,,0,87,,7017,130,4,,0,104,,7018,130,4,,0,80,,7019,130,4,,0,32,,7020,130,4,,0,104,,7021,130,4,,0,111,,7022,130,4,,0,96,,6997,130,4,,0
2000002300,'Fête-2-01',608,,7023,130,4,,0,40,,7024,130,4,,0,80,,7048,130,4,,0,81,,7049,130,4,,0,39,,7025,130,4,,0,80,,7047,130,4,,0,80,,7045,130,4,,0,41,,7044,130,4,,0,82,,7046,130,4,,0,83,,7043,130,4,,0,43,,7040,130,4,,0,83,,7042,130,4,,0,82,,7041,130,4,,0,82,,7039,130,4,,0,45,,7038,130,4,,0,85,,7037,130,4,,0,86,,7036,130,4,,0,85,,7035,130,4,,0,45,,7034,130,4,,0,82,,7033,130,4,,0,82,,7032,130,4,,0,39,,7031,130,4,,0,80,,7030,130,4,,0,80,,7029,130,4,,0,40,,7028,130,4,,0,80,,7027,130,4,,0,80,,7026,130,4,,0,121,,7050,130,4,,0
2000002300,'Samedi-01',601,,7051,130,4,,0,43,,7053,130,4,,0,81,,7054,130,4,,0,75,,7055,130,4,,0,47,,7056,130,4,,0,84,,7057,130,4,,0,81,,7058,130,4,,0,93,,7059,130,4,,0,50,,7060,130,4,,0,85,,7061,130,4,,0,79,,7062,130,4,,0,81,,7063,130,4,,0,43,,7064,130,4,,0,85,,7065,130,4,,0,79,,7066,130,4,,0,45,,7067,130,4,,0,83,,7068,130,4,,0,80,,7069,130,4,,0,40,,7070,130,4,,0,85,,7071,130,4,,0,87,,7072,130,4,,0,104,,7073,130,4,,0,80,,7074,130,4,,0,32,,7075,130,4,,0,104,,7076,130,4,,0,111,,7077,130,4,,0,96,,7052,130,4,,0
2000002300,'Semaine-01',608,,7078,130,4,,0,40,,7079,130,4,,0,80,,7103,130,4,,0,81,,7104,130,4,,0,39,,7080,130,4,,0,80,,7102,130,4,,0,80,,7100,130,4,,0,41,,7099,130,4,,0,82,,7101,130,4,,0,83,,7098,130,4,,0,43,,7095,130,4,,0,83,,7097,130,4,,0,82,,7096,130,4,,0,82,,7094,130,4,,0,45,,7093,130,4,,0,85,,7092,130,4,,0,86,,7091,130,4,,0,85,,7090,130,4,,0,45,,7089,130,4,,0,82,,7088,130,4,,0,82,,7087,130,4,,0,39,,7086,130,4,,0,80,,7085,130,4,,0,80,,7084,130,4,,0,40,,7083,130,4,,0,80,,7082,130,4,,0,80,,7081,130,4,,0,121,,7105,130,4,,0
2000002301,'Dimanche-01',608,,7106,10,,,0,34,,7116,10,,,0,80,,7111,10,,,0,101,,7121,10,,,0,36,,7117,10,,,0,80,,7110,10,,,0,107,,7112,10,,,0,97,,7113,10,,,0,95,,7120,10,,,0,75,,7114,10,,,0,44,,7109,10,,,0,78,,7122,10,,,0,84,,7115,10,,,0,37,,7119,10,,,0,83,,7118,10,,,0,79,,7108,10,,,0,40,,7123,10,,,0,77,,7124,10,,,0,81,,7129,10,,,0,106,,7126,10,,,0,109,,7125,10,,,0,112,,7130,10,,,0,104,,7128,10,,,0,111,,7127,10,,,0,142,,7107,10,,,0
2000002301,'Fête-1-01',611,,7131,10,,,0,43,,7141,10,,,0,76,,7136,10,,,0,75,,7147,10,,,0,52,,7142,10,,,0,80,,7135,10,,,0,85,,7144,10,,,0,88,,7137,10,,,0,95,,7138,10,,,0,40,,7146,10,,,0,84,,7139,10,,,0,76,,7134,10,,,0,48,,7148,10,,,0,80,,7140,10,,,0,84,,7145,10,,,0,40,,7143,10,,,0,88,,7133,10,,,0,75,,7149,10,,,0,85,,7150,10,,,0,40,,7155,10,,,0,92,,7152,10,,,0,104,,7151,10,,,0,72,,7156,10,,,0,40,,7157,10,,,0,104,,7154,10,,,0,151,,7153,10,,,0,96,,7132,10,,,0
2000002301,'Fête-2-01',618,,7186,10,,,0,40,,7183,10,,,0,80,,7184,10,,,0,80,,7185,10,,,0,40,,7181,10,,,0,80,,7182,10,,,0,80,,7179,10,,,0,41,,7178,10,,,0,82,,7180,10,,,0,83,,7176,10,,,0,83,,7173,10,,,0,43,,7177,10,,,0,82,,7175,10,,,0,82,,7174,10,,,0,45,,7172,10,,,0,85,,7171,10,,,0,86,,7170,10,,,0,85,,7169,10,,,0,85,,7168,10,,,0,42,,7167,10,,,0,82,,7166,10,,,0,79,,7165,10,,,0,40,,7164,10,,,0,80,,7163,10,,,0,80,,7162,10,,,0,40,,7161,10,,,0,80,,7160,10,,,0,34,,7159,10,,,0,98,,7158,10,,,0
2000002301,'Samedi-01',611,,7187,10,,,0,43,,7197,10,,,0,76,,7192,10,,,0,75,,7203,10,,,0,52,,7198,10,,,0,80,,7191,10,,,0,85,,7200,10,,,0,88,,7193,10,,,0,95,,7194,10,,,0,40,,7202,10,,,0,84,,7195,10,,,0,76,,7190,10,,,0,48,,7204,10,,,0,80,,7196,10,,,0,84,,7201,10,,,0,40,,7199,10,,,0,88,,7189,10,,,0,75,,7205,10,,,0,85,,7206,10,,,0,40,,7211,10,,,0,92,,7208,10,,,0,104,,7207,10,,,0,72,,7212,10,,,0,40,,7213,10,,,0,104,,7210,10,,,0,151,,7209,10,,,0,96,,7188,10,,,0
2000002301,'Semaine-01',618,,7242,10,,,0,40,,7239,10,,,0,80,,7240,10,,,0,80,,7241,10,,,0,40,,7237,10,,,0,80,,7238,10,,,0,80,,7235,10,,,0,41,,7234,10,,,0,82,,7236,10,,,0,83,,7232,10,,,0,83,,7229,10,,,0,43,,7233,10,,,0,82,,7231,10,,,0,82,,7230,10,,,0,45,,7228,10,,,0,85,,7227,10,,,0,86,,7226,10,,,0,85,,7225,10,,,0,85,,7224,10,,,0,42,,7223,10,,,0,82,,7222,10,,,0,79,,7221,10,,,0,40,,7220,10,,,0,80,,7219,10,,,0,80,,7218,10,,,0,40,,7217,10,,,0,80,,7216,10,,,0,34,,7215,10,,,0,98,,7214,10,,,0
2000002500,'Dimanche-01',548,,7243,280,4,,0,61,,7245,10,,,0,26,,7245,330,4,,0,12,,7246,10,,,0,66,,7246,330,4,,0,9,,7247,10,,,0,26,,7247,330,4,,0,2,,7248,10,,,0,66,,7248,330,4,,0,8,,7249,10,,,0,26,,7249,330,4,,0,52,,7250,10,,,0,26,,7250,330,4,,0,11,,7251,10,,,0,66,,7251,330,4,,0,10,,7252,10,,,0,26,,7252,330,4,,0,6,,7253,10,,,0,66,,7253,330,4,,0,19,,7254,10,,,0,26,,7254,330,4,,0,59,,7255,10,,,0,26,,7255,330,4,,0,69,,7256,10,,,0,23,,7257,10,,,0,3,,7256,330,4,,0,19,,7258,10,,,0,44,,7257,330,4,,0,22,,7258,330,4,,0,19,,7259,10,,,0,66,,7259,330,4,,0,14,,7260,10,,,0,26,,7260,330,4,,0,54,,7261,10,,,0,26,,7261,330,4,,0,14,,7262,10,,,0,66,,7262,330,4,,0,9,,7263,10,,,0,26,,7263,330,4,,0,15,,7264,10,,,0,66,,7264,330,4,,0,13,,7265,10,,,0,66,,7265,330,4,,0,14,,7266,10,,,0,26,,7266,330,4,,0,4,,7267,10,,,0,66,,7267,330,4,,0,9,,7268,10,,,0,26,,7268,330,4,,0,9,,7269,10,,,0,66,,7269,330,4,,0,9,,7270,10,,,0,26,,7270,330,4,,0,49,,7271,10,,,0,26,,7271,330,4,,0,9,,7272,10,,,0,66,,7272,330,4,,0,4,,7273,10,,,0,26,,7273,330,4,,0,9,,7274,10,,,0,66,,7274,330,4,,0,9,,7275,10,,,0,26,,7275,330,4,,0,10,,7276,10,,,0,66,,7276,330,4,,0,76,,7244,10,,,0
2000002500,'Fête-1-01',535,,7309,280,4,,0,66,,7278,330,4,,0,10,,7294,10,,,0,26,,7294,330,4,,0,17,,7279,10,,,0,66,,7279,330,4,,0,1,,7295,10,,,0,26,,7295,330,4,,0,11,,7280,10,,,0,66,,7280,330,4,,0,14,,7296,10,,,0,66,,7296,330,4,,0,14,,7281,10,,,0,26,,7281,330,4,,0,4,,7297,10,,,0,66,,7297,330,4,,0,14,,7282,10,,,0,26,,7282,330,4,,0,54,,7298,10,,,0,26,,7298,330,4,,0,11,,7283,10,,,0,66,,7283,330,4,,0,4,,7277,10,,,0,26,,7277,330,4,,0,7,,7284,10,,,0,66,,7284,330,4,,0,15,,7299,10,,,0,26,,7299,330,4,,0,52,,7285,10,,,0,26,,7285,330,4,,0,20,,7300,10,,,0,66,,7300,330,4,,0,19,,7286,10,,,0,66,,7286,330,4,,0,13,,7301,10,,,0,26,,7301,330,4,,0,5,,7287,10,,,0,66,,7287,330,4,,0,8,,7302,10,,,0,26,,7302,330,4,,0,58,,7288,10,,,0,26,,7288,330,4,,0,14,,7303,10,,,0,66,,7303,330,4,,0,18,,7289,10,,,0,26,,7289,330,4,,0,54,,7304,10,,,0,26,,7304,330,4,,0,64,,7290,10,,,0,26,,7290,330,4,,0,15,,7305,10,,,0,66,,7305,330,4,,0,10,,7291,10,,,0,26,,7291,330,4,,0,10,,7306,10,,,0,66,,7306,330,4,,0,6,,7292,10,,,0,26,,7292,330,4,,0,6,,7307,10,,,0,66,,7307,330,4,,0,85,,7293,10,,,0,26,,7293,330,4,,0,70,,7308,10,,,0
2000002500,'Fête-2-01',608,,7311,280,4,,0,10,,7312,10,,,0,26,,7312,330,4,,0,14,,7313,10,,,0,66,,7313,330,4,,0,14,,7310,10,,,0,66,,7310,330,4,,0,14,,7314,10,,,0,26,,7314,330,4,,0,14,,7315,10,,,0,66,,7315,330,4,,0,14,,7316,10,,,0,66,,7316,330,4,,0,14,,7317,10,,,0,26,,7317,330,4,,0,15,,7318,10,,,0,66,,7318,330,4,,0,16,,7319,10,,,0,66,,7319,330,4,,0,17,,7320,10,,,0,26,,7320,330,4,,0,57,,7321,10,,,0,26,,7321,330,4,,0,17,,7322,10,,,0,66,,7322,330,4,,0,16,,7323,10,,,0,26,,7323,330,4,,0,56,,7324,10,,,0,26,,7324,330,4,,0,19,,7325,10,,,0,66,,7325,330,4,,0,19,,7326,10,,,0,66,,7326,330,4,,0,20,,7327,10,,,0,26,,7327,330,4,,0,59,,7328,10,,,0,26,,7328,330,4,,0,59,,7329,10,,,0,26,,7329,330,4,,0,16,,7330,10,,,0,66,,7330,330,4,,0,16,,7331,10,,,0,26,,7331,330,4,,0,53,,7332,10,,,0,26,,7332,330,4,,0,14,,7333,10,,,0,66,,7333,330,4,,0,14,,7334,10,,,0,26,,7334,330,4,,0,54,,7335,10,,,0,26,,7335,330,4,,0,14,,7336,10,,,0,66,,7336,330,4,,0,14,,7337,10,,,0,20,,7338,10,,,0,6,,7337,330,4,,0,60,,7338,330,4,,0,4,,7339,10,,,0,26,,7339,330,4,,0,16,,7340,10,,,0
2000002500,'Samedi-01',535,,7373,280,4,,0,66,,7342,330,4,,0,10,,7358,10,,,0,26,,7358,330,4,,0,17,,7343,10,,,0,66,,7343,330,4,,0,1,,7359,10,,,0,26,,7359,330,4,,0,11,,7344,10,,,0,66,,7344,330,4,,0,14,,7360,10,,,0,66,,7360,330,4,,0,14,,7345,10,,,0,26,,7345,330,4,,0,4,,7361,10,,,0,66,,7361,330,4,,0,14,,7346,10,,,0,26,,7346,330,4,,0,54,,7362,10,,,0,26,,7362,330,4,,0,11,,7347,10,,,0,66,,7347,330,4,,0,4,,7341,10,,,0,26,,7341,330,4,,0,7,,7348,10,,,0,66,,7348,330,4,,0,15,,7363,10,,,0,26,,7363,330,4,,0,52,,7349,10,,,0,26,,7349,330,4,,0,20,,7364,10,,,0,66,,7364,330,4,,0,19,,7350,10,,,0,66,,7350,330,4,,0,13,,7365,10,,,0,26,,7365,330,4,,0,5,,7351,10,,,0,66,,7351,330,4,,0,8,,7366,10,,,0,26,,7366,330,4,,0,58,,7352,10,,,0,26,,7352,330,4,,0,14,,7367,10,,,0,66,,7367,330,4,,0,18,,7353,10,,,0,26,,7353,330,4,,0,54,,7368,10,,,0,26,,7368,330,4,,0,64,,7354,10,,,0,26,,7354,330,4,,0,15,,7369,10,,,0,66,,7369,330,4,,0,10,,7355,10,,,0,26,,7355,330,4,,0,10,,7370,10,,,0,66,,7370,330,4,,0,6,,7356,10,,,0,26,,7356,330,4,,0,6,,7371,10,,,0,66,,7371,330,4,,0,85,,7357,10,,,0,26,,7357,330,4,,0,70,,7372,10,,,0
2000002500,'Semaine-01',608,,7375,280,4,,0,10,,7376,10,,,0,26,,7376,330,4,,0,14,,7377,10,,,0,66,,7377,330,4,,0,14,,7374,10,,,0,66,,7374,330,4,,0,14,,7378,10,,,0,26,,7378,330,4,,0,14,,7379,10,,,0,66,,7379,330,4,,0,14,,7380,10,,,0,66,,7380,330,4,,0,14,,7381,10,,,0,26,,7381,330,4,,0,15,,7382,10,,,0,66,,7382,330,4,,0,16,,7383,10,,,0,66,,7383,330,4,,0,17,,7384,10,,,0,26,,7384,330,4,,0,57,,7385,10,,,0,26,,7385,330,4,,0,17,,7386,10,,,0,66,,7386,330,4,,0,16,,7387,10,,,0,26,,7387,330,4,,0,56,,7388,10,,,0,26,,7388,330,4,,0,19,,7389,10,,,0,66,,7389,330,4,,0,19,,7390,10,,,0,66,,7390,330,4,,0,20,,7391,10,,,0,26,,7391,330,4,,0,59,,7392,10,,,0,26,,7392,330,4,,0,59,,7393,10,,,0,26,,7393,330,4,,0,16,,7394,10,,,0,66,,7394,330,4,,0,16,,7395,10,,,0,26,,7395,330,4,,0,53,,7396,10,,,0,26,,7396,330,4,,0,14,,7397,10,,,0,66,,7397,330,4,,0,14,,7398,10,,,0,26,,7398,330,4,,0,54,,7399,10,,,0,26,,7399,330,4,,0,14,,7400,10,,,0,66,,7400,330,4,,0,14,,7401,10,,,0,20,,7402,10,,,0,6,,7401,330,4,,0,60,,7402,330,4,,0,4,,7403,10,,,0,26,,7403,330,4,,0,16,,7404,10,,,0
