2401,'Fête-2-01',1639,,5580,60,,,0,85,,5581,60,,,0,85,,5583,60,,,0,45,,5582,60,,,0
2401,'Semaine-01',1639,,5584,60,,,0,85,,5585,60,,,0,85,,5588,60,,,0,21,,5587,60,,,0,24,,5586,60,,,0
2501,'Fête-2-01',1557,,5601,170,,,0,80,,5602,170,,,0,74,,5603,170,,,0,39,,5604,170,,,0,80,,5605,170,,,0,28,,5606,170,,,0
2501,'Semaine-01',1557,,5607,170,,,0,80,,5608,170,,,0,74,,5609,170,,,0,39,,5610,170,,,0,80,,5611,170,,,0,28,,5612,170,,,0
2701,'Fête-2-01',609,,5637,60,,,0,40,,5638,60,,,0,81,,5639,60,,,0,80,,5640,60,,,0,744,,5644,60,,,0,81,,5641,60,,,0,84,,5645,60,,,0,86,,5642,60,,,0,45,,5643,60,,,0
2701,'Semaine-01',609,,5646,60,,,0,40,,5647,60,,,0,81,,5648,60,,,0,80,,5649,60,,,0,744,,5653,60,,,0,81,,5650,60,,,0,84,,5654,60,,,0,86,,5651,60,,,0,45,,5652,60,,,0
3200,'Dimanche-01',558,,5830,170,,,0,254,,5835,170,,,0,223,,5838,170,,,0,192,,5839,170,,,0,119,,5831,170,,,0,162,,5841,170,,,0,120,,5832,170,,,0,119,,5834,170,,,0,158,,5833,170,,,0,215,,5836,170,,,0,216,,5837,170,,,0,213,,5840,170,0,6,0
3200,'Fête-1-01',529,,5842,50,,,0,181,,5848,170,,,0,37,,5843,170,,,0,160,,5851,170,,,0,123,,5852,170,,,0,124,,5853,170,,,0,164,,5844,170,,,0,124,,5855,170,,,0,164,,5845,170,,,0,128,,5846,170,,,0,120,,5847,170,,,0,276,,5849,170,,,0,216,,5850,170,,,0,207,,5854,170,0,6,0
3200,'Fête-2-01',625,,5881,170,,,0,80,,5856,170,,,0,39,,5884,170,,,0,80,,5867,170,,,0,80,,5875,170,,,0,41,,5876,170,,,0,81,,5877,170,,,0,81,,5878,170,,,0,43,,5879,170,,,0,84,,5880,170,,,0,83,,5857,170,,,0,42,,5858,170,,,0,82,,5859,170,,,0,85,,5883,170,,,0,85,,5861,170,,,0,44,,5862,170,,,0,86,,5863,170,,,0,85,,5864,170,,,0,82,,5865,170,,,0,43,,5866,170,,,0,81,,5868,170,,,0,80,,5869,170,,,0,40,,5870,170,,,0,80,,5871,170,,,0,80,,5872,170,,,0,40,,5873,170,,,0,80,,5874,170,,,0,112,,5882,170,0,6,0
3200,'Samedi-01',529,,5887,50,,,0,181,,5893,170,,,0,37,,5888,170,,,0,160,,5896,170,,,0,123,,5897,170,,,0,124,,5898,170,,,0,164,,5889,170,,,0,124,,5900,170,,,0,164,,5890,170,,,0,128,,5891,170,,,0,120,,5892,170,,,0,276,,5894,170,,,0,216,,5895,170,,,0,207,,5899,170,0,6,0
3200,'Semaine-01',625,,5926,170,,,0,80,,5901,170,,,0,39,,5929,170,,,0,80,,5912,170,,,0,80,,5920,170,,,0,41,,5921,170,,,0,81,,5922,170,,,0,81,,5923,170,,,0,43,,5924,170,,,0,84,,5925,170,,,0,83,,5902,170,,,0,42,,5903,170,,,0,82,,5904,170,,,0,85,,5928,170,,,0,85,,5906,170,,,0,44,,5907,170,,,0,86,,5908,170,,,0,85,,5909,170,,,0,82,,5910,170,,,0,43,,5911,170,,,0,81,,5913,170,,,0,80,,5914,170,,,0,40,,5915,170,,,0,80,,5916,170,,,0,80,,5917,170,,,0,40,,5918,170,,,0,80,,5919,170,,,0,112,,5927,170,0,6,0
