101,'Dimanche-02',801,,7950,600,,,0,206,,7951,600,,,0,131,,7952,600,,,0,173,,7953,600,,,0,127,,7954,600,,,0,120,,7955,600,,,0,160,,7956,600,,,0,120,,7957,600,,,0,117,,7958,600,,,0,174,,7959,600,,,0,114,,7960,600,,,0,113,,7961,600,,,0
101,'Fête-1-02',801,,7962,600,,,0,206,,7963,600,,,0,131,,7964,600,,,0,173,,7965,600,,,0,127,,7966,600,,,0,120,,7967,600,,,0,160,,7968,600,,,0,120,,7969,600,,,0,117,,7970,600,,,0,174,,7971,600,,,0,114,,7972,600,,,0,113,,7973,600,,,0
101,'Fête-2-02',701,,7974,600,,,0,101,,7983,600,,,0,30,,7985,600,,,0,90,,7986,600,,,0,110,,7987,600,,,0,105,,7988,600,,,0,95,,7990,600,,,0,105,,7989,600,,,0,106,,7991,600,,,0,81,,7975,600,,,0,105,,7976,600,,,0,96,,7977,600,,,0,105,,7978,600,,,0,74,,7979,600,,,0,103,,7980,600,,,0,43,,7981,600,,,0,173,,7982,600,,,0,134,,7984,600,,,0
101,'Samedi-02',801,,7992,600,,,0,206,,7993,600,,,0,131,,7994,600,,,0,173,,7995,600,,,0,127,,7996,600,,,0,120,,7997,600,,,0,160,,7998,600,,,0,120,,7999,600,,,0,117,,8000,600,,,0,174,,8001,600,,,0,114,,8002,600,,,0,113,,8003,600,,,0
101,'Semaine-02',656,,8022,470,,,0,45,,8004,600,,,0,101,,8013,600,,,0,30,,8015,600,,,0,90,,8016,600,,,0,110,,8017,600,,,0,105,,8018,600,,,0,95,,8020,600,,,0,105,,8019,600,,,0,106,,8021,600,,,0,81,,8005,600,,,0,105,,8006,600,,,0,96,,8007,600,,,0,105,,8008,600,,,0,74,,8009,600,,,0,103,,8010,600,,,0,43,,8011,600,,,0,173,,8012,600,,,0,134,,8014,600,,,0
2001,'Dimanche-02',733,,8067,100,,,0,11,,8067,340,,,0,113,,8068,100,,,0,51,,8068,340,,,0,115,,8069,100,,,0,11,,8069,340,,,0,114,,8070,100,,,0,11,,8070,340,,,0,154,,8071,100,,,0,11,,8071,340,,,0,114,,8072,100,,,0,12,,8072,340,,,0,153,,8073,100,,,0,12,,8073,340,,,0,113,,8074,100,,,0,12,,8074,340,,,0
2001,'Fête-1-02',733,,8075,100,,,0,11,,8075,340,,,0,113,,8076,100,,,0,51,,8076,340,,,0,115,,8077,100,,,0,11,,8077,340,,,0,114,,8078,100,,,0,11,,8078,340,,,0,154,,8079,100,,,0,11,,8079,340,,,0,114,,8080,100,,,0,12,,8080,340,,,0,153,,8081,100,,,0,12,,8081,340,,,0,113,,8082,100,,,0,12,,8082,340,,,0
2001,'Fête-2-02',718,,8083,100,,,0,12,,8083,340,,,0,113,,8084,100,,,0,13,,8084,340,,,0,152,,8085,100,,,0,12,,8085,340,,,0,114,,8086,100,,,0,12,,8086,340,,,0,154,,8087,100,,,0,12,,8087,340,,,0,113,,8088,100,,,0,12,,8088,340,,,0,114,,8089,100,,,0,52,,8089,340,,,0,114,,8090,100,,,0,12,,8090,340,,,0,114,,8091,100,,,0,11,,8091,340,,,0
2001,'Samedi-02',733,,8092,100,,,0,11,,8092,340,,,0,113,,8093,100,,,0,51,,8093,340,,,0,115,,8094,100,,,0,11,,8094,340,,,0,114,,8095,100,,,0,11,,8095,340,,,0,154,,8096,100,,,0,11,,8096,340,,,0,114,,8097,100,,,0,12,,8097,340,,,0,153,,8098,100,,,0,12,,8098,340,,,0,113,,8099,100,,,0,12,,8099,340,,,0
2001,'Semaine-02',718,,8100,100,,,0,12,,8100,340,,,0,113,,8101,100,,,0,13,,8101,340,,,0,152,,8102,100,,,0,12,,8102,340,,,0,114,,8103,100,,,0,12,,8103,340,,,0,154,,8104,100,,,0,12,,8104,340,,,0,113,,8105,100,,,0,12,,8105,340,,,0,114,,8106,100,,,0,52,,8106,340,,,0,114,,8107,100,,,0,12,,8107,340,,,0,114,,8108,100,,,0,11,,8108,340,,,0
2001,'Semaine-02-0001100',2006,,8110,100,,,0,11,,8110,340,,,0,113,,8109,100,,,0,11,,8109,340,,,0
2801,'Fête-2-02',1708,,8308,490,0,23,0,44,,8307,490,,,0,68,,8309,490,0,23,0
2801,'Semaine-02',1708,,8320,490,0,23,0,44,,8319,490,,,0,68,,8321,490,0,23,0
