100,'Dimanche-02',638,,7889,620,,,0,200,,7878,620,,,0,167,,7879,620,,,0,131,,7880,620,,,0,165,,7881,620,,,0,123,,7882,620,,,0,118,,7883,620,,,0,160,,7884,620,,,0,123,,7885,620,,,0,175,,7886,620,,,0,115,,7887,620,,,0,115,,7888,620,,,0
100,'Fête-1-02',638,,7901,620,,,0,200,,7890,620,,,0,167,,7891,620,,,0,131,,7892,620,,,0,165,,7893,620,,,0,123,,7894,620,,,0,118,,7895,620,,,0,160,,7896,620,,,0,123,,7897,620,,,0,175,,7898,620,,,0,115,,7899,620,,,0,115,,7900,620,,,0
100,'Fête-2-02',526,,7902,620,,,0,104,,7903,620,,,0,26,,7904,620,,,0,82,,7905,620,,,0,118,,7906,620,,,0,144,,7909,620,,,0,54,,7918,620,,,0,101,,7910,620,,,0,101,,7919,620,,,0,78,,7911,620,,,0,102,,7912,620,,,0,100,,7916,620,,,0,110,,7913,620,,,0,75,,7914,620,,,0,105,,7907,620,,,0,92,,7908,620,,,0,131,,7917,620,,,0,184,,7915,620,,,0
100,'Samedi-02',638,,7931,620,,,0,200,,7920,620,,,0,167,,7921,620,,,0,131,,7922,620,,,0,165,,7923,620,,,0,123,,7924,620,,,0,118,,7925,620,,,0,160,,7926,620,,,0,123,,7927,620,,,0,175,,7928,620,,,0,115,,7929,620,,,0,115,,7930,620,,,0
100,'Semaine-02',526,,7932,620,,,0,104,,7933,620,,,0,26,,7934,620,,,0,82,,7935,620,,,0,118,,7936,620,,,0,144,,7939,620,,,0,54,,7948,620,,,0,101,,7940,620,,,0,101,,7949,620,,,0,78,,7941,620,,,0,102,,7942,620,,,0,100,,7946,620,,,0,110,,7943,620,,,0,75,,7944,620,,,0,105,,7937,620,,,0,92,,7938,620,,,0,131,,7947,620,,,0,184,,7945,620,,,0
2100,'Fête-2-02',542,,8111,260,,,0,70,,8112,260,,,0,30,,8113,260,,,0,75,,8114,260,,,0,30,,8115,260,,,0,75,,8116,260,,,0
2100,'Semaine-02',542,,8117,260,,,0,70,,8118,260,,,0,30,,8119,260,,,0,75,,8120,260,,,0,30,,8121,260,,,0,75,,8122,260,,,0
2101,'Fête-2-02',1640,,8123,410,,,0,70,,8124,410,,,0,29,,8125,410,,,0,69,,8126,410,,,0,29,,8127,410,,,0
2101,'Semaine-02',1640,,8131,410,,,0,63,,8132,410,,,0,26,,8133,410,,,0,24,,8134,410,,,0,64,,8135,410,,,0,28,,8136,410,,,0
2201,'Fête-2-02',1643,,8152,270,,,0,65,,8156,270,,,0,25,,8153,270,,,0,25,,8157,270,,,0,65,,8155,270,,,0,23,,8154,270,,,0
2201,'Semaine-02',1643,,8158,270,,,0,65,,8162,270,,,0,25,,8159,270,,,0,25,,8163,270,,,0,65,,8161,270,,,0,23,,8160,270,,,0
2600,'Fête-2-02',502,,8238,250,,,0,17,,8239,260,,,0
2600,'Semaine-02',502,,8240,250,,,0,17,,8241,260,,,0
2800,'Fête-2-02',515,,8284,150,,,0,20,,8283,150,,,0,15,,8281,390,,,0,65,,8289,150,,,0,20,,8280,430,,,0,20,,8282,390,,,0,61,,8285,150,,,0,20,,8286,150,,,0,21,,8287,150,,,0,60,,8288,150,,,0
2800,'Semaine-02',515,,8294,150,,,0,20,,8293,150,,,0,15,,8291,390,,,0,55,,8305,150,,,0,10,,8301,150,,,0,10,,8302,150,,,0,10,,8290,430,,,0,8,,8303,150,,,0,8,,8292,390,,,0,8,,8306,150,,,0,49,,8304,150,,,0,8,,8295,150,,,0,10,,8296,150,,,0,11,,8297,150,,,0,10,,8298,150,,,0,10,,8299,150,,,0,60,,8300,150,,,0
3200,'Dimanche-02',614,,8455,350,,,0,214,,8460,350,,,0,223,,8463,350,,,0,192,,8464,350,,,0,159,,8456,350,,,0,122,,8466,350,,,0,120,,8457,350,,,0,159,,8459,350,,,0,118,,8458,350,,,0,214,,8461,350,,,0,216,,8462,350,,,0,253,,8465,350,0,6,0
3200,'Fête-1-02',545,,8467,230,,,0,181,,8473,350,,,0,77,,8468,350,,,0,120,,8476,350,,,0,123,,8477,350,,,0,164,,8478,350,,,0,124,,8469,350,,,0,124,,8480,350,,,0,164,,8470,350,,,0,128,,8471,350,,,0,160,,8472,350,,,0,235,,8474,350,,,0,256,,8475,350,,,0,207,,8479,350,0,6,0
3200,'Fête-2-02',641,,8506,350,,,0,80,,8481,350,,,0,80,,8509,350,,,0,40,,8492,350,,,0,80,,8500,350,,,0,80,,8501,350,,,0,41,,8502,350,,,0,81,,8503,350,,,0,83,,8504,350,,,0,43,,8505,350,,,0,83,,8482,350,,,0,82,,8483,350,,,0,42,,8484,350,,,0,85,,8508,350,,,0,85,,8486,350,,,0,85,,8487,350,,,0,45,,8488,350,,,0,85,,8489,350,,,0,82,,8490,350,,,0,83,,8491,350,,,0,40,,8493,350,,,0,80,,8494,350,,,0,80,,8495,350,,,0,40,,8496,350,,,0,80,,8497,350,,,0,80,,8498,350,,,0,40,,8499,350,,,0
3200,'Samedi-02',545,,8512,230,,,0,181,,8518,350,,,0,77,,8513,350,,,0,120,,8521,350,,,0,123,,8522,350,,,0,164,,8523,350,,,0,124,,8514,350,,,0,124,,8525,350,,,0,164,,8515,350,,,0,128,,8516,350,,,0,160,,8517,350,,,0,235,,8519,350,,,0,256,,8520,350,,,0,207,,8524,350,0,6,0
3200,'Semaine-02',641,,8551,350,,,0,80,,8526,350,,,0,80,,8554,350,,,0,40,,8537,350,,,0,80,,8545,350,,,0,80,,8546,350,,,0,41,,8547,350,,,0,81,,8548,350,,,0,83,,8549,350,,,0,43,,8550,350,,,0,83,,8527,350,,,0,82,,8528,350,,,0,42,,8529,350,,,0,85,,8553,350,,,0,85,,8531,350,,,0,85,,8532,350,,,0,45,,8533,350,,,0,85,,8534,350,,,0,82,,8535,350,,,0,83,,8536,350,,,0,40,,8538,350,,,0,80,,8539,350,,,0,80,,8540,350,,,0,40,,8541,350,,,0,80,,8542,350,,,0,80,,8543,350,,,0,40,,8544,350,,,0
3300,'Dimanche-02',612,,8559,530,,,0,42,,8557,530,,,0,91,,8568,530,,,0,81,,8578,530,,,0,83,,8580,530,,,0,93,,8581,530,,,0,40,,8582,530,,,0,80,,8583,530,,,0,80,,8584,530,,,0,40,,8560,530,,,0,80,,8561,530,,,0,79,,8562,530,,,0,40,,8563,530,,,0,80,,8564,530,,,0,79,,8565,530,,,0,39,,8566,530,,,0,79,,8567,530,,,0,39,,8569,530,,,0,79,,8570,530,,,0,80,,8571,530,,,0,87,,8572,530,,,0,45,,8573,530,,,0,85,,8574,530,,,0,87,,8575,530,,,0,86,,8576,530,,,0,43,,8577,530,,,0,88,,8558,530,,,0,83,,8579,530,,,0
3300,'Fête-1-02',632,,8588,530,,,0,81,,8586,530,,,0,42,,8597,530,,,0,82,,8607,530,,,0,82,,8609,530,,,0,84,,8610,530,,,0,41,,8611,530,,,0,82,,8612,530,,,0,82,,8613,530,,,0,42,,8589,530,,,0,82,,8590,530,,,0,82,,8591,530,,,0,42,,8592,530,,,0,82,,8593,530,,,0,82,,8594,530,,,0,82,,8595,530,,,0,42,,8596,530,,,0,85,,8598,530,,,0,79,,8599,530,,,0,42,,8600,530,,,0,82,,8601,530,,,0,79,,8602,530,,,0,41,,8603,530,,,0,81,,8604,530,,,0,82,,8605,530,,,0,43,,8606,530,,,0,86,,8608,530,,,0,86,,8587,530,,,0
3300,'Fête-2-02',639,,8615,530,,,0,80,,8643,530,,,0,81,,8624,530,,,0,40,,8634,530,,,0,80,,8637,530,,,0,80,,8638,530,,,0,40,,8639,530,,,0,82,,8640,530,,,0,81,,8641,530,,,0,43,,8616,530,,,0,83,,8617,530,,,0,83,,8618,530,,,0,43,,8619,530,,,0,84,,8620,530,,,0,86,,8621,530,,,0,84,,8622,530,,,0,45,,8623,530,,,0,84,,8625,530,,,0,81,,8626,530,,,0,83,,8627,530,,,0,42,,8628,530,,,0,80,,8629,530,,,0,80,,8630,530,,,0,39,,8631,530,,,0,80,,8632,530,,,0,80,,8633,530,,,0,40,,8635,530,,,0,80,,8636,530,,,0
3300,'Samedi-02',632,,8646,530,,,0,81,,8644,530,,,0,42,,8655,530,,,0,82,,8665,530,,,0,82,,8667,530,,,0,84,,8668,530,,,0,41,,8669,530,,,0,82,,8670,530,,,0,82,,8671,530,,,0,42,,8647,530,,,0,82,,8648,530,,,0,82,,8649,530,,,0,42,,8650,530,,,0,82,,8651,530,,,0,82,,8652,530,,,0,82,,8653,530,,,0,42,,8654,530,,,0,85,,8656,530,,,0,79,,8657,530,,,0,42,,8658,530,,,0,82,,8659,530,,,0,79,,8660,530,,,0,41,,8661,530,,,0,81,,8662,530,,,0,82,,8663,530,,,0,43,,8664,530,,,0,86,,8666,530,,,0,86,,8645,530,,,0
3300,'Semaine-02',639,,8673,530,,,0,80,,8701,530,,,0,81,,8682,530,,,0,40,,8692,530,,,0,80,,8695,530,,,0,80,,8696,530,,,0,40,,8697,530,,,0,82,,8698,530,,,0,81,,8699,530,,,0,43,,8674,530,,,0,83,,8675,530,,,0,83,,8676,530,,,0,43,,8677,530,,,0,84,,8678,530,,,0,86,,8679,530,,,0,84,,8680,530,,,0,45,,8681,530,,,0,84,,8683,530,,,0,81,,8684,530,,,0,83,,8685,530,,,0,42,,8686,530,,,0,80,,8687,530,,,0,80,,8688,530,,,0,39,,8689,530,,,0,80,,8690,530,,,0,80,,8691,530,,,0,40,,8693,530,,,0,80,,8694,530,,,0
9000,'Semaine-02',648,,8702,160,,,0,63,,8703,160,,,0
11100,'Dimanche-02',724,,8738,370,0,5 6,0,100,,8734,370,0,5 10,0,188,,8733,370,0,5 10,0,290,,8735,370,0,5 10,0,249,,8736,370,0,5 10,0,198,,8739,370,0,5 6,0,107,,8737,370,0,5 10,0,378,,8740,370,0,5 6,0
11100,'Fête-1-02',724,,8746,370,0,5 6,0,100,,8742,370,0,5 10,0,188,,8741,370,0,5 10,0,290,,8743,370,0,5 10,0,249,,8744,370,0,5 10,0,198,,8747,370,0,5 6,0,107,,8745,370,0,5 10,0,378,,8748,370,0,5 6,0
11100,'Fête-2-02',536,,8753,370,0,5 14,0,70,,8751,370,0,5 14,0,30,,8754,370,0,5 14,0,70,,8752,370,0,5 14,0,30,,8758,370,0,5 14,0,70,,8759,370,0,5 14,0,33,,8750,370,0,5 10,0,100,,8760,370,0,5 10,0,207,,8762,370,0,5 6,0,165,,8749,370,0,5 10,0,400,,8755,370,0,5 14,0,30,,8757,370,0,5 14,0,70,,8756,370,0,5 14,0,130,,8761,370,0,5 10,0
11100,'Samedi-02',724,,8768,370,0,5 6,0,100,,8764,370,0,5 10,0,188,,8763,370,0,5 10,0,290,,8765,370,0,5 10,0,249,,8766,370,0,5 10,0,198,,8769,370,0,5 6,0,107,,8767,370,0,5 10,0,378,,8770,370,0,5 6,0
11100,'Semaine-02',536,,8779,370,0,5 15,0,15,,8773,370,0,5 10,0,60,,8777,370,0,5 15,0,27,,8780,370,0,5 15,0,6,,8774,370,0,5 10,0,14,,8778,370,0,5 15,0,51,,8792,370,0,16 17,0,20,,8786,370,0,5 15,0,20,,8781,370,0,5 15,0,5,,8775,370,0,16 17,0,55,,8788,370,0,5 15,0,40,,8776,370,0,16 17,0,157,,8789,370,0,16 17,0,35,,8771,370,0,16 17,0,105,,8791,370,0,5 6,0,160,,8772,370,0,5 10,0,341,,8783,370,0,5 10,0,5,,8782,300,0,5 15,0,92,,8785,370,0,5 10,0,60,,8784,300,0,5 15,0,233,,8790,300,0,5 6,0,103,,8787,300,0,5 10,0
