101,'Dimanche-02',717,,7950,70,,,0,205,,7951,70,,,0,130,,7952,70,,,0,171,,7953,70,,,0,125,,7954,70,,,0,160,,7955,70,,,0,120,,7956,70,,,0,120,,7957,70,,,0,159,,7958,70,,,0,135,,7959,70,,,0,115,,7960,70,,,0,155,,7961,70,,,0
101,'Fête-1-02',717,,7962,70,,,0,205,,7963,70,,,0,130,,7964,70,,,0,171,,7965,70,,,0,125,,7966,70,,,0,160,,7967,70,,,0,120,,7968,70,,,0,120,,7969,70,,,0,159,,7970,70,,,0,135,,7971,70,,,0,115,,7972,70,,,0,155,,7973,70,,,0
101,'Fête-2-02',613,,7974,70,,,0,100,,7983,70,,,0,30,,7985,70,,,0,90,,7986,70,,,0,111,,7987,70,,,0,105,,7988,70,,,0,95,,7990,70,,,0,100,,7989,70,,,0,105,,7991,70,,,0,80,,7975,70,,,0,100,,7976,70,,,0,100,,7977,70,,,0,110,,7978,70,,,0,75,,7979,70,,,0,104,,7980,70,,,0,84,,7981,70,,,0,135,,7982,70,,,0,175,,7984,70,,,0
101,'Samedi-02',717,,7992,70,,,0,205,,7993,70,,,0,130,,7994,70,,,0,171,,7995,70,,,0,125,,7996,70,,,0,160,,7997,70,,,0,120,,7998,70,,,0,120,,7999,70,,,0,159,,8000,70,,,0,135,,8001,70,,,0,115,,8002,70,,,0,155,,8003,70,,,0
101,'Semaine-02',613,,8004,70,,,0,100,,8013,70,,,0,30,,8015,70,,,0,90,,8016,70,,,0,111,,8017,70,,,0,105,,8018,70,,,0,95,,8020,70,,,0,100,,8019,70,,,0,105,,8021,70,,,0,80,,8005,70,,,0,100,,8006,70,,,0,100,,8007,70,,,0,110,,8008,70,,,0,75,,8009,70,,,0,104,,8010,70,,,0,84,,8011,70,,,0,135,,8012,70,,,0,175,,8014,70,,,0
2101,'Fête-2-02',646,,8128,70,0,5 6,0,79,,8129,70,0,5 6,0,81,,8130,70,0,5 6,0,795,,8123,70,,,0,30,,8124,70,,,0,69,,8125,70,,,0,30,,8126,70,,,0,70,,8127,70,,,0
2101,'Semaine-02',646,,8137,70,0,5 6,0,79,,8138,70,0,5 6,0,81,,8139,70,0,5 6,0,795,,8131,70,,,0,23,,8132,70,,,0,26,,8133,70,,,0,65,,8134,70,,,0,25,,8135,70,,,0,68,,8136,70,,,0
2301,'Fête-2-02',1534,,8180,70,,,0,25,,8181,70,,,0,70,,8182,70,,,0,30,,8183,70,,,0,70,,8184,70,,,0,29,,8185,70,,,0,70,,8186,70,,,0
2301,'Semaine-02',1534,,8187,70,,,0,25,,8188,70,,,0,70,,8189,70,,,0,30,,8190,70,,,0,70,,8191,70,,,0,29,,8192,70,,,0,70,,8193,70,,,0
2501,'Fête-2-02',1539,,8226,70,,,0,80,,8227,70,,,0,34,,8228,70,,,0,80,,8229,70,,,0,80,,8230,70,,,0,29,,8231,70,,,0
2501,'Semaine-02',1539,,8232,70,,,0,80,,8233,70,,,0,34,,8234,70,,,0,80,,8235,70,,,0,80,,8236,70,,,0,29,,8237,70,,,0
3100,'Dimanche-02',652,,8369,70,,,0,255,,8370,70,,,0,238,,8368,70,,,0,163,,8361,70,,,0,120,,8362,70,,,0,118,,8363,70,,,0,158,,8364,70,,,0,119,,8365,70,,,0,127,,8366,70,,,0,261,,8360,70,,,0,216,,8367,70,,,0
3100,'Fête-1-02',541,,8372,70,,,0,83,,8383,70,,,0,201,,8384,70,,,0,125,,8381,70,,,0,164,,8371,70,,,0,124,,8382,70,,,0,164,,8373,70,,,0,124,,8374,70,,,0,124,,8375,70,,,0,164,,8376,70,,,0,124,,8377,70,,,0,67,,8378,70,,,0,216,,8379,70,,,0,216,,8380,70,,,0
3100,'Fête-2-02',547,,8409,70,,,0,80,,8385,70,,,0,79,,8395,70,,,0,40,,8410,70,,,0,80,,8404,70,,,0,80,,8405,70,,,0,40,,8406,70,,,0,81,,8412,70,,,0,81,,8407,70,,,0,43,,8408,70,,,0,83,,8386,70,,,0,83,,8387,70,,,0,42,,8388,70,,,0,82,,8389,70,,,0,84,,8390,70,,,0,85,,8391,70,,,0,45,,8392,70,,,0,86,,8393,70,,,0,85,,8394,70,,,0,85,,8396,70,,,0,42,,8397,70,,,0,80,,8398,70,,,0,80,,8399,70,,,0,40,,8400,70,,,0,80,,8401,70,,,0,80,,8402,70,,,0,40,,8403,70,,,0,161,,8411,70,0,5 6,0
3100,'Samedi-02',541,,8414,70,,,0,83,,8425,70,,,0,201,,8426,70,,,0,125,,8423,70,,,0,164,,8413,70,,,0,124,,8424,70,,,0,164,,8415,70,,,0,124,,8416,70,,,0,124,,8417,70,,,0,164,,8418,70,,,0,124,,8419,70,,,0,67,,8420,70,,,0,216,,8421,70,,,0,216,,8422,70,,,0
3100,'Semaine-02',547,,8451,70,,,0,80,,8427,70,,,0,79,,8437,70,,,0,40,,8452,70,,,0,80,,8446,70,,,0,80,,8447,70,,,0,40,,8448,70,,,0,81,,8454,70,,,0,81,,8449,70,,,0,43,,8450,70,,,0,83,,8428,70,,,0,83,,8429,70,,,0,42,,8430,70,,,0,82,,8431,70,,,0,84,,8432,70,,,0,85,,8433,70,,,0,45,,8434,70,,,0,86,,8435,70,,,0,85,,8436,70,,,0,85,,8438,70,,,0,42,,8439,70,,,0,80,,8440,70,,,0,80,,8441,70,,,0,40,,8442,70,,,0,80,,8443,70,,,0,80,,8444,70,,,0,40,,8445,70,,,0,161,,8453,70,0,5 6,0
3200,'Dimanche-02',542,,8455,70,,,0,214,,8460,70,,,0,262,,8463,70,,,0,192,,8464,70,,,0,119,,8456,70,,,0,122,,8466,70,,,0,160,,8457,70,,,0,119,,8459,70,,,0,118,,8458,70,,,0,255,,8461,70,,,0,216,,8462,70,,,0,213,,8465,70,0,6,0
3200,'Fête-1-02',654,,8473,70,,,0,77,,8468,70,,,0,120,,8476,70,,,0,162,,8477,70,,,0,124,,8478,70,,,0,164,,8469,70,,,0,124,,8480,70,,,0,124,,8470,70,,,0,168,,8471,70,,,0,120,,8472,70,,,0,276,,8474,70,,,0,216,,8475,70,,,0,211,,8479,70,0,6,0
3200,'Fête-2-02',611,,8506,70,,,0,39,,8481,70,,,0,78,,8509,70,,,0,79,,8492,70,,,0,40,,8500,70,,,0,83,,8501,70,,,0,81,,8502,70,,,0,41,,8503,70,,,0,83,,8504,70,,,0,82,,8505,70,,,0,83,,8482,70,,,0,42,,8483,70,,,0,81,,8484,70,,,0,84,,8508,70,,,0,45,,8486,70,,,0,85,,8487,70,,,0,86,,8488,70,,,0,86,,8489,70,,,0,43,,8490,70,,,0,84,,8491,70,,,0,81,,8493,70,,,0,40,,8494,70,,,0,80,,8495,70,,,0,80,,8496,70,,,0,40,,8497,70,,,0,82,,8498,70,,,0,80,,8499,70,,,0,112,,8507,70,0,6,0
3200,'Samedi-02',654,,8518,70,,,0,77,,8513,70,,,0,120,,8521,70,,,0,162,,8522,70,,,0,124,,8523,70,,,0,164,,8514,70,,,0,124,,8525,70,,,0,124,,8515,70,,,0,168,,8516,70,,,0,120,,8517,70,,,0,276,,8519,70,,,0,216,,8520,70,,,0,211,,8524,70,0,6,0
3200,'Semaine-02',611,,8551,70,,,0,39,,8526,70,,,0,78,,8554,70,,,0,79,,8537,70,,,0,40,,8545,70,,,0,83,,8546,70,,,0,81,,8547,70,,,0,41,,8548,70,,,0,83,,8549,70,,,0,82,,8550,70,,,0,83,,8527,70,,,0,42,,8528,70,,,0,81,,8529,70,,,0,84,,8553,70,,,0,45,,8531,70,,,0,85,,8532,70,,,0,86,,8533,70,,,0,86,,8534,70,,,0,43,,8535,70,,,0,84,,8536,70,,,0,81,,8538,70,,,0,40,,8539,70,,,0,80,,8540,70,,,0,80,,8541,70,,,0,40,,8542,70,,,0,82,,8543,70,,,0,80,,8544,70,,,0,112,,8552,70,0,6,0
9800,'Fête-2-02',723,,8707,70,,,0,103,,8711,70,,,0,105,,8712,70,,,0,506,,8713,70,,,0,105,,8714,70,,,0,105,,8715,70,,,0,104,,8716,70,,,0,105,,8717,70,,,0,99,,8718,70,,,0,99,,8708,70,,,0,90,,8709,70,,,0,90,,8710,70,,,0
9800,'Semaine-02',723,,8720,70,,,0,103,,8724,70,,,0,105,,8725,70,,,0,506,,8726,70,,,0,105,,8727,70,,,0,105,,8728,70,,,0,104,,8729,70,,,0,105,,8730,70,,,0,99,,8731,70,,,0,99,,8721,70,,,0,90,,8722,70,,,0,90,,8723,70,,,0
11101,'Dimanche-02',900,,8794,70,,,0,147,,8793,70,,,0,295,,8795,70,,,0,289,,8796,70,,,0,303,,8797,70,,,0
11101,'Fête-1-02',900,,8802,70,,,0,147,,8801,70,,,0,295,,8803,70,,,0,289,,8804,70,,,0,303,,8805,70,,,0
11101,'Fête-2-02',707,,8817,80,,,0,100,,8820,80,,,0,100,,8821,80,,,0,14,,8819,70,,,0,232,,8823,70,,,0,200,,8809,70,,,0,189,,8810,80,,,0,70,,8812,80,,,0,30,,8813,80,,,0,70,,8814,80,,,0,30,,8815,80,,,0,70,,8816,80,,,0,30,,8818,80,,,0,70,,8811,80,,,0,110,,8822,70,,,0
11101,'Samedi-02',900,,8826,70,,,0,147,,8825,70,,,0,295,,8827,70,,,0,289,,8828,70,,,0,303,,8829,70,,,0
11101,'Semaine-02',631,,8842,70,,,0,95,,8849,70,,,0,130,,8850,70,,,0,95,,8847,70,,,0,192,,8852,70,,,0,265,,8833,80,,,0,120,,8836,80,,,0,110,,8844,80,,,0,110,,8845,80,,,0,94,,8846,80,,,0,75,,8835,80,,,0,305,,8848,70,,,0
