101,'Dimanche-01',712,,5325,20,,,0,205,,5326,20,,,0,130,,5327,20,,,0,170,,5328,20,,,0,125,,5329,20,,,0,160,,5330,20,,,0,120,,5331,20,,,0,120,,5332,20,,,0,160,,5333,20,,,0,135,,5334,20,,,0,115,,5335,20,,,0,155,,5336,20,,,0
101,'Fête-1-01',712,,5337,20,,,0,205,,5338,20,,,0,130,,5339,20,,,0,170,,5340,20,,,0,125,,5341,20,,,0,160,,5342,20,,,0,120,,5343,20,,,0,120,,5344,20,,,0,160,,5345,20,,,0,135,,5346,20,,,0,115,,5347,20,,,0,155,,5348,20,,,0
101,'Fête-2-01',607,,5349,20,,,0,100,,5358,20,,,0,30,,5360,20,,,0,90,,5361,20,,,0,110,,5362,20,,,0,105,,5363,20,,,0,95,,5365,20,,,0,100,,5364,20,,,0,106,,5366,20,,,0,80,,5350,20,,,0,100,,5351,20,,,0,100,,5352,20,,,0,109,,5353,20,,,0,75,,5354,20,,,0,105,,5355,20,,,0,45,,5356,20,,,0,175,,5357,20,,,0,175,,5359,20,,,0
101,'Samedi-01',712,,5367,20,,,0,205,,5368,20,,,0,130,,5369,20,,,0,170,,5370,20,,,0,125,,5371,20,,,0,160,,5372,20,,,0,120,,5373,20,,,0,120,,5374,20,,,0,160,,5375,20,,,0,135,,5376,20,,,0,115,,5377,20,,,0,155,,5378,20,,,0
101,'Semaine-01',607,,5379,20,,,0,100,,5388,20,,,0,30,,5390,20,,,0,90,,5391,20,,,0,110,,5392,20,,,0,105,,5393,20,,,0,95,,5395,20,,,0,100,,5394,20,,,0,106,,5396,20,,,0,80,,5380,20,,,0,100,,5381,20,,,0,100,,5382,20,,,0,109,,5383,20,,,0,75,,5384,20,,,0,105,,5385,20,,,0,45,,5386,20,,,0,175,,5387,20,,,0,175,,5389,20,,,0
2101,'Fête-2-01',641,,5503,20,0,5 6,0,79,,5504,20,0,5 6,0,81,,5505,20,0,5 6,0,753,,5498,20,,,0,70,,5499,20,,,0,30,,5500,20,,,0,70,,5501,20,,,0,30,,5502,20,,,0
2101,'Semaine-01',641,,5512,20,0,5 6,0,79,,5513,20,0,5 6,0,81,,5514,20,0,5 6,0,753,,5506,20,,,0,63,,5507,20,,,0,27,,5508,20,,,0,65,,5509,20,,,0,25,,5510,20,,,0,68,,5511,20,,,0
2301,'Fête-2-01',1527,,5555,20,,,0,25,,5556,20,,,0,70,,5557,20,,,0,30,,5558,20,,,0,70,,5559,20,,,0,30,,5560,20,,,0,70,,5561,20,,,0
2301,'Semaine-01',1527,,5562,20,,,0,25,,5563,20,,,0,70,,5564,20,,,0,30,,5565,20,,,0,70,,5566,20,,,0,30,,5567,20,,,0,70,,5568,20,,,0
2501,'Fête-2-01',1532,,5601,20,,,0,80,,5602,20,,,0,35,,5603,20,,,0,80,,5604,20,,,0,80,,5605,20,,,0,30,,5606,20,,,0
2501,'Semaine-01',1532,,5607,20,,,0,80,,5608,20,,,0,35,,5609,20,,,0,80,,5610,20,,,0,80,,5611,20,,,0,30,,5612,20,,,0
3100,'Dimanche-01',647,,5744,20,,,0,254,,5745,20,,,0,238,,5743,20,,,0,163,,5736,20,,,0,120,,5737,20,,,0,118,,5738,20,,,0,118,,5739,20,,,0,159,,5740,20,,,0,127,,5741,20,,,0,262,,5735,20,,,0,216,,5742,20,,,0
3100,'Fête-1-01',536,,5747,20,,,0,83,,5758,20,,,0,200,,5759,20,,,0,125,,5756,20,,,0,164,,5746,20,,,0,124,,5757,20,,,0,124,,5748,20,,,0,164,,5749,20,,,0,124,,5750,20,,,0,164,,5751,20,,,0,124,,5752,20,,,0,68,,5753,20,,,0,216,,5754,20,,,0,216,,5755,20,,,0
3100,'Fête-2-01',542,,5784,20,,,0,80,,5760,20,,,0,79,,5770,20,,,0,40,,5785,20,,,0,80,,5779,20,,,0,80,,5780,20,,,0,40,,5781,20,,,0,81,,5787,20,,,0,81,,5782,20,,,0,43,,5783,20,,,0,83,,5761,20,,,0,83,,5762,20,,,0,42,,5763,20,,,0,81,,5764,20,,,0,84,,5765,20,,,0,84,,5766,20,,,0,45,,5767,20,,,0,87,,5768,20,,,0,86,,5769,20,,,0,85,,5771,20,,,0,42,,5772,20,,,0,80,,5773,20,,,0,80,,5774,20,,,0,40,,5775,20,,,0,80,,5776,20,,,0,80,,5777,20,,,0,41,,5778,20,,,0,161,,5786,20,0,5 6,0
3100,'Samedi-01',536,,5789,20,,,0,83,,5800,20,,,0,200,,5801,20,,,0,125,,5798,20,,,0,164,,5788,20,,,0,124,,5799,20,,,0,124,,5790,20,,,0,164,,5791,20,,,0,124,,5792,20,,,0,164,,5793,20,,,0,124,,5794,20,,,0,68,,5795,20,,,0,216,,5796,20,,,0,216,,5797,20,,,0
3100,'Semaine-01',542,,5826,20,,,0,80,,5802,20,,,0,79,,5812,20,,,0,40,,5827,20,,,0,80,,5821,20,,,0,80,,5822,20,,,0,40,,5823,20,,,0,81,,5829,20,,,0,81,,5824,20,,,0,43,,5825,20,,,0,83,,5803,20,,,0,83,,5804,20,,,0,42,,5805,20,,,0,81,,5806,20,,,0,84,,5807,20,,,0,84,,5808,20,,,0,45,,5809,20,,,0,87,,5810,20,,,0,86,,5811,20,,,0,85,,5813,20,,,0,42,,5814,20,,,0,80,,5815,20,,,0,80,,5816,20,,,0,40,,5817,20,,,0,80,,5818,20,,,0,80,,5819,20,,,0,41,,5820,20,,,0,161,,5828,20,0,5 6,0
3200,'Dimanche-01',537,,5830,20,,,0,214,,5835,20,,,0,261,,5838,20,,,0,192,,5839,20,,,0,119,,5831,20,,,0,122,,5841,20,,,0,160,,5832,20,,,0,119,,5834,20,,,0,118,,5833,20,,,0,216,,5836,20,,,0,256,,5837,20,,,0,213,,5840,20,0,6,0
3200,'Fête-1-01',649,,5848,20,,,0,77,,5843,20,,,0,120,,5851,20,,,0,161,,5852,20,,,0,124,,5853,20,,,0,124,,5844,20,,,0,164,,5855,20,,,0,124,,5845,20,,,0,168,,5846,20,,,0,120,,5847,20,,,0,277,,5849,20,,,0,216,,5850,20,,,0,212,,5854,20,0,6,0
3200,'Fête-2-01',607,,5881,20,,,0,38,,5856,20,,,0,78,,5884,20,,,0,79,,5867,20,,,0,40,,5875,20,,,0,83,,5876,20,,,0,81,,5877,20,,,0,41,,5878,20,,,0,83,,5879,20,,,0,82,,5880,20,,,0,43,,5857,20,,,0,82,,5858,20,,,0,81,,5859,20,,,0,84,,5883,20,,,0,45,,5861,20,,,0,84,,5862,20,,,0,86,,5863,20,,,0,87,,5864,20,,,0,43,,5865,20,,,0,84,,5866,20,,,0,81,,5868,20,,,0,40,,5869,20,,,0,80,,5870,20,,,0,80,,5871,20,,,0,40,,5872,20,,,0,83,,5873,20,,,0,80,,5874,20,,,0,112,,5882,20,0,6,0
3200,'Samedi-01',649,,5893,20,,,0,77,,5888,20,,,0,120,,5896,20,,,0,161,,5897,20,,,0,124,,5898,20,,,0,124,,5889,20,,,0,164,,5900,20,,,0,124,,5890,20,,,0,168,,5891,20,,,0,120,,5892,20,,,0,277,,5894,20,,,0,216,,5895,20,,,0,212,,5899,20,0,6,0
3200,'Semaine-01',607,,5926,20,,,0,38,,5901,20,,,0,78,,5929,20,,,0,79,,5912,20,,,0,40,,5920,20,,,0,83,,5921,20,,,0,81,,5922,20,,,0,41,,5923,20,,,0,83,,5924,20,,,0,82,,5925,20,,,0,43,,5902,20,,,0,82,,5903,20,,,0,81,,5904,20,,,0,84,,5928,20,,,0,45,,5906,20,,,0,84,,5907,20,,,0,86,,5908,20,,,0,87,,5909,20,,,0,43,,5910,20,,,0,84,,5911,20,,,0,81,,5913,20,,,0,40,,5914,20,,,0,80,,5915,20,,,0,80,,5916,20,,,0,40,,5917,20,,,0,83,,5918,20,,,0,80,,5919,20,,,0,112,,5927,20,0,6,0
9800,'Fête-2-01',719,,6082,20,,,0,103,,6086,20,,,0,105,,6087,20,,,0,505,,6088,20,,,0,105,,6089,20,,,0,105,,6090,20,,,0,105,,6091,20,,,0,105,,6092,20,,,0,99,,6093,20,,,0,100,,6083,20,,,0,90,,6084,20,,,0,90,,6085,20,,,0
9800,'Semaine-01',719,,6095,20,,,0,103,,6099,20,,,0,105,,6100,20,,,0,505,,6101,20,,,0,105,,6102,20,,,0,105,,6103,20,,,0,105,,6104,20,,,0,105,,6105,20,,,0,99,,6106,20,,,0,100,,6096,20,,,0,90,,6097,20,,,0,90,,6098,20,,,0
11101,'Dimanche-01',855,,6169,20,,,0,187,,6168,20,,,0,295,,6170,20,,,0,288,,6171,20,,,0,305,,6172,20,,,0
11101,'Fête-1-01',855,,6177,20,,,0,187,,6176,20,,,0,295,,6178,20,,,0,288,,6179,20,,,0,305,,6180,20,,,0
11101,'Fête-2-01',702,,6192,30,,,0,100,,6195,30,,,0,100,,6196,30,,,0,15,,6194,20,,,0,230,,6198,20,,,0,200,,6184,20,,,0,190,,6185,30,,,0,70,,6187,30,,,0,30,,6188,30,,,0,70,,6189,30,,,0,30,,6190,30,,,0,70,,6191,30,,,0,30,,6193,30,,,0,70,,6186,30,,,0,110,,6197,20,,,0
11101,'Samedi-01',855,,6201,20,,,0,187,,6200,20,,,0,295,,6202,20,,,0,288,,6203,20,,,0,305,,6204,20,,,0
11101,'Semaine-01',627,,6217,20,,,0,95,,6224,20,,,0,130,,6225,20,,,0,95,,6222,20,,,0,190,,6227,20,,,0,265,,6208,30,,,0,120,,6211,30,,,0,110,,6219,30,,,0,110,,6220,30,,,0,95,,6221,30,,,0,75,,6210,30,,,0,305,,6223,20,,,0
