2000002300,'Dimanche-02',550,,9596,110,,,0,79,,9598,110,,,0,74,,9599,110,,,0,101,,9600,110,,,0,41,,9601,110,,,0,75,,9602,110,,,0,107,,9603,110,,,0,97,,9604,110,,,0,95,,9605,110,,,0,82,,9606,110,,,0,37,,9607,110,,,0,83,,9608,110,,,0,79,,9609,110,,,0,42,,9610,110,,,0,78,,9611,110,,,0,80,,9612,110,,,0,39,,9613,110,,,0,82,,9614,110,,,0,36,,9615,110,,,0,146,,9616,110,,,0,109,,9617,110,,,0,112,,9618,110,,,0,104,,9619,110,,,0,111,,9620,110,,,0,102,,9597,110,,,0
2000002300,'Fête-1-02',552,,9621,110,,,0,83,,9623,110,,,0,81,,9624,110,,,0,35,,9625,110,,,0,87,,9626,110,,,0,84,,9627,110,,,0,81,,9628,110,,,0,53,,9629,110,,,0,90,,9630,110,,,0,85,,9631,110,,,0,79,,9632,110,,,0,41,,9633,110,,,0,83,,9634,110,,,0,85,,9635,110,,,0,39,,9636,110,,,0,85,,9637,110,,,0,83,,9638,110,,,0,80,,9639,110,,,0,40,,9640,110,,,0,85,,9641,110,,,0,87,,9642,110,,,0,104,,9643,110,,,0,80,,9644,110,,,0,32,,9645,110,,,0,104,,9646,110,,,0,111,,9647,110,,,0,96,,9622,110,,,0
2000002300,'Fête-2-02',559,,9648,110,,,0,80,,9649,110,,,0,80,,9673,110,,,0,81,,9674,110,,,0,39,,9650,110,,,0,80,,9672,110,,,0,40,,9670,110,,,0,81,,9669,110,,,0,82,,9671,110,,,0,83,,9668,110,,,0,43,,9665,110,,,0,83,,9667,110,,,0,82,,9666,110,,,0,42,,9664,110,,,0,85,,9663,110,,,0,85,,9662,110,,,0,86,,9661,110,,,0,45,,9660,110,,,0,85,,9659,110,,,0,82,,9658,110,,,0,82,,9657,110,,,0,39,,9656,110,,,0,80,,9655,110,,,0,80,,9654,110,,,0,40,,9653,110,,,0,80,,9652,110,,,0,80,,9651,110,,,0,121,,9675,110,,,0
2000002300,'Samedi-02',552,,9676,110,,,0,83,,9678,110,,,0,81,,9679,110,,,0,35,,9680,110,,,0,87,,9681,110,,,0,84,,9682,110,,,0,81,,9683,110,,,0,53,,9684,110,,,0,90,,9685,110,,,0,85,,9686,110,,,0,79,,9687,110,,,0,41,,9688,110,,,0,83,,9689,110,,,0,85,,9690,110,,,0,39,,9691,110,,,0,85,,9692,110,,,0,83,,9693,110,,,0,80,,9694,110,,,0,40,,9695,110,,,0,85,,9696,110,,,0,87,,9697,110,,,0,104,,9698,110,,,0,80,,9699,110,,,0,32,,9700,110,,,0,104,,9701,110,,,0,111,,9702,110,,,0,96,,9677,110,,,0
2000002300,'Semaine-02',559,,9703,110,,,0,80,,9704,110,,,0,80,,9728,110,,,0,81,,9729,110,,,0,39,,9705,110,,,0,80,,9727,110,,,0,40,,9725,110,,,0,81,,9724,110,,,0,82,,9726,110,,,0,83,,9723,110,,,0,43,,9720,110,,,0,83,,9722,110,,,0,82,,9721,110,,,0,42,,9719,110,,,0,85,,9718,110,,,0,85,,9717,110,,,0,86,,9716,110,,,0,45,,9715,110,,,0,85,,9714,110,,,0,82,,9713,110,,,0,82,,9712,110,,,0,39,,9711,110,,,0,80,,9710,110,,,0,80,,9709,110,,,0,40,,9708,110,,,0,80,,9707,110,,,0,80,,9706,110,,,0,121,,9730,110,,,0
2000002301,'Dimanche-02',615,,9731,110,,,0,34,,9741,110,,,0,80,,9736,110,,,0,101,,9746,110,,,0,76,,9742,110,,,0,40,,9735,110,,,0,107,,9737,110,,,0,97,,9738,110,,,0,95,,9745,110,,,0,75,,9739,110,,,0,84,,9734,110,,,0,38,,9747,110,,,0,84,,9740,110,,,0,77,,9744,110,,,0,43,,9743,110,,,0,79,,9733,110,,,0,80,,9748,110,,,0,37,,9749,110,,,0,81,,9754,110,,,0,106,,9751,110,,,0,109,,9750,110,,,0,112,,9755,110,,,0,104,,9753,110,,,0,151,,9752,110,,,0,102,,9732,110,,,0
2000002301,'Fête-1-02',618,,9756,110,,,0,83,,9766,110,,,0,36,,9761,110,,,0,75,,9772,110,,,0,92,,9767,110,,,0,40,,9760,110,,,0,85,,9769,110,,,0,88,,9762,110,,,0,95,,9763,110,,,0,40,,9771,110,,,0,84,,9764,110,,,0,76,,9759,110,,,0,88,,9773,110,,,0,40,,9765,110,,,0,84,,9770,110,,,0,80,,9768,110,,,0,48,,9758,110,,,0,75,,9774,110,,,0,85,,9775,110,,,0,40,,9780,110,,,0,92,,9777,110,,,0,104,,9776,110,,,0,72,,9781,110,,,0,80,,9782,110,,,0,104,,9779,110,,,0,111,,9778,110,,,0,96,,9757,110,,,0
2000002301,'Fête-2-02',625,,9811,110,,,0,80,,9808,110,,,0,40,,9809,110,,,0,80,,9810,110,,,0,80,,9806,110,,,0,40,,9807,110,,,0,80,,9804,110,,,0,81,,9803,110,,,0,42,,9805,110,,,0,83,,9801,110,,,0,83,,9798,110,,,0,43,,9802,110,,,0,82,,9800,110,,,0,82,,9799,110,,,0,85,,9797,110,,,0,45,,9796,110,,,0,86,,9795,110,,,0,85,,9794,110,,,0,85,,9793,110,,,0,42,,9792,110,,,0,82,,9791,110,,,0,79,,9790,110,,,0,40,,9789,110,,,0,80,,9788,110,,,0,80,,9787,110,,,0,40,,9786,110,,,0,80,,9785,110,,,0,74,,9784,110,,,0,98,,9783,110,,,0
2000002301,'Samedi-02',618,,9812,110,,,0,83,,9822,110,,,0,36,,9817,110,,,0,75,,9828,110,,,0,92,,9823,110,,,0,40,,9816,110,,,0,85,,9825,110,,,0,88,,9818,110,,,0,95,,9819,110,,,0,40,,9827,110,,,0,84,,9820,110,,,0,76,,9815,110,,,0,88,,9829,110,,,0,40,,9821,110,,,0,84,,9826,110,,,0,80,,9824,110,,,0,48,,9814,110,,,0,75,,9830,110,,,0,85,,9831,110,,,0,40,,9836,110,,,0,92,,9833,110,,,0,104,,9832,110,,,0,72,,9837,110,,,0,80,,9838,110,,,0,104,,9835,110,,,0,111,,9834,110,,,0,96,,9813,110,,,0
2000002301,'Semaine-02',625,,9867,110,,,0,80,,9864,110,,,0,40,,9865,110,,,0,80,,9866,110,,,0,80,,9862,110,,,0,40,,9863,110,,,0,80,,9860,110,,,0,81,,9859,110,,,0,42,,9861,110,,,0,83,,9857,110,,,0,83,,9854,110,,,0,43,,9858,110,,,0,82,,9856,110,,,0,82,,9855,110,,,0,85,,9853,110,,,0,45,,9852,110,,,0,86,,9851,110,,,0,85,,9850,110,,,0,85,,9849,110,,,0,42,,9848,110,,,0,82,,9847,110,,,0,79,,9846,110,,,0,40,,9845,110,,,0,80,,9844,110,,,0,80,,9843,110,,,0,40,,9842,110,,,0,80,,9841,110,,,0,74,,9840,110,,,0,98,,9839,110,,,0
