101,'Dimanche-01',800,,5325,560,,,0,206,,5326,560,,,0,131,,5327,560,,,0,173,,5328,560,,,0,127,,5329,560,,,0,120,,5330,560,,,0,160,,5331,560,,,0,120,,5332,560,,,0,117,,5333,560,,,0,174,,5334,560,,,0,114,,5335,560,,,0,113,,5336,560,,,0
101,'Fête-1-01',800,,5337,560,,,0,206,,5338,560,,,0,131,,5339,560,,,0,173,,5340,560,,,0,127,,5341,560,,,0,120,,5342,560,,,0,160,,5343,560,,,0,120,,5344,560,,,0,117,,5345,560,,,0,174,,5346,560,,,0,114,,5347,560,,,0,113,,5348,560,,,0
101,'Fête-2-01',659,,5349,560,,,0,141,,5358,560,,,0,30,,5360,560,,,0,90,,5361,560,,,0,111,,5362,560,,,0,105,,5363,560,,,0,95,,5365,560,,,0,104,,5364,560,,,0,106,,5366,560,,,0,81,,5350,560,,,0,105,,5351,560,,,0,96,,5352,560,,,0,105,,5353,560,,,0,74,,5354,560,,,0,103,,5355,560,,,0,43,,5356,560,,,0,173,,5357,560,,,0,135,,5359,560,,,0
101,'Samedi-01',800,,5367,560,,,0,206,,5368,560,,,0,131,,5369,560,,,0,173,,5370,560,,,0,127,,5371,560,,,0,120,,5372,560,,,0,160,,5373,560,,,0,120,,5374,560,,,0,117,,5375,560,,,0,174,,5376,560,,,0,114,,5377,560,,,0,113,,5378,560,,,0
101,'Semaine-01',654,,5397,430,,,0,5,,5379,560,,,0,141,,5388,560,,,0,30,,5390,560,,,0,90,,5391,560,,,0,111,,5392,560,,,0,105,,5393,560,,,0,95,,5395,560,,,0,104,,5394,560,,,0,106,,5396,560,,,0,81,,5380,560,,,0,105,,5381,560,,,0,96,,5382,560,,,0,105,,5383,560,,,0,74,,5384,560,,,0,103,,5385,560,,,0,43,,5386,560,,,0,173,,5387,560,,,0,135,,5389,560,,,0
2001,'Dimanche-01',732,,5442,60,,,0,124,,5443,60,,,0,166,,5444,60,,,0,125,,5445,60,,,0,165,,5446,60,,,0,125,,5447,60,,,0,165,,5448,60,,,0,125,,5449,60,,,0
2001,'Fête-1-01',732,,5450,60,,,0,124,,5451,60,,,0,166,,5452,60,,,0,125,,5453,60,,,0,165,,5454,60,,,0,125,,5455,60,,,0,165,,5456,60,,,0,125,,5457,60,,,0
2001,'Fête-2-01',717,,5458,60,,,0,125,,5459,60,,,0,165,,5460,60,,,0,126,,5461,60,,,0,126,,5462,60,,,0,165,,5463,60,,,0,126,,5464,60,,,0,166,,5465,60,,,0,126,,5466,60,,,0
2001,'Samedi-01',732,,5467,60,,,0,124,,5468,60,,,0,166,,5469,60,,,0,125,,5470,60,,,0,165,,5471,60,,,0,125,,5472,60,,,0,165,,5473,60,,,0,125,,5474,60,,,0
2001,'Semaine-01',717,,5475,60,,,0,125,,5476,60,,,0,165,,5477,60,,,0,126,,5478,60,,,0,126,,5479,60,,,0,165,,5480,60,,,0,126,,5481,60,,,0,166,,5482,60,,,0,126,,5483,60,,,0
2001,'Semaine-01-0001100',2005,,5485,60,,,0,124,,5484,60,,,0
2801,'Fête-2-01',1706,,5683,450,0,23,0,44,,5682,450,,,0,68,,5684,450,0,23,0
2801,'Semaine-01',1706,,5695,450,0,23,0,44,,5694,450,,,0,68,,5696,450,0,23,0
