2100,'Fête-2-01',528,,5486,70,,,0,30,,5487,70,,,0,70,,5488,70,,,0,75,,5489,70,,,0,30,,5490,70,,,0,75,,5491,70,,,0
2100,'Semaine-01',528,,5492,70,,,0,30,,5493,70,,,0,70,,5494,70,,,0,75,,5495,70,,,0,30,,5496,70,,,0,75,,5497,70,,,0
2101,'Fête-2-01',1626,,5498,220,,,0,30,,5499,220,,,0,69,,5500,220,,,0,29,,5501,220,,,0,70,,5502,220,,,0
2101,'Semaine-01',1626,,5506,220,,,0,23,,5507,220,,,0,66,,5508,220,,,0,24,,5509,220,,,0,65,,5510,220,,,0,28,,5511,220,,,0
3300,'Dimanche-01',605,,5934,430,,,0,42,,5932,430,,,0,91,,5943,430,,,0,81,,5953,430,,,0,83,,5955,430,,,0,53,,5956,430,,,0,80,,5957,430,,,0,80,,5958,430,,,0,40,,5959,430,,,0,80,,5935,430,,,0,80,,5936,430,,,0,39,,5937,430,,,0,80,,5938,430,,,0,80,,5939,430,,,0,39,,5940,430,,,0,79,,5941,430,,,0,79,,5942,430,,,0,39,,5944,430,,,0,79,,5945,430,,,0,80,,5946,430,,,0,47,,5947,430,,,0,85,,5948,430,,,0,85,,5949,430,,,0,87,,5950,430,,,0,46,,5951,430,,,0,83,,5952,430,,,0,88,,5933,430,,,0,83,,5954,430,,,0
3300,'Fête-1-01',625,,5963,430,,,0,81,,5961,430,,,0,42,,5972,430,,,0,82,,5982,430,,,0,82,,5984,430,,,0,44,,5985,430,,,0,81,,5986,430,,,0,82,,5987,430,,,0,82,,5988,430,,,0,42,,5964,430,,,0,82,,5965,430,,,0,82,,5966,430,,,0,42,,5967,430,,,0,82,,5968,430,,,0,82,,5969,430,,,0,42,,5970,430,,,0,82,,5971,430,,,0,85,,5973,430,,,0,79,,5974,430,,,0,42,,5975,430,,,0,82,,5976,430,,,0,79,,5977,430,,,0,41,,5978,430,,,0,81,,5979,430,,,0,82,,5980,430,,,0,43,,5981,430,,,0,86,,5983,430,,,0,86,,5962,430,,,0
3300,'Fête-2-01',632,,5990,430,,,0,80,,6018,430,,,0,41,,5999,430,,,0,80,,6009,430,,,0,80,,6012,430,,,0,40,,6013,430,,,0,80,,6014,430,,,0,82,,6015,430,,,0,41,,6016,430,,,0,83,,5991,430,,,0,83,,5992,430,,,0,83,,5993,430,,,0,43,,5994,430,,,0,83,,5995,430,,,0,86,,5996,430,,,0,85,,5997,430,,,0,45,,5998,430,,,0,84,,6000,430,,,0,81,,6001,430,,,0,43,,6002,430,,,0,82,,6003,430,,,0,80,,6004,430,,,0,40,,6005,430,,,0,79,,6006,430,,,0,80,,6007,430,,,0,40,,6008,430,,,0,80,,6010,430,,,0,80,,6011,430,,,0
3300,'Samedi-01',625,,6021,430,,,0,81,,6019,430,,,0,42,,6030,430,,,0,82,,6040,430,,,0,82,,6042,430,,,0,44,,6043,430,,,0,81,,6044,430,,,0,82,,6045,430,,,0,82,,6046,430,,,0,42,,6022,430,,,0,82,,6023,430,,,0,82,,6024,430,,,0,42,,6025,430,,,0,82,,6026,430,,,0,82,,6027,430,,,0,42,,6028,430,,,0,82,,6029,430,,,0,85,,6031,430,,,0,79,,6032,430,,,0,42,,6033,430,,,0,82,,6034,430,,,0,79,,6035,430,,,0,41,,6036,430,,,0,81,,6037,430,,,0,82,,6038,430,,,0,43,,6039,430,,,0,86,,6041,430,,,0,86,,6020,430,,,0
3300,'Semaine-01',632,,6048,430,,,0,80,,6076,430,,,0,41,,6057,430,,,0,80,,6067,430,,,0,80,,6070,430,,,0,40,,6071,430,,,0,80,,6072,430,,,0,82,,6073,430,,,0,41,,6074,430,,,0,83,,6049,430,,,0,83,,6050,430,,,0,83,,6051,430,,,0,43,,6052,430,,,0,83,,6053,430,,,0,86,,6054,430,,,0,85,,6055,430,,,0,45,,6056,430,,,0,84,,6058,430,,,0,81,,6059,430,,,0,43,,6060,430,,,0,82,,6061,430,,,0,80,,6062,430,,,0,40,,6063,430,,,0,79,,6064,430,,,0,80,,6065,430,,,0,40,,6066,430,,,0,80,,6068,430,,,0,80,,6069,430,,,0
14001,'Dimanche-01',819,,6231,30,,,0,114,,6232,30,,,0,115,,6233,30,,,0,155,,6234,30,,,0,115,,6235,30,,,0,115,,6236,30,,,0,120,,6237,30,,,0,160,,6230,30,,,0
14001,'Fête-1-01',819,,6240,30,,,0,114,,6241,30,,,0,115,,6242,30,,,0,155,,6243,30,,,0,115,,6244,30,,,0,115,,6245,30,,,0,120,,6246,30,,,0,160,,6239,30,,,0
14001,'Fête-2-01',853,,6249,30,,,0,160,,6250,30,,,0,120,,6251,30,,,0,125,,6252,30,,,0,165,,6253,30,,,0,125,,6254,30,,,0,165,,6255,30,,,0,125,,6256,30,,,0,120,,6257,30,,,0,155,,6258,30,,,0
14001,'Samedi-01',819,,6262,30,,,0,114,,6263,30,,,0,115,,6264,30,,,0,155,,6265,30,,,0,115,,6266,30,,,0,115,,6267,30,,,0,120,,6268,30,,,0,160,,6261,30,,,0
14001,'Semaine-01',853,,6271,30,,,0,160,,6272,30,,,0,120,,6273,30,,,0,125,,6274,30,,,0,165,,6275,30,,,0,125,,6276,30,,,0,165,,6277,30,,,0,125,,6278,30,,,0,120,,6279,30,,,0,155,,6280,30,,,0
