101,'Dimanche-02',739,,7950,260,,,0,206,,7951,260,,,0,171,,7952,260,,,0,133,,7953,260,,,0,167,,7954,260,,,0,120,,7955,260,,,0,120,,7956,260,,,0,160,,7957,260,,,0,117,,7958,260,,,0,174,,7959,260,,,0,114,,7960,260,,,0,113,,7961,260,,,0
101,'Fête-1-02',739,,7962,260,,,0,206,,7963,260,,,0,171,,7964,260,,,0,133,,7965,260,,,0,167,,7966,260,,,0,120,,7967,260,,,0,120,,7968,260,,,0,160,,7969,260,,,0,117,,7970,260,,,0,174,,7971,260,,,0,114,,7972,260,,,0,113,,7973,260,,,0
101,'Fête-2-02',638,,7974,260,,,0,101,,7983,260,,,0,70,,7985,260,,,0,50,,7986,260,,,0,151,,7987,260,,,0,105,,7988,260,,,0,95,,7990,260,,,0,103,,7989,260,,,0,106,,7991,260,,,0,81,,7975,260,,,0,103,,7976,260,,,0,56,,7977,260,,,0,147,,7978,260,,,0,34,,7979,260,,,0,103,,7980,260,,,0,84,,7981,260,,,0,173,,7982,260,,,0,135,,7984,260,,,0
101,'Samedi-02',739,,7992,260,,,0,206,,7993,260,,,0,171,,7994,260,,,0,133,,7995,260,,,0,167,,7996,260,,,0,120,,7997,260,,,0,120,,7998,260,,,0,160,,7999,260,,,0,117,,8000,260,,,0,174,,8001,260,,,0,114,,8002,260,,,0,113,,8003,260,,,0
101,'Semaine-02',633,,8022,130,,,0,5,,8004,260,,,0,101,,8013,260,,,0,70,,8015,260,,,0,50,,8016,260,,,0,151,,8017,260,,,0,105,,8018,260,,,0,95,,8020,260,,,0,103,,8019,260,,,0,106,,8021,260,,,0,81,,8005,260,,,0,103,,8006,260,,,0,56,,8007,260,,,0,147,,8008,260,,,0,34,,8009,260,,,0,103,,8010,260,,,0,84,,8011,260,,,0,173,,8012,260,,,0,135,,8014,260,,,0
2301,'Fête-2-02',1600,,8180,270,,,0,25,,8181,270,,,0,30,,8182,270,,,0,70,,8183,270,,,0,28,,8184,270,,,0,69,,8185,270,,,0,29,,8186,270,,,0
2301,'Semaine-02',1600,,8187,270,,,0,25,,8188,270,,,0,30,,8189,270,,,0,70,,8190,270,,,0,28,,8191,270,,,0,69,,8192,270,,,0,29,,8193,270,,,0
2401,'Fête-2-02',1647,,8205,170,,,0,85,,8206,170,,,0,85,,8208,170,,,0,85,,8207,170,,,0
2401,'Semaine-02',1647,,8209,170,,,0,85,,8210,170,,,0,85,,8213,170,,,0,21,,8212,170,,,0,64,,8211,170,,,0
2801,'Fête-2-02',1404,,8310,200,0,22,0,150,,8313,200,0,22,0,71,,8317,200,0,22,0,27,,8308,200,0,23,0,55,,8316,200,0,22,0,19,,8311,200,0,22,0,10,,8307,200,,,0,10,,8312,200,0,22,0,58,,8309,200,0,23,0,19,,8314,200,0,22,0,15,,8318,200,0,22,0,15,,8315,200,0,22,0
2801,'Semaine-02',1404,,8322,200,0,22,0,150,,8328,200,0,22,0,56,,8331,200,0,22,0,15,,8335,200,0,22,0,12,,8332,200,0,22,0,15,,8320,200,0,23,0,5,,8333,200,0,22,0,50,,8334,200,0,22,0,10,,8323,200,0,22,0,9,,8324,200,0,22,0,10,,8319,200,,,0,10,,8325,200,0,22,0,8,,8326,200,0,22,0,50,,8321,200,0,23,0,14,,8327,200,0,22,0,10,,8329,200,0,22,0,25,,8330,200,0,22,0
3300,'Dimanche-02',546,,8559,140,,,0,82,,8557,140,,,0,90,,8568,140,,,0,41,,8578,140,,,0,83,,8580,140,,,0,93,,8581,140,,,0,80,,8582,140,,,0,40,,8583,140,,,0,80,,8584,140,,,0,80,,8560,140,,,0,40,,8561,140,,,0,79,,8562,140,,,0,80,,8563,140,,,0,40,,8564,140,,,0,79,,8565,140,,,0,79,,8566,140,,,0,39,,8567,140,,,0,79,,8569,140,,,0,79,,8570,140,,,0,40,,8571,140,,,0,87,,8572,140,,,0,85,,8573,140,,,0,86,,8574,140,,,0,47,,8575,140,,,0,86,,8576,140,,,0,83,,8577,140,,,0,88,,8558,140,,,0,43,,8579,140,,,0,159,,8585,140,0,8 6,0
3300,'Fête-1-02',606,,8588,140,,,0,41,,8586,140,,,0,81,,8597,140,,,0,82,,8607,140,,,0,42,,8609,140,,,0,84,,8610,140,,,0,81,,8611,140,,,0,42,,8612,140,,,0,82,,8613,140,,,0,82,,8589,140,,,0,82,,8590,140,,,0,42,,8591,140,,,0,82,,8592,140,,,0,82,,8593,140,,,0,42,,8594,140,,,0,82,,8595,140,,,0,82,,8596,140,,,0,85,,8598,140,,,0,39,,8599,140,,,0,82,,8600,140,,,0,82,,8601,140,,,0,39,,8602,140,,,0,82,,8603,140,,,0,81,,8604,140,,,0,42,,8605,140,,,0,83,,8606,140,,,0,86,,8608,140,,,0,86,,8587,140,,,0,113,,8614,140,0,8 6,0
3300,'Fête-2-02',613,,8615,140,,,0,40,,8643,140,,,0,81,,8624,140,,,0,80,,8634,140,,,0,40,,8637,140,,,0,79,,8638,140,,,0,80,,8639,140,,,0,42,,8640,140,,,0,81,,8641,140,,,0,83,,8616,140,,,0,83,,8617,140,,,0,43,,8618,140,,,0,82,,8619,140,,,0,82,,8620,140,,,0,46,,8621,140,,,0,85,,8622,140,,,0,85,,8623,140,,,0,84,,8625,140,,,0,44,,8626,140,,,0,83,,8627,140,,,0,82,,8628,140,,,0,40,,8629,140,,,0,80,,8630,140,,,0,80,,8631,140,,,0,40,,8632,140,,,0,80,,8633,140,,,0,80,,8635,140,,,0,40,,8636,140,,,0,96,,8642,90,0,8 6,0
3300,'Samedi-02',606,,8646,140,,,0,41,,8644,140,,,0,81,,8655,140,,,0,82,,8665,140,,,0,42,,8667,140,,,0,84,,8668,140,,,0,81,,8669,140,,,0,42,,8670,140,,,0,82,,8671,140,,,0,82,,8647,140,,,0,82,,8648,140,,,0,42,,8649,140,,,0,82,,8650,140,,,0,82,,8651,140,,,0,42,,8652,140,,,0,82,,8653,140,,,0,82,,8654,140,,,0,85,,8656,140,,,0,39,,8657,140,,,0,82,,8658,140,,,0,82,,8659,140,,,0,39,,8660,140,,,0,82,,8661,140,,,0,81,,8662,140,,,0,42,,8663,140,,,0,83,,8664,140,,,0,86,,8666,140,,,0,86,,8645,140,,,0,113,,8672,140,0,8 6,0
3300,'Semaine-02',613,,8673,140,,,0,40,,8701,140,,,0,81,,8682,140,,,0,80,,8692,140,,,0,40,,8695,140,,,0,79,,8696,140,,,0,80,,8697,140,,,0,42,,8698,140,,,0,81,,8699,140,,,0,83,,8674,140,,,0,83,,8675,140,,,0,43,,8676,140,,,0,82,,8677,140,,,0,82,,8678,140,,,0,46,,8679,140,,,0,85,,8680,140,,,0,85,,8681,140,,,0,84,,8683,140,,,0,44,,8684,140,,,0,83,,8685,140,,,0,82,,8686,140,,,0,40,,8687,140,,,0,80,,8688,140,,,0,80,,8689,140,,,0,40,,8690,140,,,0,80,,8691,140,,,0,80,,8693,140,,,0,40,,8694,140,,,0,96,,8700,90,0,8 6,0
9001,'Semaine-02',1845,,8705,170,,,0
