2300,'Fête-2-01',547,,5539,320,,,0,66,,5540,320,,,0,15,,5541,320,,,0,75,,5542,320,,,0,25,,5543,320,,,0,20,,5544,320,,,0,60,,5545,320,,,0,20,,5546,320,,,0
2300,'Semaine-01',547,,5547,320,,,0,66,,5548,320,,,0,15,,5549,320,,,0,75,,5550,320,,,0,25,,5551,320,,,0,20,,5552,320,,,0,60,,5553,320,,,0,20,,5554,320,,,0
2400,'Fête-2-01',636,,5569,260,,,0,80,,5570,260,,,0,40,,5572,260,,,0,80,,5573,260,,,0,80,,5571,260,,,0
2400,'Semaine-01',614,,5574,260,,,0,22,,5575,260,,,0,74,,5576,260,,,0,92,,5578,260,,,0,34,,5579,260,,,0,80,,5577,260,,,0
2500,'Fête-2-01',604,,5592,300,,,0,34,,5589,320,,,0,21,,5593,300,,,0,69,,5590,320,,,0,26,,5594,300,,,0,69,,5591,320,,,0
2500,'Semaine-01',604,,5598,300,,,0,34,,5595,320,,,0,21,,5599,300,,,0,69,,5596,320,,,0,26,,5600,300,,,0,69,,5597,320,,,0
3100,'Dimanche-01',725,,5744,360,,,0,218,,5745,360,,,0,278,,5743,360,,,0,123,,5736,360,,,0,160,,5737,360,,,0,118,,5738,360,,,0,118,,5739,360,,,0,119,,5740,360,,,0,167,,5741,360,,,0,221,,5735,360,,,0,254,,5742,360,,,0
3100,'Fête-1-01',614,,5747,360,,,0,43,,5758,360,,,0,244,,5759,360,,,0,125,,5756,360,,,0,124,,5746,360,,,0,164,,5757,360,,,0,124,,5748,360,,,0,164,,5749,360,,,0,124,,5750,360,,,0,124,,5751,360,,,0,164,,5752,360,,,0,27,,5753,360,,,0,216,,5754,360,,,0,254,,5755,360,,,0
3100,'Fête-2-01',623,,5784,360,,,0,80,,5760,360,,,0,40,,5770,360,,,0,80,,5785,360,,,0,80,,5779,360,,,0,40,,5780,360,,,0,80,,5781,360,,,0,80,,5787,360,,,0,43,,5782,360,,,0,83,,5783,360,,,0,83,,5761,360,,,0,43,,5762,360,,,0,82,,5763,360,,,0,82,,5764,360,,,0,85,,5765,360,,,0,45,,5766,360,,,0,86,,5767,360,,,0,85,,5768,360,,,0,84,,5769,360,,,0,42,,5771,360,,,0,82,,5772,360,,,0,79,,5773,360,,,0,40,,5774,360,,,0,79,,5775,360,,,0,80,,5776,360,,,0,40,,5777,360,,,0,80,,5778,360,,,0,121,,5786,360,4,,0
3100,'Samedi-01',614,,5789,360,,,0,43,,5800,360,,,0,244,,5801,360,,,0,125,,5798,360,,,0,124,,5788,360,,,0,164,,5799,360,,,0,124,,5790,360,,,0,164,,5791,360,,,0,124,,5792,360,,,0,124,,5793,360,,,0,164,,5794,360,,,0,27,,5795,360,,,0,216,,5796,360,,,0,254,,5797,360,,,0
3100,'Semaine-01',623,,5826,360,,,0,80,,5802,360,,,0,40,,5812,360,,,0,80,,5827,360,,,0,80,,5821,360,,,0,40,,5822,360,,,0,80,,5823,360,,,0,80,,5829,360,,,0,43,,5824,360,,,0,83,,5825,360,,,0,83,,5803,360,,,0,43,,5804,360,,,0,82,,5805,360,,,0,82,,5806,360,,,0,85,,5807,360,,,0,45,,5808,360,,,0,86,,5809,360,,,0,85,,5810,360,,,0,84,,5811,360,,,0,42,,5813,360,,,0,82,,5814,360,,,0,79,,5815,360,,,0,40,,5816,360,,,0,79,,5817,360,,,0,80,,5818,360,,,0,40,,5819,360,,,0,80,,5820,360,,,0,121,,5828,360,4,,0
