100,'Dimanche-02',607,,7889,190,,,0,200,,7878,190,,,0,125,,7879,190,,,0,170,,7880,190,,,0,125,,7881,190,,,0,124,,7882,190,,,0,160,,7883,190,,,0,120,,7884,190,,,0,124,,7885,190,,,0,175,,7886,190,,,0,115,,7887,190,,,0,155,,7888,190,,,0
100,'Fête-1-02',607,,7901,190,,,0,200,,7890,190,,,0,125,,7891,190,,,0,170,,7892,190,,,0,125,,7893,190,,,0,124,,7894,190,,,0,160,,7895,190,,,0,120,,7896,190,,,0,124,,7897,190,,,0,175,,7898,190,,,0,115,,7899,190,,,0,155,,7900,190,,,0
100,'Fête-2-02',451,,7902,190,,,0,103,,7903,190,,,0,65,,7904,190,,,0,81,,7905,190,,,0,119,,7906,190,,,0,105,,7909,190,,,0,94,,7918,190,,,0,101,,7910,190,,,0,100,,7919,190,,,0,38,,7911,190,,,0,102,,7912,190,,,0,100,,7916,190,,,0,150,,7913,190,,,0,35,,7914,190,,,0,108,,7907,190,,,0,95,,7908,190,,,0,173,,7917,190,,,0,185,,7915,190,,,0
100,'Samedi-02',607,,7931,190,,,0,200,,7920,190,,,0,125,,7921,190,,,0,170,,7922,190,,,0,125,,7923,190,,,0,124,,7924,190,,,0,160,,7925,190,,,0,120,,7926,190,,,0,124,,7927,190,,,0,175,,7928,190,,,0,115,,7929,190,,,0,155,,7930,190,,,0
100,'Semaine-02',451,,7932,190,,,0,103,,7933,190,,,0,65,,7934,190,,,0,81,,7935,190,,,0,119,,7936,190,,,0,105,,7939,190,,,0,94,,7948,190,,,0,101,,7940,190,,,0,100,,7949,190,,,0,38,,7941,190,,,0,102,,7942,190,,,0,100,,7946,190,,,0,150,,7943,190,,,0,35,,7944,190,,,0,108,,7937,190,,,0,95,,7938,190,,,0,173,,7947,190,,,0,185,,7945,190,,,0
2000,'Dimanche-02',704,,8023,230,,,0,12,,8023,470,,,0,112,,8024,230,,,0,12,,8024,470,,,0,114,,8025,230,,,0,52,,8025,470,,,0,113,,8026,230,,,0,12,,8026,470,,,0,113,,8027,230,,,0,12,,8027,470,,,0,152,,8028,230,,,0,12,,8028,470,,,0,113,,8029,230,,,0,12,,8029,470,,,0,113,,8030,230,,,0,52,,8030,470,,,0
2000,'Fête-1-02',704,,8031,230,,,0,12,,8031,470,,,0,112,,8032,230,,,0,12,,8032,470,,,0,114,,8033,230,,,0,52,,8033,470,,,0,113,,8034,230,,,0,12,,8034,470,,,0,113,,8035,230,,,0,12,,8035,470,,,0,152,,8036,230,,,0,12,,8036,470,,,0,113,,8037,230,,,0,12,,8037,470,,,0,113,,8038,230,,,0,52,,8038,470,,,0
2000,'Fête-2-02',647,,8039,230,,,0,12,,8039,470,,,0,153,,8040,230,,,0,12,,8040,470,,,0,113,,8041,230,,,0,12,,8041,470,,,0,154,,8042,230,,,0,12,,8042,470,,,0,114,,8043,230,,,0,12,,8043,470,,,0,113,,8044,230,,,0,52,,8044,470,,,0,114,,8045,230,,,0,12,,8045,470,,,0,114,,8046,230,,,0,12,,8046,470,,,0,154,,8047,230,,,0,12,,8047,470,,,0
2000,'Samedi-02',704,,8048,230,,,0,12,,8048,470,,,0,112,,8049,230,,,0,12,,8049,470,,,0,114,,8050,230,,,0,52,,8050,470,,,0,113,,8051,230,,,0,12,,8051,470,,,0,113,,8052,230,,,0,12,,8052,470,,,0,152,,8053,230,,,0,12,,8053,470,,,0,113,,8054,230,,,0,12,,8054,470,,,0,113,,8055,230,,,0,52,,8055,470,,,0
2000,'Semaine-02',647,,8056,230,,,0,12,,8056,470,,,0,153,,8057,230,,,0,12,,8057,470,,,0,113,,8058,230,,,0,12,,8058,470,,,0,154,,8059,230,,,0,12,,8059,470,,,0,114,,8060,230,,,0,12,,8060,470,,,0,113,,8061,230,,,0,52,,8061,470,,,0,114,,8062,230,,,0,12,,8062,470,,,0,114,,8063,230,,,0,12,,8063,470,,,0,154,,8064,230,,,0,12,,8064,470,,,0
2000,'Semaine-02-0001100',1937,,8066,230,,,0,12,,8066,470,,,0,152,,8065,230,,,0,12,,8065,470,,,0
2800,'Fête-2-02',527,,8281,20,,,0,85,,8280,60,,,0,20,,8282,20,,,0
2800,'Semaine-02',527,,8291,20,,,0,85,,8290,60,,,0,16,,8292,20,,,0
