11101,'Dimanche-02',740,,8798,140,,,0,187,,8794,270,,,0,190,,8793,270,,,0,296,,8795,270,,,0,290,,8796,270,,,0,108,,8799,140,,,0,193,,8797,270,,,0,248,,8800,140,,,0
11101,'Fête-1-02',740,,8806,140,,,0,187,,8802,270,,,0,190,,8801,270,,,0,296,,8803,270,,,0,290,,8804,270,,,0,108,,8807,140,,,0,193,,8805,270,,,0,248,,8808,140,,,0
11101,'Fête-2-02',735,,8817,280,,,0,100,,8820,280,,,0,100,,8821,280,,,0,5,,8819,210,,,0,267,,8824,140,,,0,16,,8823,270,,,0,202,,8809,270,,,0,189,,8810,280,,,0,30,,8812,280,,,0,70,,8813,280,,,0,30,,8814,280,,,0,70,,8815,280,,,0,30,,8816,280,,,0,70,,8818,280,,,0,30,,8811,280,,,0,110,,8822,270,,,0
11101,'Samedi-02',740,,8830,140,,,0,187,,8826,270,,,0,190,,8825,270,,,0,296,,8827,270,,,0,290,,8828,270,,,0,108,,8831,140,,,0,193,,8829,270,,,0,248,,8832,140,,,0
11101,'Semaine-02',649,,8843,150,,,0,8,,8842,270,,,0,98,,8849,270,,,0,160,,8850,210,,,0,95,,8847,210,,,0,196,,8853,140,,,0,7,,8852,270,,,0,227,,8833,280,,,0,111,,8834,210,,,0,50,,8836,280,,,0,51,,8837,210,,,0,59,,8844,280,,,0,16,,8839,210,,,0,29,,8840,210,,,0,53,,8838,210,,,0,11,,8845,280,,,0,9,,8841,210,,,0,83,,8846,280,,,0,37,,8835,280,,,0,106,,8851,140,,,0,194,,8848,270,,,0
14001,'Dimanche-02',841,,8856,150,,,0,115,,8857,150,,,0,155,,8858,150,,,0,116,,8859,150,,,0,115,,8860,150,,,0,115,,8861,150,,,0,160,,8862,150,,,0,119,,8855,150,,,0
14001,'Fête-1-02',841,,8865,150,,,0,115,,8866,150,,,0,155,,8867,150,,,0,116,,8868,150,,,0,115,,8869,150,,,0,115,,8870,150,,,0,160,,8871,150,,,0,119,,8864,150,,,0
14001,'Fête-2-02',650,,8884,20,,,0,104,,8872,100,,,0,161,,8874,150,,,0,120,,8875,150,,,0,122,,8876,150,,,0,165,,8877,150,,,0,125,,8878,150,,,0,165,,8879,150,,,0,124,,8880,150,,,0,166,,8881,150,,,0,119,,8882,150,,,0,113,,8883,150,,,0
14001,'Samedi-02',841,,8887,150,,,0,115,,8888,150,,,0,155,,8889,150,,,0,116,,8890,150,,,0,115,,8891,150,,,0,115,,8892,150,,,0,160,,8893,150,,,0,119,,8886,150,,,0
14001,'Semaine-02',650,,8906,20,,,0,104,,8894,100,,,0,161,,8896,150,,,0,120,,8897,150,,,0,122,,8898,150,,,0,165,,8899,150,,,0,125,,8900,150,,,0,165,,8901,150,,,0,124,,8902,150,,,0,166,,8903,150,,,0,119,,8904,150,,,0,113,,8905,150,,,0
