101,'Dimanche-01',735,,5325,180,,,0,205,,5326,180,,,0,170,,5327,180,,,0,133,,5328,180,,,0,167,,5329,180,,,0,120,,5330,180,,,0,120,,5331,180,,,0,160,,5332,180,,,0,118,,5333,180,,,0,174,,5334,180,,,0,114,,5335,180,,,0,114,,5336,180,,,0
101,'Fête-1-01',735,,5337,180,,,0,205,,5338,180,,,0,170,,5339,180,,,0,133,,5340,180,,,0,167,,5341,180,,,0,120,,5342,180,,,0,120,,5343,180,,,0,160,,5344,180,,,0,118,,5345,180,,,0,174,,5346,180,,,0,114,,5347,180,,,0,114,,5348,180,,,0
101,'Fête-2-01',634,,5349,180,,,0,100,,5358,180,,,0,70,,5360,180,,,0,50,,5361,180,,,0,151,,5362,180,,,0,105,,5363,180,,,0,95,,5365,180,,,0,102,,5364,180,,,0,106,,5366,180,,,0,41,,5350,180,,,0,102,,5351,180,,,0,96,,5352,180,,,0,149,,5353,180,,,0,34,,5354,180,,,0,103,,5355,180,,,0,84,,5356,180,,,0,134,,5357,180,,,0,175,,5359,180,,,0
101,'Samedi-01',735,,5367,180,,,0,205,,5368,180,,,0,170,,5369,180,,,0,133,,5370,180,,,0,167,,5371,180,,,0,120,,5372,180,,,0,120,,5373,180,,,0,160,,5374,180,,,0,118,,5375,180,,,0,174,,5376,180,,,0,114,,5377,180,,,0,114,,5378,180,,,0
101,'Semaine-01',629,,5397,50,,,0,5,,5379,180,,,0,100,,5388,180,,,0,70,,5390,180,,,0,50,,5391,180,,,0,151,,5392,180,,,0,105,,5393,180,,,0,95,,5395,180,,,0,102,,5394,180,,,0,106,,5396,180,,,0,41,,5380,180,,,0,102,,5381,180,,,0,96,,5382,180,,,0,149,,5383,180,,,0,34,,5384,180,,,0,103,,5385,180,,,0,84,,5386,180,,,0,134,,5387,180,,,0,175,,5389,180,,,0
2100,'Fête-2-01',526,,5486,30,,,0,30,,5487,30,,,0,70,,5488,30,,,0,75,,5489,30,,,0,30,,5490,30,,,0,75,,5491,30,,,0
2100,'Semaine-01',526,,5492,30,,,0,30,,5493,30,,,0,70,,5494,30,,,0,75,,5495,30,,,0,30,,5496,30,,,0,75,,5497,30,,,0
2101,'Fête-2-01',1623,,5498,180,,,0,30,,5499,180,,,0,69,,5500,180,,,0,29,,5501,180,,,0,70,,5502,180,,,0
2101,'Semaine-01',1623,,5506,180,,,0,23,,5507,180,,,0,66,,5508,180,,,0,24,,5509,180,,,0,65,,5510,180,,,0,28,,5511,180,,,0
2801,'Fête-2-01',1358,,5685,120,0,22,0,188,,5688,120,0,22,0,72,,5692,120,0,22,0,27,,5683,120,0,23,0,55,,5691,120,0,22,0,19,,5686,120,0,22,0,10,,5682,120,,,0,10,,5687,120,0,22,0,18,,5684,120,0,23,0,59,,5689,120,0,22,0,16,,5693,120,0,22,0,15,,5690,120,0,22,0
2801,'Semaine-01',1358,,5697,120,0,22,0,188,,5703,120,0,22,0,57,,5706,120,0,22,0,15,,5710,120,0,22,0,12,,5707,120,0,22,0,15,,5695,120,0,23,0,5,,5708,120,0,22,0,50,,5709,120,0,22,0,10,,5698,120,0,22,0,9,,5699,120,0,22,0,10,,5694,120,,,0,10,,5700,120,0,22,0,8,,5701,120,0,22,0,10,,5696,120,0,23,0,54,,5702,120,0,22,0,11,,5704,120,0,22,0,25,,5705,120,0,22,0
3300,'Dimanche-01',541,,5934,50,,,0,82,,5932,50,,,0,90,,5943,50,,,0,41,,5953,50,,,0,83,,5955,50,,,0,93,,5956,50,,,0,80,,5957,50,,,0,40,,5958,50,,,0,80,,5959,50,,,0,80,,5935,50,,,0,40,,5936,50,,,0,79,,5937,50,,,0,80,,5938,50,,,0,40,,5939,50,,,0,79,,5940,50,,,0,79,,5941,50,,,0,39,,5942,50,,,0,79,,5944,50,,,0,79,,5945,50,,,0,40,,5946,50,,,0,87,,5947,50,,,0,85,,5948,50,,,0,86,,5949,50,,,0,47,,5950,50,,,0,86,,5951,50,,,0,83,,5952,50,,,0,88,,5933,50,,,0,43,,5954,50,,,0,159,,5960,50,0,8 6,0
3300,'Fête-1-01',601,,5963,50,,,0,41,,5961,50,,,0,81,,5972,50,,,0,82,,5982,50,,,0,42,,5984,50,,,0,84,,5985,50,,,0,81,,5986,50,,,0,42,,5987,50,,,0,82,,5988,50,,,0,82,,5964,50,,,0,82,,5965,50,,,0,42,,5966,50,,,0,82,,5967,50,,,0,82,,5968,50,,,0,42,,5969,50,,,0,82,,5970,50,,,0,82,,5971,50,,,0,45,,5973,50,,,0,79,,5974,50,,,0,82,,5975,50,,,0,82,,5976,50,,,0,39,,5977,50,,,0,82,,5978,50,,,0,81,,5979,50,,,0,42,,5980,50,,,0,83,,5981,50,,,0,86,,5983,50,,,0,46,,5962,50,,,0,153,,5989,50,0,8 6,0
3300,'Fête-2-01',608,,5990,50,,,0,40,,6018,50,,,0,80,,5999,50,,,0,80,,6009,50,,,0,40,,6012,50,,,0,80,,6013,50,,,0,80,,6014,50,,,0,41,,6015,50,,,0,81,,6016,50,,,0,83,,5991,50,,,0,43,,5992,50,,,0,83,,5993,50,,,0,82,,5994,50,,,0,82,,5995,50,,,0,45,,5996,50,,,0,85,,5997,50,,,0,85,,5998,50,,,0,85,,6000,50,,,0,45,,6001,50,,,0,83,,6002,50,,,0,82,,6003,50,,,0,40,,6004,50,,,0,80,,6005,50,,,0,80,,6006,50,,,0,40,,6007,50,,,0,80,,6008,50,,,0,80,,6010,50,,,0,40,,6011,50,,,0
3300,'Samedi-01',601,,6021,50,,,0,41,,6019,50,,,0,81,,6030,50,,,0,82,,6040,50,,,0,42,,6042,50,,,0,84,,6043,50,,,0,81,,6044,50,,,0,42,,6045,50,,,0,82,,6046,50,,,0,82,,6022,50,,,0,82,,6023,50,,,0,42,,6024,50,,,0,82,,6025,50,,,0,82,,6026,50,,,0,42,,6027,50,,,0,82,,6028,50,,,0,82,,6029,50,,,0,45,,6031,50,,,0,79,,6032,50,,,0,82,,6033,50,,,0,82,,6034,50,,,0,39,,6035,50,,,0,82,,6036,50,,,0,81,,6037,50,,,0,42,,6038,50,,,0,83,,6039,50,,,0,86,,6041,50,,,0,46,,6020,50,,,0,153,,6047,50,0,8 6,0
3300,'Semaine-01',608,,6048,50,,,0,40,,6076,50,,,0,80,,6057,50,,,0,80,,6067,50,,,0,40,,6070,50,,,0,80,,6071,50,,,0,80,,6072,50,,,0,41,,6073,50,,,0,81,,6074,50,,,0,83,,6049,50,,,0,43,,6050,50,,,0,83,,6051,50,,,0,82,,6052,50,,,0,82,,6053,50,,,0,45,,6054,50,,,0,85,,6055,50,,,0,85,,6056,50,,,0,85,,6058,50,,,0,45,,6059,50,,,0,83,,6060,50,,,0,82,,6061,50,,,0,40,,6062,50,,,0,80,,6063,50,,,0,80,,6064,50,,,0,40,,6065,50,,,0,80,,6066,50,,,0,80,,6068,50,,,0,40,,6069,50,,,0
9001,'Semaine-01',1840,,6080,90,,,0
