100,'Dimanche-02',637,,7889,610,,,0,200,,7878,610,,,0,167,,7879,610,,,0,130,,7880,610,,,0,125,,7881,610,,,0,163,,7882,610,,,0,118,,7883,610,,,0,160,,7884,610,,,0,123,,7885,610,,,0,135,,7886,610,,,0,155,,7887,610,,,0,115,,7888,610,,,0
100,'Fête-1-02',637,,7901,610,,,0,200,,7890,610,,,0,167,,7891,610,,,0,130,,7892,610,,,0,125,,7893,610,,,0,163,,7894,610,,,0,118,,7895,610,,,0,160,,7896,610,,,0,123,,7897,610,,,0,135,,7898,610,,,0,155,,7899,610,,,0,115,,7900,610,,,0
100,'Fête-2-02',524,,7902,610,,,0,104,,7903,610,,,0,26,,7904,610,,,0,82,,7905,610,,,0,118,,7906,610,,,0,104,,7909,610,,,0,94,,7918,610,,,0,101,,7910,610,,,0,101,,7919,610,,,0,78,,7911,610,,,0,102,,7912,610,,,0,100,,7916,610,,,0,110,,7913,610,,,0,75,,7914,610,,,0,105,,7907,610,,,0,92,,7908,610,,,0,132,,7917,610,,,0,184,,7915,610,,,0
100,'Samedi-02',637,,7931,610,,,0,200,,7920,610,,,0,167,,7921,610,,,0,130,,7922,610,,,0,125,,7923,610,,,0,163,,7924,610,,,0,118,,7925,610,,,0,160,,7926,610,,,0,123,,7927,610,,,0,135,,7928,610,,,0,155,,7929,610,,,0,115,,7930,610,,,0
100,'Semaine-02',524,,7932,610,,,0,104,,7933,610,,,0,26,,7934,610,,,0,82,,7935,610,,,0,118,,7936,610,,,0,104,,7939,610,,,0,94,,7948,610,,,0,101,,7940,610,,,0,101,,7949,610,,,0,78,,7941,610,,,0,102,,7942,610,,,0,100,,7946,610,,,0,110,,7943,610,,,0,75,,7944,610,,,0,105,,7937,610,,,0,92,,7938,610,,,0,132,,7947,610,,,0,184,,7945,610,,,0
2100,'Fête-2-02',542,,8111,250,,,0,70,,8112,250,,,0,30,,8113,250,,,0,75,,8114,250,,,0,30,,8115,250,,,0,75,,8116,250,,,0
2100,'Semaine-02',542,,8117,250,,,0,70,,8118,250,,,0,30,,8119,250,,,0,75,,8120,250,,,0,30,,8121,250,,,0,75,,8122,250,,,0
2101,'Fête-2-02',1638,,8123,400,,,0,70,,8124,400,,,0,29,,8125,400,,,0,69,,8126,400,,,0,30,,8127,400,,,0
2101,'Semaine-02',1638,,8131,400,,,0,63,,8132,400,,,0,26,,8133,400,,,0,24,,8134,400,,,0,65,,8135,400,,,0,28,,8136,400,,,0
2201,'Fête-2-02',1642,,8152,260,,,0,65,,8156,260,,,0,25,,8153,260,,,0,25,,8157,260,,,0,65,,8155,260,,,0,23,,8154,260,,,0
2201,'Semaine-02',1642,,8158,260,,,0,65,,8162,260,,,0,25,,8159,260,,,0,25,,8163,260,,,0,65,,8161,260,,,0,23,,8160,260,,,0
2600,'Fête-2-02',502,,8238,240,,,0,17,,8239,250,,,0
2600,'Semaine-02',502,,8240,240,,,0,17,,8241,250,,,0
2800,'Fête-2-02',514,,8284,140,,,0,20,,8283,140,,,0,15,,8281,380,,,0,65,,8289,140,,,0,20,,8280,420,,,0,20,,8282,380,,,0,61,,8285,140,,,0,20,,8286,140,,,0,21,,8287,140,,,0,60,,8288,140,,,0
2800,'Semaine-02',514,,8294,140,,,0,20,,8293,140,,,0,15,,8291,380,,,0,55,,8305,140,,,0,10,,8301,140,,,0,10,,8302,140,,,0,10,,8290,420,,,0,8,,8303,140,,,0,8,,8292,380,,,0,8,,8306,140,,,0,49,,8304,140,,,0,8,,8295,140,,,0,10,,8296,140,,,0,11,,8297,140,,,0,10,,8298,140,,,0,10,,8299,140,,,0,60,,8300,140,,,0
3200,'Dimanche-02',612,,8455,340,,,0,214,,8460,340,,,0,223,,8463,340,,,0,192,,8464,340,,,0,159,,8456,340,,,0,122,,8466,340,,,0,120,,8457,340,,,0,159,,8459,340,,,0,118,,8458,340,,,0,215,,8461,340,,,0,216,,8462,340,,,0,253,,8465,340,0,6,0
3200,'Fête-1-02',543,,8467,220,,,0,181,,8473,340,,,0,77,,8468,340,,,0,120,,8476,340,,,0,123,,8477,340,,,0,164,,8478,340,,,0,124,,8469,340,,,0,124,,8480,340,,,0,164,,8470,340,,,0,128,,8471,340,,,0,160,,8472,340,,,0,236,,8474,340,,,0,256,,8475,340,,,0,207,,8479,340,0,6,0
3200,'Fête-2-02',639,,8506,340,,,0,80,,8481,340,,,0,40,,8509,340,,,0,80,,8492,340,,,0,80,,8500,340,,,0,81,,8501,340,,,0,41,,8502,340,,,0,81,,8503,340,,,0,83,,8504,340,,,0,43,,8505,340,,,0,83,,8482,340,,,0,82,,8483,340,,,0,42,,8484,340,,,0,85,,8508,340,,,0,85,,8486,340,,,0,85,,8487,340,,,0,45,,8488,340,,,0,85,,8489,340,,,0,82,,8490,340,,,0,83,,8491,340,,,0,40,,8493,340,,,0,80,,8494,340,,,0,80,,8495,340,,,0,40,,8496,340,,,0,80,,8497,340,,,0,80,,8498,340,,,0,40,,8499,340,,,0
3200,'Samedi-02',543,,8512,220,,,0,181,,8518,340,,,0,77,,8513,340,,,0,120,,8521,340,,,0,123,,8522,340,,,0,164,,8523,340,,,0,124,,8514,340,,,0,124,,8525,340,,,0,164,,8515,340,,,0,128,,8516,340,,,0,160,,8517,340,,,0,236,,8519,340,,,0,256,,8520,340,,,0,207,,8524,340,0,6,0
3200,'Semaine-02',639,,8551,340,,,0,80,,8526,340,,,0,40,,8554,340,,,0,80,,8537,340,,,0,80,,8545,340,,,0,81,,8546,340,,,0,41,,8547,340,,,0,81,,8548,340,,,0,83,,8549,340,,,0,43,,8550,340,,,0,83,,8527,340,,,0,82,,8528,340,,,0,42,,8529,340,,,0,85,,8553,340,,,0,85,,8531,340,,,0,85,,8532,340,,,0,45,,8533,340,,,0,85,,8534,340,,,0,82,,8535,340,,,0,83,,8536,340,,,0,40,,8538,340,,,0,80,,8539,340,,,0,80,,8540,340,,,0,40,,8541,340,,,0,80,,8542,340,,,0,80,,8543,340,,,0,40,,8544,340,,,0
3300,'Dimanche-02',611,,8559,520,,,0,42,,8557,520,,,0,91,,8568,520,,,0,81,,8578,520,,,0,83,,8580,520,,,0,93,,8581,520,,,0,40,,8582,520,,,0,80,,8583,520,,,0,80,,8584,520,,,0,40,,8560,520,,,0,80,,8561,520,,,0,79,,8562,520,,,0,40,,8563,520,,,0,80,,8564,520,,,0,39,,8565,520,,,0,79,,8566,520,,,0,79,,8567,520,,,0,39,,8569,520,,,0,79,,8570,520,,,0,80,,8571,520,,,0,87,,8572,520,,,0,45,,8573,520,,,0,85,,8574,520,,,0,87,,8575,520,,,0,86,,8576,520,,,0,43,,8577,520,,,0,88,,8558,520,,,0,83,,8579,520,,,0
3300,'Fête-1-02',631,,8588,520,,,0,81,,8586,520,,,0,42,,8597,520,,,0,82,,8607,520,,,0,82,,8609,520,,,0,84,,8610,520,,,0,41,,8611,520,,,0,82,,8612,520,,,0,82,,8613,520,,,0,42,,8589,520,,,0,82,,8590,520,,,0,82,,8591,520,,,0,42,,8592,520,,,0,82,,8593,520,,,0,82,,8594,520,,,0,82,,8595,520,,,0,42,,8596,520,,,0,85,,8598,520,,,0,79,,8599,520,,,0,42,,8600,520,,,0,82,,8601,520,,,0,79,,8602,520,,,0,41,,8603,520,,,0,81,,8604,520,,,0,82,,8605,520,,,0,43,,8606,520,,,0,86,,8608,520,,,0,86,,8587,520,,,0
3300,'Fête-2-02',638,,8615,520,,,0,80,,8643,520,,,0,41,,8624,520,,,0,80,,8634,520,,,0,80,,8637,520,,,0,40,,8638,520,,,0,80,,8639,520,,,0,82,,8640,520,,,0,81,,8641,520,,,0,43,,8616,520,,,0,83,,8617,520,,,0,83,,8618,520,,,0,43,,8619,520,,,0,84,,8620,520,,,0,86,,8621,520,,,0,84,,8622,520,,,0,45,,8623,520,,,0,84,,8625,520,,,0,81,,8626,520,,,0,83,,8627,520,,,0,42,,8628,520,,,0,80,,8629,520,,,0,80,,8630,520,,,0,39,,8631,520,,,0,80,,8632,520,,,0,80,,8633,520,,,0,40,,8635,520,,,0,80,,8636,520,,,0
3300,'Samedi-02',631,,8646,520,,,0,81,,8644,520,,,0,42,,8655,520,,,0,82,,8665,520,,,0,82,,8667,520,,,0,84,,8668,520,,,0,41,,8669,520,,,0,82,,8670,520,,,0,82,,8671,520,,,0,42,,8647,520,,,0,82,,8648,520,,,0,82,,8649,520,,,0,42,,8650,520,,,0,82,,8651,520,,,0,82,,8652,520,,,0,82,,8653,520,,,0,42,,8654,520,,,0,85,,8656,520,,,0,79,,8657,520,,,0,42,,8658,520,,,0,82,,8659,520,,,0,79,,8660,520,,,0,41,,8661,520,,,0,81,,8662,520,,,0,82,,8663,520,,,0,43,,8664,520,,,0,86,,8666,520,,,0,86,,8645,520,,,0
3300,'Semaine-02',638,,8673,520,,,0,80,,8701,520,,,0,41,,8682,520,,,0,80,,8692,520,,,0,80,,8695,520,,,0,40,,8696,520,,,0,80,,8697,520,,,0,82,,8698,520,,,0,81,,8699,520,,,0,43,,8674,520,,,0,83,,8675,520,,,0,83,,8676,520,,,0,43,,8677,520,,,0,84,,8678,520,,,0,86,,8679,520,,,0,84,,8680,520,,,0,45,,8681,520,,,0,84,,8683,520,,,0,81,,8684,520,,,0,83,,8685,520,,,0,42,,8686,520,,,0,80,,8687,520,,,0,80,,8688,520,,,0,39,,8689,520,,,0,80,,8690,520,,,0,80,,8691,520,,,0,40,,8693,520,,,0,80,,8694,520,,,0
9000,'Semaine-02',647,,8702,150,,,0,63,,8703,150,,,0
11100,'Dimanche-02',723,,8738,360,0,5 6,0,100,,8734,360,0,5 10,0,188,,8733,360,0,5 10,0,290,,8735,360,0,5 10,0,249,,8736,360,0,5 10,0,198,,8739,360,0,5 6,0,107,,8737,360,0,5 10,0,378,,8740,360,0,5 6,0
11100,'Fête-1-02',723,,8746,360,0,5 6,0,100,,8742,360,0,5 10,0,188,,8741,360,0,5 10,0,290,,8743,360,0,5 10,0,249,,8744,360,0,5 10,0,198,,8747,360,0,5 6,0,107,,8745,360,0,5 10,0,378,,8748,360,0,5 6,0
11100,'Fête-2-02',535,,8753,360,0,5 14,0,70,,8751,360,0,5 14,0,30,,8754,360,0,5 14,0,70,,8752,360,0,5 14,0,30,,8758,360,0,5 14,0,70,,8759,360,0,5 14,0,33,,8750,360,0,5 10,0,100,,8760,360,0,5 10,0,207,,8762,360,0,5 6,0,165,,8749,360,0,5 10,0,400,,8755,360,0,5 14,0,30,,8757,360,0,5 14,0,70,,8756,360,0,5 14,0,130,,8761,360,0,5 10,0
11100,'Samedi-02',723,,8768,360,0,5 6,0,100,,8764,360,0,5 10,0,188,,8763,360,0,5 10,0,290,,8765,360,0,5 10,0,249,,8766,360,0,5 10,0,198,,8769,360,0,5 6,0,107,,8767,360,0,5 10,0,378,,8770,360,0,5 6,0
11100,'Semaine-02',535,,8779,360,0,5 15,0,15,,8773,360,0,5 10,0,60,,8777,360,0,5 15,0,27,,8780,360,0,5 15,0,6,,8774,360,0,5 10,0,14,,8778,360,0,5 15,0,51,,8792,360,0,16 17,0,20,,8786,360,0,5 15,0,20,,8781,360,0,5 15,0,5,,8775,360,0,16 17,0,55,,8788,360,0,5 15,0,40,,8776,360,0,16 17,0,157,,8789,360,0,16 17,0,35,,8771,360,0,16 17,0,105,,8791,360,0,5 6,0,160,,8772,360,0,5 10,0,341,,8783,360,0,5 10,0,5,,8782,290,0,5 15,0,92,,8785,360,0,5 10,0,60,,8784,290,0,5 15,0,233,,8790,290,0,5 6,0,103,,8787,290,0,5 10,0
