101,'Dimanche-02',801,,7950,590,,,0,206,,7951,590,,,0,131,,7952,590,,,0,173,,7953,590,,,0,127,,7954,590,,,0,120,,7955,590,,,0,160,,7956,590,,,0,120,,7957,590,,,0,117,,7958,590,,,0,174,,7959,590,,,0,114,,7960,590,,,0,113,,7961,590,,,0
101,'Fête-1-02',801,,7962,590,,,0,206,,7963,590,,,0,131,,7964,590,,,0,173,,7965,590,,,0,127,,7966,590,,,0,120,,7967,590,,,0,160,,7968,590,,,0,120,,7969,590,,,0,117,,7970,590,,,0,174,,7971,590,,,0,114,,7972,590,,,0,113,,7973,590,,,0
101,'Fête-2-02',701,,7974,590,,,0,101,,7983,590,,,0,30,,7985,590,,,0,90,,7986,590,,,0,110,,7987,590,,,0,105,,7988,590,,,0,95,,7990,590,,,0,105,,7989,590,,,0,106,,7991,590,,,0,81,,7975,590,,,0,105,,7976,590,,,0,96,,7977,590,,,0,105,,7978,590,,,0,74,,7979,590,,,0,103,,7980,590,,,0,43,,7981,590,,,0,173,,7982,590,,,0,134,,7984,590,,,0
101,'Samedi-02',801,,7992,590,,,0,206,,7993,590,,,0,131,,7994,590,,,0,173,,7995,590,,,0,127,,7996,590,,,0,120,,7997,590,,,0,160,,7998,590,,,0,120,,7999,590,,,0,117,,8000,590,,,0,174,,8001,590,,,0,114,,8002,590,,,0,113,,8003,590,,,0
101,'Semaine-02',656,,8022,460,,,0,45,,8004,590,,,0,101,,8013,590,,,0,30,,8015,590,,,0,90,,8016,590,,,0,110,,8017,590,,,0,105,,8018,590,,,0,95,,8020,590,,,0,105,,8019,590,,,0,106,,8021,590,,,0,81,,8005,590,,,0,105,,8006,590,,,0,96,,8007,590,,,0,105,,8008,590,,,0,74,,8009,590,,,0,103,,8010,590,,,0,43,,8011,590,,,0,173,,8012,590,,,0,134,,8014,590,,,0
2001,'Dimanche-02',733,,8067,90,,,0,11,,8067,330,,,0,113,,8068,90,,,0,51,,8068,330,,,0,115,,8069,90,,,0,11,,8069,330,,,0,114,,8070,90,,,0,11,,8070,330,,,0,154,,8071,90,,,0,11,,8071,330,,,0,114,,8072,90,,,0,12,,8072,330,,,0,153,,8073,90,,,0,12,,8073,330,,,0,113,,8074,90,,,0,12,,8074,330,,,0
2001,'Fête-1-02',733,,8075,90,,,0,11,,8075,330,,,0,113,,8076,90,,,0,51,,8076,330,,,0,115,,8077,90,,,0,11,,8077,330,,,0,114,,8078,90,,,0,11,,8078,330,,,0,154,,8079,90,,,0,11,,8079,330,,,0,114,,8080,90,,,0,12,,8080,330,,,0,153,,8081,90,,,0,12,,8081,330,,,0,113,,8082,90,,,0,12,,8082,330,,,0
2001,'Fête-2-02',718,,8083,90,,,0,12,,8083,330,,,0,113,,8084,90,,,0,13,,8084,330,,,0,152,,8085,90,,,0,12,,8085,330,,,0,114,,8086,90,,,0,12,,8086,330,,,0,154,,8087,90,,,0,12,,8087,330,,,0,113,,8088,90,,,0,12,,8088,330,,,0,114,,8089,90,,,0,52,,8089,330,,,0,114,,8090,90,,,0,12,,8090,330,,,0,114,,8091,90,,,0,11,,8091,330,,,0
2001,'Samedi-02',733,,8092,90,,,0,11,,8092,330,,,0,113,,8093,90,,,0,51,,8093,330,,,0,115,,8094,90,,,0,11,,8094,330,,,0,114,,8095,90,,,0,11,,8095,330,,,0,154,,8096,90,,,0,11,,8096,330,,,0,114,,8097,90,,,0,12,,8097,330,,,0,153,,8098,90,,,0,12,,8098,330,,,0,113,,8099,90,,,0,12,,8099,330,,,0
2001,'Semaine-02',718,,8100,90,,,0,12,,8100,330,,,0,113,,8101,90,,,0,13,,8101,330,,,0,152,,8102,90,,,0,12,,8102,330,,,0,114,,8103,90,,,0,12,,8103,330,,,0,154,,8104,90,,,0,12,,8104,330,,,0,113,,8105,90,,,0,12,,8105,330,,,0,114,,8106,90,,,0,52,,8106,330,,,0,114,,8107,90,,,0,12,,8107,330,,,0,114,,8108,90,,,0,11,,8108,330,,,0
2001,'Semaine-02-0001100',2006,,8110,90,,,0,11,,8110,330,,,0,113,,8109,90,,,0,11,,8109,330,,,0
2801,'Fête-2-02',1708,,8308,480,0,23,0,44,,8307,480,,,0,68,,8309,480,0,23,0
2801,'Semaine-02',1708,,8320,480,0,23,0,44,,8319,480,,,0,68,,8321,480,0,23,0
2000002000,'Dimanche-02',743,,9207,10,,,0,170,,9208,10,,,0,131,,9209,10,,,0,171,,9210,10,,,0,130,,9211,10,,,0,170,,9212,10,,,0,130,,9213,10,,,0,170,,9214,10,,,0,129,,9215,10,,,0,170,,9216,10,,,0,130,,9217,10,,,0,170,,9218,10,,,0
2000002000,'Fête-1-02',743,,9231,10,,,0,170,,9232,10,,,0,131,,9233,10,,,0,171,,9234,10,,,0,130,,9235,10,,,0,170,,9236,10,,,0,130,,9237,10,,,0,170,,9238,10,,,0,129,,9239,10,,,0,170,,9240,10,,,0,130,,9241,10,,,0,170,,9242,10,,,0
2000002000,'Fête-2-02',530,,9245,10,0,11 13,0,105,,9262,10,,,0,98,,9263,10,,,0,68,,9264,10,,,0,130,,9265,10,,,0,103,,9266,10,,,0,100,,9267,10,,,0,95,,9268,10,,,0,104,,9269,10,,,0,102,,9270,10,,,0,23,,9255,10,0,11 13,0,72,,9271,10,,,0,99,,9272,10,,,0,105,,9273,10,,,0,100,,9260,10,,,0,74,,9259,10,,,0,93,,9258,10,,,0,53,,9257,10,,,0,163,,9248,10,,,0,139,,9247,10,,,0
2000002000,'Samedi-02',743,,9286,10,,,0,170,,9287,10,,,0,131,,9288,10,,,0,171,,9289,10,,,0,130,,9290,10,,,0,170,,9291,10,,,0,130,,9292,10,,,0,170,,9293,10,,,0,129,,9294,10,,,0,170,,9295,10,,,0,130,,9296,10,,,0,170,,9297,10,,,0
2000002000,'Semaine-02',530,,9300,10,0,11 13,0,105,,9317,10,,,0,98,,9318,10,,,0,68,,9319,10,,,0,130,,9320,10,,,0,103,,9321,10,,,0,100,,9322,10,,,0,95,,9323,10,,,0,104,,9324,10,,,0,102,,9325,10,,,0,23,,9310,10,0,11 13,0,72,,9326,10,,,0,99,,9327,10,,,0,105,,9328,10,,,0,100,,9315,10,,,0,74,,9314,10,,,0,93,,9313,10,,,0,53,,9312,10,,,0,163,,9303,10,,,0,139,,9302,10,,,0
