101,'Dimanche-01',715,,5325,50,,,0,205,,5326,50,,,0,130,,5327,50,,,0,171,,5328,50,,,0,125,,5329,50,,,0,160,,5330,50,,,0,120,,5331,50,,,0,120,,5332,50,,,0,159,,5333,50,,,0,135,,5334,50,,,0,115,,5335,50,,,0,155,,5336,50,,,0
101,'Fête-1-01',715,,5337,50,,,0,205,,5338,50,,,0,130,,5339,50,,,0,171,,5340,50,,,0,125,,5341,50,,,0,160,,5342,50,,,0,120,,5343,50,,,0,120,,5344,50,,,0,159,,5345,50,,,0,135,,5346,50,,,0,115,,5347,50,,,0,155,,5348,50,,,0
101,'Fête-2-01',611,,5349,50,,,0,100,,5358,50,,,0,30,,5360,50,,,0,90,,5361,50,,,0,110,,5362,50,,,0,105,,5363,50,,,0,95,,5365,50,,,0,100,,5364,50,,,0,106,,5366,50,,,0,80,,5350,50,,,0,100,,5351,50,,,0,100,,5352,50,,,0,109,,5353,50,,,0,75,,5354,50,,,0,105,,5355,50,,,0,84,,5356,50,,,0,135,,5357,50,,,0,175,,5359,50,,,0
101,'Samedi-01',715,,5367,50,,,0,205,,5368,50,,,0,130,,5369,50,,,0,171,,5370,50,,,0,125,,5371,50,,,0,160,,5372,50,,,0,120,,5373,50,,,0,120,,5374,50,,,0,159,,5375,50,,,0,135,,5376,50,,,0,115,,5377,50,,,0,155,,5378,50,,,0
101,'Semaine-01',611,,5379,50,,,0,100,,5388,50,,,0,30,,5390,50,,,0,90,,5391,50,,,0,110,,5392,50,,,0,105,,5393,50,,,0,95,,5395,50,,,0,100,,5394,50,,,0,106,,5396,50,,,0,80,,5380,50,,,0,100,,5381,50,,,0,100,,5382,50,,,0,109,,5383,50,,,0,75,,5384,50,,,0,105,,5385,50,,,0,84,,5386,50,,,0,135,,5387,50,,,0,175,,5389,50,,,0
2101,'Fête-2-01',644,,5503,50,0,5 6,0,79,,5504,50,0,5 6,0,81,,5505,50,0,5 6,0,754,,5498,50,,,0,70,,5499,50,,,0,30,,5500,50,,,0,70,,5501,50,,,0,30,,5502,50,,,0
2101,'Semaine-01',644,,5512,50,0,5 6,0,79,,5513,50,0,5 6,0,81,,5514,50,0,5 6,0,754,,5506,50,,,0,63,,5507,50,,,0,27,,5508,50,,,0,65,,5509,50,,,0,25,,5510,50,,,0,68,,5511,50,,,0
2301,'Fête-2-01',1531,,5555,50,,,0,25,,5556,50,,,0,70,,5557,50,,,0,30,,5558,50,,,0,70,,5559,50,,,0,30,,5560,50,,,0,70,,5561,50,,,0
2301,'Semaine-01',1531,,5562,50,,,0,25,,5563,50,,,0,70,,5564,50,,,0,30,,5565,50,,,0,70,,5566,50,,,0,30,,5567,50,,,0,70,,5568,50,,,0
2501,'Fête-2-01',1536,,5601,50,,,0,80,,5602,50,,,0,35,,5603,50,,,0,80,,5604,50,,,0,80,,5605,50,,,0,29,,5606,50,,,0
2501,'Semaine-01',1536,,5607,50,,,0,80,,5608,50,,,0,35,,5609,50,,,0,80,,5610,50,,,0,80,,5611,50,,,0,29,,5612,50,,,0
3100,'Dimanche-01',650,,5744,50,,,0,255,,5745,50,,,0,238,,5743,50,,,0,163,,5736,50,,,0,120,,5737,50,,,0,118,,5738,50,,,0,158,,5739,50,,,0,119,,5740,50,,,0,127,,5741,50,,,0,261,,5735,50,,,0,216,,5742,50,,,0
3100,'Fête-1-01',539,,5747,50,,,0,83,,5758,50,,,0,201,,5759,50,,,0,125,,5756,50,,,0,164,,5746,50,,,0,124,,5757,50,,,0,164,,5748,50,,,0,124,,5749,50,,,0,124,,5750,50,,,0,164,,5751,50,,,0,124,,5752,50,,,0,67,,5753,50,,,0,216,,5754,50,,,0,216,,5755,50,,,0
3100,'Fête-2-01',545,,5784,50,,,0,80,,5760,50,,,0,79,,5770,50,,,0,40,,5785,50,,,0,80,,5779,50,,,0,80,,5780,50,,,0,40,,5781,50,,,0,81,,5787,50,,,0,81,,5782,50,,,0,43,,5783,50,,,0,83,,5761,50,,,0,83,,5762,50,,,0,42,,5763,50,,,0,82,,5764,50,,,0,84,,5765,50,,,0,84,,5766,50,,,0,45,,5767,50,,,0,87,,5768,50,,,0,85,,5769,50,,,0,85,,5771,50,,,0,42,,5772,50,,,0,80,,5773,50,,,0,80,,5774,50,,,0,40,,5775,50,,,0,80,,5776,50,,,0,80,,5777,50,,,0,40,,5778,50,,,0,161,,5786,50,0,5 6,0
3100,'Samedi-01',539,,5789,50,,,0,83,,5800,50,,,0,201,,5801,50,,,0,125,,5798,50,,,0,164,,5788,50,,,0,124,,5799,50,,,0,164,,5790,50,,,0,124,,5791,50,,,0,124,,5792,50,,,0,164,,5793,50,,,0,124,,5794,50,,,0,67,,5795,50,,,0,216,,5796,50,,,0,216,,5797,50,,,0
3100,'Semaine-01',545,,5826,50,,,0,80,,5802,50,,,0,79,,5812,50,,,0,40,,5827,50,,,0,80,,5821,50,,,0,80,,5822,50,,,0,40,,5823,50,,,0,81,,5829,50,,,0,81,,5824,50,,,0,43,,5825,50,,,0,83,,5803,50,,,0,83,,5804,50,,,0,42,,5805,50,,,0,82,,5806,50,,,0,84,,5807,50,,,0,84,,5808,50,,,0,45,,5809,50,,,0,87,,5810,50,,,0,85,,5811,50,,,0,85,,5813,50,,,0,42,,5814,50,,,0,80,,5815,50,,,0,80,,5816,50,,,0,40,,5817,50,,,0,80,,5818,50,,,0,80,,5819,50,,,0,40,,5820,50,,,0,161,,5828,50,0,5 6,0
3200,'Dimanche-01',540,,5830,50,,,0,214,,5835,50,,,0,262,,5838,50,,,0,192,,5839,50,,,0,119,,5831,50,,,0,122,,5841,50,,,0,160,,5832,50,,,0,119,,5834,50,,,0,118,,5833,50,,,0,255,,5836,50,,,0,216,,5837,50,,,0,213,,5840,50,0,6,0
3200,'Fête-1-01',652,,5848,50,,,0,77,,5843,50,,,0,120,,5851,50,,,0,162,,5852,50,,,0,124,,5853,50,,,0,124,,5844,50,,,0,164,,5855,50,,,0,124,,5845,50,,,0,168,,5846,50,,,0,120,,5847,50,,,0,276,,5849,50,,,0,216,,5850,50,,,0,212,,5854,50,0,6,0
3200,'Fête-2-01',609,,5881,50,,,0,39,,5856,50,,,0,78,,5884,50,,,0,79,,5867,50,,,0,40,,5875,50,,,0,83,,5876,50,,,0,81,,5877,50,,,0,41,,5878,50,,,0,83,,5879,50,,,0,82,,5880,50,,,0,43,,5857,50,,,0,82,,5858,50,,,0,81,,5859,50,,,0,84,,5883,50,,,0,45,,5861,50,,,0,85,,5862,50,,,0,86,,5863,50,,,0,86,,5864,50,,,0,43,,5865,50,,,0,84,,5866,50,,,0,81,,5868,50,,,0,40,,5869,50,,,0,80,,5870,50,,,0,80,,5871,50,,,0,40,,5872,50,,,0,82,,5873,50,,,0,80,,5874,50,,,0,112,,5882,50,0,6,0
3200,'Samedi-01',652,,5893,50,,,0,77,,5888,50,,,0,120,,5896,50,,,0,162,,5897,50,,,0,124,,5898,50,,,0,124,,5889,50,,,0,164,,5900,50,,,0,124,,5890,50,,,0,168,,5891,50,,,0,120,,5892,50,,,0,276,,5894,50,,,0,216,,5895,50,,,0,212,,5899,50,0,6,0
3200,'Semaine-01',609,,5926,50,,,0,39,,5901,50,,,0,78,,5929,50,,,0,79,,5912,50,,,0,40,,5920,50,,,0,83,,5921,50,,,0,81,,5922,50,,,0,41,,5923,50,,,0,83,,5924,50,,,0,82,,5925,50,,,0,43,,5902,50,,,0,82,,5903,50,,,0,81,,5904,50,,,0,84,,5928,50,,,0,45,,5906,50,,,0,85,,5907,50,,,0,86,,5908,50,,,0,86,,5909,50,,,0,43,,5910,50,,,0,84,,5911,50,,,0,81,,5913,50,,,0,40,,5914,50,,,0,80,,5915,50,,,0,80,,5916,50,,,0,40,,5917,50,,,0,82,,5918,50,,,0,80,,5919,50,,,0,112,,5927,50,0,6,0
9800,'Fête-2-01',722,,6082,50,,,0,102,,6086,50,,,0,105,,6087,50,,,0,506,,6088,50,,,0,105,,6089,50,,,0,105,,6090,50,,,0,105,,6091,50,,,0,104,,6092,50,,,0,99,,6093,50,,,0,100,,6083,50,,,0,90,,6084,50,,,0,90,,6085,50,,,0
9800,'Semaine-01',722,,6095,50,,,0,102,,6099,50,,,0,105,,6100,50,,,0,506,,6101,50,,,0,105,,6102,50,,,0,105,,6103,50,,,0,105,,6104,50,,,0,104,,6105,50,,,0,99,,6106,50,,,0,100,,6096,50,,,0,90,,6097,50,,,0,90,,6098,50,,,0
11101,'Dimanche-01',859,,6169,50,,,0,187,,6168,50,,,0,295,,6170,50,,,0,288,,6171,50,,,0,304,,6172,50,,,0
11101,'Fête-1-01',859,,6177,50,,,0,187,,6176,50,,,0,295,,6178,50,,,0,288,,6179,50,,,0,304,,6180,50,,,0
11101,'Fête-2-01',706,,6192,60,,,0,100,,6195,60,,,0,100,,6196,60,,,0,14,,6194,50,,,0,231,,6198,50,,,0,200,,6184,50,,,0,190,,6185,60,,,0,70,,6187,60,,,0,30,,6188,60,,,0,70,,6189,60,,,0,30,,6190,60,,,0,70,,6191,60,,,0,30,,6193,60,,,0,70,,6186,60,,,0,110,,6197,50,,,0
11101,'Samedi-01',859,,6201,50,,,0,187,,6200,50,,,0,295,,6202,50,,,0,288,,6203,50,,,0,304,,6204,50,,,0
11101,'Semaine-01',630,,6217,50,,,0,95,,6224,50,,,0,130,,6225,50,,,0,95,,6222,50,,,0,191,,6227,50,,,0,265,,6208,60,,,0,120,,6211,60,,,0,110,,6219,60,,,0,110,,6220,60,,,0,95,,6221,60,,,0,75,,6210,60,,,0,305,,6223,50,,,0
