2400,'Fête-2-01',622,,5569,50,,,0,79,,5570,50,,,0,40,,5572,50,,,0,80,,5573,50,,,0,80,,5571,50,,,0
2400,'Semaine-01',600,,5574,50,,,0,22,,5575,50,,,0,33,,5576,50,,,0,92,,5578,50,,,0,74,,5579,50,,,0,80,,5577,50,,,0
2501,'Fête-2-01',1617,,5601,390,,,0,40,,5602,390,,,0,73,,5603,390,,,0,79,,5604,390,,,0,40,,5605,390,,,0,68,,5606,390,,,0
2501,'Semaine-01',1617,,5607,390,,,0,40,,5608,390,,,0,73,,5609,390,,,0,79,,5610,390,,,0,40,,5611,390,,,0,68,,5612,390,,,0
2600,'Fête-2-01',451,,5613,100,,,0
2600,'Semaine-01',451,,5615,100,,,0
2000002500,'Dimanche-01',541,,7243,240,,,0,87,,7245,290,,,0,78,,7246,290,,,0,35,,7247,290,,,0,68,,7248,290,,,0,34,,7249,290,,,0,78,,7250,290,,,0,37,,7251,290,,,0,76,,7252,290,,,0,72,,7253,290,,,0,45,,7254,290,,,0,85,,7255,290,,,0,95,,7256,290,,,0,23,,7257,290,,,0,62,,7258,290,,,0,85,,7259,290,,,0,40,,7260,290,,,0,80,,7261,290,,,0,80,,7262,290,,,0,35,,7263,290,,,0,81,,7264,290,,,0,39,,7265,290,,,0,80,,7266,290,,,0,70,,7267,290,,,0,35,,7268,290,,,0,75,,7269,290,,,0,35,,7270,290,,,0,75,,7271,290,,,0,75,,7272,290,,,0,30,,7273,290,,,0,75,,7274,290,,,0,35,,7275,290,,,0,76,,7276,290,,,0
2000002500,'Fête-1-01',528,,7309,240,,,0,26,,7278,290,,,0,76,,7294,290,,,0,83,,7279,290,,,0,27,,7295,290,,,0,77,,7280,290,,,0,40,,7296,290,,,0,80,,7281,290,,,0,70,,7297,290,,,0,40,,7282,290,,,0,80,,7298,290,,,0,77,,7283,290,,,0,30,,7277,290,,,0,73,,7284,290,,,0,41,,7299,290,,,0,78,,7285,290,,,0,86,,7300,290,,,0,45,,7286,290,,,0,79,,7301,290,,,0,71,,7287,290,,,0,34,,7302,290,,,0,84,,7288,290,,,0,80,,7303,290,,,0,44,,7289,290,,,0,80,,7304,290,,,0,90,,7290,290,,,0,81,,7305,290,,,0,36,,7291,290,,,0,76,,7306,290,,,0,32,,7292,290,,,0,72,,7307,290,,,0,111,,7293,290,,,0
2000002500,'Fête-2-01',601,,7311,240,,,0,36,,7312,290,,,0,80,,7313,290,,,0,40,,7310,290,,,0,80,,7314,290,,,0,80,,7315,290,,,0,40,,7316,290,,,0,80,,7317,290,,,0,81,,7318,290,,,0,82,,7319,290,,,0,43,,7320,290,,,0,83,,7321,290,,,0,83,,7322,290,,,0,42,,7323,290,,,0,82,,7324,290,,,0,85,,7325,290,,,0,85,,7326,290,,,0,46,,7327,290,,,0,85,,7328,290,,,0,85,,7329,290,,,0,82,,7330,290,,,0,42,,7331,290,,,0,79,,7332,290,,,0,80,,7333,290,,,0,40,,7334,290,,,0,80,,7335,290,,,0,80,,7336,290,,,0,40,,7337,290,,,0,60,,7338,290,,,0,30,,7339,290,,,0
2000002500,'Samedi-01',528,,7373,240,,,0,26,,7342,290,,,0,76,,7358,290,,,0,83,,7343,290,,,0,27,,7359,290,,,0,77,,7344,290,,,0,40,,7360,290,,,0,80,,7345,290,,,0,70,,7361,290,,,0,40,,7346,290,,,0,80,,7362,290,,,0,77,,7347,290,,,0,30,,7341,290,,,0,73,,7348,290,,,0,41,,7363,290,,,0,78,,7349,290,,,0,86,,7364,290,,,0,45,,7350,290,,,0,79,,7365,290,,,0,71,,7351,290,,,0,34,,7366,290,,,0,84,,7352,290,,,0,80,,7367,290,,,0,44,,7353,290,,,0,80,,7368,290,,,0,90,,7354,290,,,0,81,,7369,290,,,0,36,,7355,290,,,0,76,,7370,290,,,0,32,,7356,290,,,0,72,,7371,290,,,0,111,,7357,290,,,0
2000002500,'Semaine-01',601,,7375,240,,,0,36,,7376,290,,,0,80,,7377,290,,,0,40,,7374,290,,,0,80,,7378,290,,,0,80,,7379,290,,,0,40,,7380,290,,,0,80,,7381,290,,,0,81,,7382,290,,,0,82,,7383,290,,,0,43,,7384,290,,,0,83,,7385,290,,,0,83,,7386,290,,,0,42,,7387,290,,,0,82,,7388,290,,,0,85,,7389,290,,,0,85,,7390,290,,,0,46,,7391,290,,,0,85,,7392,290,,,0,85,,7393,290,,,0,82,,7394,290,,,0,42,,7395,290,,,0,79,,7396,290,,,0,80,,7397,290,,,0,40,,7398,290,,,0,80,,7399,290,,,0,80,,7400,290,,,0,40,,7401,290,,,0,60,,7402,290,,,0,30,,7403,290,,,0
