11100,'Dimanche-02',713,,8738,240,0,5 6,0,100,,8734,240,0,5 10,0,146,,8733,240,0,5 10,0,290,,8735,240,0,5 10,0,289,,8736,240,0,5 10,0,200,,8739,240,0,5 6,0,106,,8737,240,0,5 10,0,380,,8740,240,0,5 6,0
11100,'Fête-1-02',713,,8746,240,0,5 6,0,100,,8742,240,0,5 10,0,146,,8741,240,0,5 10,0,290,,8743,240,0,5 10,0,289,,8744,240,0,5 10,0,200,,8747,240,0,5 6,0,106,,8745,240,0,5 10,0,380,,8748,240,0,5 6,0
11100,'Fête-2-02',525,,8753,240,0,5 14,0,30,,8751,240,0,5 14,0,70,,8754,240,0,5 14,0,30,,8752,240,0,5 14,0,70,,8758,240,0,5 14,0,30,,8759,240,0,5 14,0,71,,8750,240,0,5 10,0,100,,8760,240,0,5 10,0,208,,8762,240,0,5 6,0,125,,8749,240,0,5 10,0,441,,8755,240,0,5 14,0,30,,8757,240,0,5 14,0,70,,8756,240,0,5 14,0,130,,8761,240,0,5 10,0
11100,'Samedi-02',713,,8768,240,0,5 6,0,100,,8764,240,0,5 10,0,146,,8763,240,0,5 10,0,290,,8765,240,0,5 10,0,289,,8766,240,0,5 10,0,200,,8769,240,0,5 6,0,106,,8767,240,0,5 10,0,380,,8770,240,0,5 6,0
11100,'Semaine-02',524,,8779,240,0,5 15,0,15,,8773,240,0,5 10,0,20,,8777,240,0,5 15,0,66,,8780,240,0,5 15,0,6,,8774,240,0,5 10,0,14,,8778,240,0,5 15,0,11,,8792,240,0,16 17,0,60,,8786,240,0,5 15,0,20,,8781,240,0,5 15,0,5,,8775,240,0,16 17,0,15,,8788,240,0,5 15,0,80,,8776,240,0,16 17,0,118,,8789,240,0,16 17,0,75,,8771,240,0,16 17,0,105,,8791,240,0,5 6,0,120,,8772,240,0,5 10,0,380,,8783,240,0,5 10,0,12,,8782,240,0,5 15,0,87,,8785,240,0,5 10,0,24,,8784,240,0,5 15,0,273,,8790,240,0,5 6,0,103,,8787,240,0,5 10,0
14001,'Dimanche-02',755,,8854,360,,,0,152,,8856,510,,,0,115,,8857,510,,,0,116,,8858,510,,,0,116,,8859,510,,,0,155,,8860,510,,,0,115,,8861,510,,,0,120,,8862,510,,,0,159,,8855,510,4,,0
14001,'Fête-1-02',755,,8863,360,,,0,152,,8865,510,,,0,115,,8866,510,,,0,116,,8867,510,,,0,116,,8868,510,,,0,155,,8869,510,,,0,115,,8870,510,,,0,120,,8871,510,,,0,159,,8864,510,4,,0
14001,'Fête-2-02',620,,8873,360,,,0,97,,8884,380,,,0,103,,8872,460,,,0,121,,8874,510,,,0,160,,8875,510,,,0,123,,8876,510,,,0,125,,8877,510,,,0,165,,8878,510,,,0,125,,8879,510,,,0,164,,8880,510,,,0,125,,8881,510,,,0,119,,8882,510,,,0,153,,8883,510,4,,0
14001,'Samedi-02',755,,8885,360,,,0,152,,8887,510,,,0,115,,8888,510,,,0,116,,8889,510,,,0,116,,8890,510,,,0,155,,8891,510,,,0,115,,8892,510,,,0,120,,8893,510,,,0,159,,8886,510,4,,0
14001,'Semaine-02',620,,8895,360,,,0,97,,8906,380,,,0,103,,8894,460,,,0,121,,8896,510,,,0,160,,8897,510,,,0,123,,8898,510,,,0,125,,8899,510,,,0,165,,8900,510,,,0,125,,8901,510,,,0,164,,8902,510,,,0,125,,8903,510,,,0,119,,8904,510,,,0,153,,8905,510,4,,0
