100,'Dimanche-02',605,,7889,160,,,0,200,,7878,160,,,0,125,,7879,160,,,0,170,,7880,160,,,0,125,,7881,160,,,0,124,,7882,160,,,0,160,,7883,160,,,0,120,,7884,160,,,0,124,,7885,160,,,0,175,,7886,160,,,0,115,,7887,160,,,0,115,,7888,160,,,0
100,'Fête-1-02',605,,7901,160,,,0,200,,7890,160,,,0,125,,7891,160,,,0,170,,7892,160,,,0,125,,7893,160,,,0,124,,7894,160,,,0,160,,7895,160,,,0,120,,7896,160,,,0,124,,7897,160,,,0,175,,7898,160,,,0,115,,7899,160,,,0,115,,7900,160,,,0
100,'Fête-2-02',449,,7902,160,,,0,103,,7903,160,,,0,65,,7904,160,,,0,41,,7905,160,,,0,159,,7906,160,,,0,105,,7909,160,,,0,94,,7918,160,,,0,101,,7910,160,,,0,100,,7919,160,,,0,38,,7911,160,,,0,102,,7912,160,,,0,100,,7916,160,,,0,150,,7913,160,,,0,35,,7914,160,,,0,108,,7907,160,,,0,95,,7908,160,,,0,173,,7917,160,,,0,185,,7915,160,,,0
100,'Samedi-02',605,,7931,160,,,0,200,,7920,160,,,0,125,,7921,160,,,0,170,,7922,160,,,0,125,,7923,160,,,0,124,,7924,160,,,0,160,,7925,160,,,0,120,,7926,160,,,0,124,,7927,160,,,0,175,,7928,160,,,0,115,,7929,160,,,0,115,,7930,160,,,0
100,'Semaine-02',449,,7932,160,,,0,103,,7933,160,,,0,65,,7934,160,,,0,41,,7935,160,,,0,159,,7936,160,,,0,105,,7939,160,,,0,94,,7948,160,,,0,101,,7940,160,,,0,100,,7949,160,,,0,38,,7941,160,,,0,102,,7942,160,,,0,100,,7946,160,,,0,150,,7943,160,,,0,35,,7944,160,,,0,108,,7937,160,,,0,95,,7938,160,,,0,173,,7947,160,,,0,185,,7945,160,,,0
2000,'Dimanche-02',702,,8023,200,,,0,124,,8024,200,,,0,126,,8025,200,,,0,165,,8026,200,,,0,125,,8027,200,,,0,164,,8028,200,,,0,125,,8029,200,,,0,125,,8030,200,,,0
2000,'Fête-1-02',702,,8031,200,,,0,124,,8032,200,,,0,126,,8033,200,,,0,165,,8034,200,,,0,125,,8035,200,,,0,164,,8036,200,,,0,125,,8037,200,,,0,125,,8038,200,,,0
2000,'Fête-2-02',644,,8039,200,,,0,165,,8040,200,,,0,125,,8041,200,,,0,166,,8042,200,,,0,126,,8043,200,,,0,125,,8044,200,,,0,166,,8045,200,,,0,126,,8046,200,,,0,166,,8047,200,,,0
2000,'Samedi-02',702,,8048,200,,,0,124,,8049,200,,,0,126,,8050,200,,,0,165,,8051,200,,,0,125,,8052,200,,,0,164,,8053,200,,,0,125,,8054,200,,,0,125,,8055,200,,,0
2000,'Semaine-02',644,,8056,200,,,0,165,,8057,200,,,0,125,,8058,200,,,0,166,,8059,200,,,0,126,,8060,200,,,0,125,,8061,200,,,0,166,,8062,200,,,0,126,,8063,200,,,0,166,,8064,200,,,0
2000,'Semaine-02-0001100',1935,,8066,200,,,0,124,,8065,200,,,0
