100,'Dimanche-02',630,,7889,530,,,0,200,,7878,530,,,0,126,,7879,530,,,0,170,,7880,530,,,0,125,,7881,530,,,0,164,,7882,530,,,0,118,,7883,530,,,0,120,,7884,530,,,0,163,,7885,530,,,0,135,,7886,530,,,0,155,,7887,530,,,0,115,,7888,530,,,0
100,'Fête-1-02',630,,7901,530,,,0,200,,7890,530,,,0,126,,7891,530,,,0,170,,7892,530,,,0,125,,7893,530,,,0,164,,7894,530,,,0,118,,7895,530,,,0,120,,7896,530,,,0,163,,7897,530,,,0,135,,7898,530,,,0,155,,7899,530,,,0,115,,7900,530,,,0
100,'Fête-2-02',516,,7902,530,,,0,104,,7903,530,,,0,26,,7904,530,,,0,81,,7905,530,,,0,119,,7906,530,,,0,104,,7909,530,,,0,94,,7918,530,,,0,101,,7910,530,,,0,100,,7919,530,,,0,78,,7911,530,,,0,102,,7912,530,,,0,100,,7916,530,,,0,110,,7913,530,,,0,75,,7914,530,,,0,107,,7907,530,,,0,92,,7908,530,,,0,133,,7917,530,,,0,184,,7915,530,,,0
100,'Samedi-02',630,,7931,530,,,0,200,,7920,530,,,0,126,,7921,530,,,0,170,,7922,530,,,0,125,,7923,530,,,0,164,,7924,530,,,0,118,,7925,530,,,0,120,,7926,530,,,0,163,,7927,530,,,0,135,,7928,530,,,0,155,,7929,530,,,0,115,,7930,530,,,0
100,'Semaine-02',516,,7932,530,,,0,104,,7933,530,,,0,26,,7934,530,,,0,81,,7935,530,,,0,119,,7936,530,,,0,104,,7939,530,,,0,94,,7948,530,,,0,101,,7940,530,,,0,100,,7949,530,,,0,78,,7941,530,,,0,102,,7942,530,,,0,100,,7946,530,,,0,110,,7943,530,,,0,75,,7944,530,,,0,107,,7937,530,,,0,92,,7938,530,,,0,133,,7947,530,,,0,184,,7945,530,,,0
2300,'Fête-2-02',535,,8164,200,,,0,65,,8165,200,,,0,15,,8166,200,,,0,35,,8167,200,,,0,65,,8168,200,,,0,20,,8169,200,,,0,20,,8170,200,,,0,60,,8171,200,,,0
2300,'Semaine-02',535,,8172,200,,,0,65,,8173,200,,,0,15,,8174,200,,,0,35,,8175,200,,,0,65,,8176,200,,,0,20,,8177,200,,,0,20,,8178,200,,,0,60,,8179,200,,,0
2400,'Fête-2-02',626,,8194,140,,,0,80,,8195,140,,,0,40,,8197,140,,,0,80,,8198,140,,,0,80,,8196,140,,,0
2400,'Semaine-02',604,,8199,140,,,0,22,,8200,140,,,0,74,,8201,140,,,0,52,,8203,140,,,0,74,,8204,140,,,0,80,,8202,140,,,0
2600,'Fête-2-02',456,,8238,190,,,0
2600,'Semaine-02',456,,8240,190,,,0
2800,'Fête-2-02',507,,8284,60,,,0,20,,8283,60,,,0,15,,8281,300,,,0,65,,8289,60,,,0,20,,8280,340,,,0,20,,8282,300,,,0,61,,8285,60,,,0,20,,8286,60,,,0,20,,8287,60,,,0,60,,8288,60,,,0
2800,'Semaine-02',507,,8294,60,,,0,20,,8293,60,,,0,15,,8291,300,,,0,15,,8305,60,,,0,50,,8301,60,,,0,10,,8302,60,,,0,10,,8290,340,,,0,8,,8303,60,,,0,8,,8292,300,,,0,8,,8306,60,,,0,49,,8304,60,,,0,8,,8295,60,,,0,10,,8296,60,,,0,11,,8297,60,,,0,9,,8298,60,,,0,10,,8299,60,,,0,60,,8300,60,,,0
3300,'Dimanche-02',601,,8559,380,,,0,42,,8557,380,,,0,91,,8568,380,,,0,81,,8578,380,,,0,43,,8580,380,,,0,93,,8581,380,,,0,80,,8582,380,,,0,80,,8583,380,,,0,40,,8584,380,,,0,80,,8560,380,,,0,80,,8561,380,,,0,39,,8562,380,,,0,80,,8563,380,,,0,80,,8564,380,,,0,39,,8565,380,,,0,79,,8566,380,,,0,79,,8567,380,,,0,39,,8569,380,,,0,79,,8570,380,,,0,80,,8571,380,,,0,47,,8572,380,,,0,85,,8573,380,,,0,85,,8574,380,,,0,87,,8575,380,,,0,46,,8576,380,,,0,83,,8577,380,,,0,88,,8558,380,,,0,83,,8579,380,,,0
3300,'Fête-1-02',621,,8588,380,,,0,81,,8586,380,,,0,42,,8597,380,,,0,82,,8607,380,,,0,82,,8609,380,,,0,44,,8610,380,,,0,81,,8611,380,,,0,82,,8612,380,,,0,42,,8613,380,,,0,82,,8589,380,,,0,82,,8590,380,,,0,82,,8591,380,,,0,42,,8592,380,,,0,82,,8593,380,,,0,82,,8594,380,,,0,42,,8595,380,,,0,82,,8596,380,,,0,85,,8598,380,,,0,39,,8599,380,,,0,82,,8600,380,,,0,82,,8601,380,,,0,79,,8602,380,,,0,41,,8603,380,,,0,81,,8604,380,,,0,82,,8605,380,,,0,43,,8606,380,,,0,86,,8608,380,,,0,86,,8587,380,,,0
3300,'Fête-2-02',628,,8615,380,,,0,80,,8643,380,,,0,41,,8624,380,,,0,80,,8634,380,,,0,80,,8637,380,,,0,40,,8638,380,,,0,80,,8639,380,,,0,82,,8640,380,,,0,41,,8641,380,,,0,83,,8616,380,,,0,83,,8617,380,,,0,83,,8618,380,,,0,43,,8619,380,,,0,83,,8620,380,,,0,86,,8621,380,,,0,45,,8622,380,,,0,85,,8623,380,,,0,84,,8625,380,,,0,81,,8626,380,,,0,43,,8627,380,,,0,82,,8628,380,,,0,80,,8629,380,,,0,40,,8630,380,,,0,79,,8631,380,,,0,80,,8632,380,,,0,40,,8633,380,,,0,80,,8635,380,,,0,80,,8636,380,,,0
3300,'Samedi-02',621,,8646,380,,,0,81,,8644,380,,,0,42,,8655,380,,,0,82,,8665,380,,,0,82,,8667,380,,,0,44,,8668,380,,,0,81,,8669,380,,,0,82,,8670,380,,,0,42,,8671,380,,,0,82,,8647,380,,,0,82,,8648,380,,,0,82,,8649,380,,,0,42,,8650,380,,,0,82,,8651,380,,,0,82,,8652,380,,,0,42,,8653,380,,,0,82,,8654,380,,,0,85,,8656,380,,,0,39,,8657,380,,,0,82,,8658,380,,,0,82,,8659,380,,,0,79,,8660,380,,,0,41,,8661,380,,,0,81,,8662,380,,,0,82,,8663,380,,,0,43,,8664,380,,,0,86,,8666,380,,,0,86,,8645,380,,,0
3300,'Semaine-02',628,,8673,380,,,0,80,,8701,380,,,0,41,,8682,380,,,0,80,,8692,380,,,0,80,,8695,380,,,0,40,,8696,380,,,0,80,,8697,380,,,0,82,,8698,380,,,0,41,,8699,380,,,0,83,,8674,380,,,0,83,,8675,380,,,0,83,,8676,380,,,0,43,,8677,380,,,0,83,,8678,380,,,0,86,,8679,380,,,0,45,,8680,380,,,0,85,,8681,380,,,0,84,,8683,380,,,0,81,,8684,380,,,0,43,,8685,380,,,0,82,,8686,380,,,0,80,,8687,380,,,0,40,,8688,380,,,0,79,,8689,380,,,0,80,,8690,380,,,0,40,,8691,380,,,0,80,,8693,380,,,0,80,,8694,380,,,0
9000,'Semaine-02',641,,8702,80,,,0,63,,8703,80,,,0
