2100,'Fête-2-02',540,,8111,230,,,0,70,,8112,230,,,0,30,,8113,230,,,0,75,,8114,230,,,0,30,,8115,230,,,0,75,,8116,230,,,0
2100,'Semaine-02',540,,8117,230,,,0,70,,8118,230,,,0,30,,8119,230,,,0,75,,8120,230,,,0,30,,8121,230,,,0,75,,8122,230,,,0
2101,'Fête-2-02',1636,,8123,380,,,0,70,,8124,380,,,0,29,,8125,380,,,0,69,,8126,380,,,0,30,,8127,380,,,0
2101,'Semaine-02',1636,,8131,380,,,0,23,,8132,380,,,0,66,,8133,380,,,0,24,,8134,380,,,0,65,,8135,380,,,0,28,,8136,380,,,0
2201,'Fête-2-02',1641,,8152,240,,,0,65,,8156,240,,,0,25,,8153,240,,,0,25,,8157,240,,,0,65,,8155,240,,,0,23,,8154,240,,,0
2201,'Semaine-02',1641,,8158,240,,,0,65,,8162,240,,,0,25,,8159,240,,,0,25,,8163,240,,,0,65,,8161,240,,,0,23,,8160,240,,,0
3200,'Dimanche-02',611,,8455,320,,,0,214,,8460,320,,,0,223,,8463,320,,,0,192,,8464,320,,,0,119,,8456,320,,,0,162,,8466,320,,,0,120,,8457,320,,,0,159,,8459,320,,,0,118,,8458,320,,,0,214,,8461,320,,,0,216,,8462,320,,,0,253,,8465,320,0,6,0
3200,'Fête-1-02',542,,8467,200,,,0,181,,8473,320,,,0,77,,8468,320,,,0,120,,8476,320,,,0,123,,8477,320,,,0,164,,8478,320,,,0,124,,8469,320,,,0,124,,8480,320,,,0,164,,8470,320,,,0,128,,8471,320,,,0,160,,8472,320,,,0,235,,8474,320,,,0,216,,8475,320,,,0,247,,8479,320,0,6,0
3200,'Fête-2-02',638,,8506,320,,,0,80,,8481,320,,,0,40,,8509,320,,,0,80,,8492,320,,,0,80,,8500,320,,,0,40,,8501,320,,,0,81,,8502,320,,,0,81,,8503,320,,,0,83,,8504,320,,,0,43,,8505,320,,,0,83,,8482,320,,,0,82,,8483,320,,,0,42,,8484,320,,,0,85,,8508,320,,,0,85,,8486,320,,,0,85,,8487,320,,,0,45,,8488,320,,,0,85,,8489,320,,,0,82,,8490,320,,,0,83,,8491,320,,,0,41,,8493,320,,,0,80,,8494,320,,,0,80,,8495,320,,,0,40,,8496,320,,,0,80,,8497,320,,,0,80,,8498,320,,,0,40,,8499,320,,,0
3200,'Samedi-02',542,,8512,200,,,0,181,,8518,320,,,0,77,,8513,320,,,0,120,,8521,320,,,0,123,,8522,320,,,0,164,,8523,320,,,0,124,,8514,320,,,0,124,,8525,320,,,0,164,,8515,320,,,0,128,,8516,320,,,0,160,,8517,320,,,0,235,,8519,320,,,0,216,,8520,320,,,0,247,,8524,320,0,6,0
3200,'Semaine-02',638,,8551,320,,,0,80,,8526,320,,,0,40,,8554,320,,,0,80,,8537,320,,,0,80,,8545,320,,,0,40,,8546,320,,,0,81,,8547,320,,,0,81,,8548,320,,,0,83,,8549,320,,,0,43,,8550,320,,,0,83,,8527,320,,,0,82,,8528,320,,,0,42,,8529,320,,,0,85,,8553,320,,,0,85,,8531,320,,,0,85,,8532,320,,,0,45,,8533,320,,,0,85,,8534,320,,,0,82,,8535,320,,,0,83,,8536,320,,,0,41,,8538,320,,,0,80,,8539,320,,,0,80,,8540,320,,,0,40,,8541,320,,,0,80,,8542,320,,,0,80,,8543,320,,,0,40,,8544,320,,,0
11100,'Dimanche-02',722,,8738,340,0,5 6,0,100,,8734,340,0,5 10,0,188,,8733,340,0,5 10,0,290,,8735,340,0,5 10,0,249,,8736,340,0,5 10,0,198,,8739,340,0,5 6,0,107,,8737,340,0,5 10,0,379,,8740,340,0,5 6,0
11100,'Fête-1-02',722,,8746,340,0,5 6,0,100,,8742,340,0,5 10,0,188,,8741,340,0,5 10,0,290,,8743,340,0,5 10,0,249,,8744,340,0,5 10,0,198,,8747,340,0,5 6,0,107,,8745,340,0,5 10,0,379,,8748,340,0,5 6,0
11100,'Fête-2-02',534,,8753,340,0,5 14,0,70,,8751,340,0,5 14,0,30,,8754,340,0,5 14,0,70,,8752,340,0,5 14,0,30,,8758,340,0,5 14,0,70,,8759,340,0,5 14,0,33,,8750,340,0,5 10,0,100,,8760,340,0,5 10,0,207,,8762,340,0,5 6,0,165,,8749,340,0,5 10,0,400,,8755,340,0,5 14,0,30,,8757,340,0,5 14,0,70,,8756,340,0,5 14,0,130,,8761,340,0,5 10,0
11100,'Samedi-02',722,,8768,340,0,5 6,0,100,,8764,340,0,5 10,0,188,,8763,340,0,5 10,0,290,,8765,340,0,5 10,0,249,,8766,340,0,5 10,0,198,,8769,340,0,5 6,0,107,,8767,340,0,5 10,0,379,,8770,340,0,5 6,0
11100,'Semaine-02',534,,8779,340,0,5 15,0,15,,8773,340,0,5 10,0,60,,8777,340,0,5 15,0,27,,8780,340,0,5 15,0,6,,8774,340,0,5 10,0,14,,8778,340,0,5 15,0,51,,8792,340,0,16 17,0,20,,8786,340,0,5 15,0,20,,8781,340,0,5 15,0,5,,8775,340,0,16 17,0,55,,8788,340,0,5 15,0,40,,8776,340,0,16 17,0,157,,8789,340,0,16 17,0,35,,8771,340,0,16 17,0,105,,8791,340,0,5 6,0,160,,8772,340,0,5 10,0,341,,8783,340,0,5 10,0,6,,8782,270,0,5 15,0,91,,8785,340,0,5 10,0,61,,8784,270,0,5 15,0,233,,8790,270,0,5 6,0,103,,8787,270,0,5 10,0
