100,'Dimanche-01',632,,5264,550,,,0,200,,5253,550,,,0,127,,5254,550,,,0,170,,5255,550,,,0,125,,5256,550,,,0,163,,5257,550,,,0,118,,5258,550,,,0,120,,5259,550,,,0,163,,5260,550,,,0,135,,5261,550,,,0,155,,5262,550,,,0,115,,5263,550,,,0
100,'Fête-1-01',632,,5276,550,,,0,200,,5265,550,,,0,127,,5266,550,,,0,170,,5267,550,,,0,125,,5268,550,,,0,163,,5269,550,,,0,118,,5270,550,,,0,120,,5271,550,,,0,163,,5272,550,,,0,135,,5273,550,,,0,155,,5274,550,,,0,115,,5275,550,,,0
100,'Fête-2-01',519,,5277,550,,,0,104,,5278,550,,,0,26,,5279,550,,,0,81,,5280,550,,,0,119,,5281,550,,,0,104,,5284,550,,,0,94,,5293,550,,,0,101,,5285,550,,,0,100,,5294,550,,,0,78,,5286,550,,,0,102,,5287,550,,,0,100,,5291,550,,,0,110,,5288,550,,,0,75,,5289,550,,,0,106,,5282,550,,,0,92,,5283,550,,,0,133,,5292,550,,,0,184,,5290,550,,,0
100,'Samedi-01',632,,5306,550,,,0,200,,5295,550,,,0,127,,5296,550,,,0,170,,5297,550,,,0,125,,5298,550,,,0,163,,5299,550,,,0,118,,5300,550,,,0,120,,5301,550,,,0,163,,5302,550,,,0,135,,5303,550,,,0,155,,5304,550,,,0,115,,5305,550,,,0
100,'Semaine-01',519,,5307,550,,,0,104,,5308,550,,,0,26,,5309,550,,,0,81,,5310,550,,,0,119,,5311,550,,,0,104,,5314,550,,,0,94,,5323,550,,,0,101,,5315,550,,,0,100,,5324,550,,,0,78,,5316,550,,,0,102,,5317,550,,,0,100,,5321,550,,,0,110,,5318,550,,,0,75,,5319,550,,,0,106,,5312,550,,,0,92,,5313,550,,,0,133,,5322,550,,,0,184,,5320,550,,,0
2300,'Fête-2-01',538,,5539,220,,,0,65,,5540,220,,,0,15,,5541,220,,,0,35,,5542,220,,,0,65,,5543,220,,,0,20,,5544,220,,,0,20,,5545,220,,,0,60,,5546,220,,,0
2300,'Semaine-01',538,,5547,220,,,0,65,,5548,220,,,0,15,,5549,220,,,0,35,,5550,220,,,0,65,,5551,220,,,0,20,,5552,220,,,0,20,,5553,220,,,0,60,,5554,220,,,0
2800,'Fête-2-01',509,,5659,80,,,0,20,,5658,80,,,0,15,,5656,320,,,0,65,,5664,80,,,0,20,,5655,360,,,0,20,,5657,320,,,0,61,,5660,80,,,0,20,,5661,80,,,0,20,,5662,80,,,0,60,,5663,80,,,0
2800,'Semaine-01',509,,5669,80,,,0,20,,5668,80,,,0,15,,5666,320,,,0,15,,5680,80,,,0,50,,5676,80,,,0,10,,5677,80,,,0,10,,5665,360,,,0,8,,5678,80,,,0,8,,5667,320,,,0,8,,5681,80,,,0,49,,5679,80,,,0,8,,5670,80,,,0,10,,5671,80,,,0,11,,5672,80,,,0,9,,5673,80,,,0,10,,5674,80,,,0,60,,5675,80,,,0
3300,'Dimanche-01',603,,5934,400,,,0,42,,5932,400,,,0,91,,5943,400,,,0,81,,5953,400,,,0,83,,5955,400,,,0,53,,5956,400,,,0,80,,5957,400,,,0,80,,5958,400,,,0,40,,5959,400,,,0,80,,5935,400,,,0,80,,5936,400,,,0,39,,5937,400,,,0,80,,5938,400,,,0,80,,5939,400,,,0,39,,5940,400,,,0,79,,5941,400,,,0,79,,5942,400,,,0,39,,5944,400,,,0,79,,5945,400,,,0,80,,5946,400,,,0,47,,5947,400,,,0,85,,5948,400,,,0,85,,5949,400,,,0,87,,5950,400,,,0,46,,5951,400,,,0,83,,5952,400,,,0,88,,5933,400,,,0,83,,5954,400,,,0
3300,'Fête-1-01',623,,5963,400,,,0,81,,5961,400,,,0,42,,5972,400,,,0,82,,5982,400,,,0,82,,5984,400,,,0,44,,5985,400,,,0,81,,5986,400,,,0,82,,5987,400,,,0,42,,5988,400,,,0,82,,5964,400,,,0,82,,5965,400,,,0,82,,5966,400,,,0,42,,5967,400,,,0,82,,5968,400,,,0,82,,5969,400,,,0,42,,5970,400,,,0,82,,5971,400,,,0,85,,5973,400,,,0,39,,5974,400,,,0,82,,5975,400,,,0,82,,5976,400,,,0,79,,5977,400,,,0,41,,5978,400,,,0,81,,5979,400,,,0,82,,5980,400,,,0,43,,5981,400,,,0,86,,5983,400,,,0,86,,5962,400,,,0
3300,'Fête-2-01',630,,5990,400,,,0,80,,6018,400,,,0,41,,5999,400,,,0,80,,6009,400,,,0,80,,6012,400,,,0,40,,6013,400,,,0,80,,6014,400,,,0,82,,6015,400,,,0,41,,6016,400,,,0,83,,5991,400,,,0,83,,5992,400,,,0,83,,5993,400,,,0,43,,5994,400,,,0,83,,5995,400,,,0,86,,5996,400,,,0,85,,5997,400,,,0,45,,5998,400,,,0,84,,6000,400,,,0,81,,6001,400,,,0,43,,6002,400,,,0,82,,6003,400,,,0,80,,6004,400,,,0,40,,6005,400,,,0,79,,6006,400,,,0,80,,6007,400,,,0,40,,6008,400,,,0,80,,6010,400,,,0,80,,6011,400,,,0
3300,'Samedi-01',623,,6021,400,,,0,81,,6019,400,,,0,42,,6030,400,,,0,82,,6040,400,,,0,82,,6042,400,,,0,44,,6043,400,,,0,81,,6044,400,,,0,82,,6045,400,,,0,42,,6046,400,,,0,82,,6022,400,,,0,82,,6023,400,,,0,82,,6024,400,,,0,42,,6025,400,,,0,82,,6026,400,,,0,82,,6027,400,,,0,42,,6028,400,,,0,82,,6029,400,,,0,85,,6031,400,,,0,39,,6032,400,,,0,82,,6033,400,,,0,82,,6034,400,,,0,79,,6035,400,,,0,41,,6036,400,,,0,81,,6037,400,,,0,82,,6038,400,,,0,43,,6039,400,,,0,86,,6041,400,,,0,86,,6020,400,,,0
3300,'Semaine-01',630,,6048,400,,,0,80,,6076,400,,,0,41,,6057,400,,,0,80,,6067,400,,,0,80,,6070,400,,,0,40,,6071,400,,,0,80,,6072,400,,,0,82,,6073,400,,,0,41,,6074,400,,,0,83,,6049,400,,,0,83,,6050,400,,,0,83,,6051,400,,,0,43,,6052,400,,,0,83,,6053,400,,,0,86,,6054,400,,,0,85,,6055,400,,,0,45,,6056,400,,,0,84,,6058,400,,,0,81,,6059,400,,,0,43,,6060,400,,,0,82,,6061,400,,,0,80,,6062,400,,,0,40,,6063,400,,,0,79,,6064,400,,,0,80,,6065,400,,,0,40,,6066,400,,,0,80,,6068,400,,,0,80,,6069,400,,,0
9000,'Semaine-01',643,,6077,100,,,0,63,,6078,100,,,0
