101,'Dimanche-02',740,,7950,280,,,0,206,,7951,280,,,0,171,,7952,280,,,0,133,,7953,280,,,0,167,,7954,280,,,0,120,,7955,280,,,0,120,,7956,280,,,0,160,,7957,280,,,0,117,,7958,280,,,0,174,,7959,280,,,0,114,,7960,280,,,0,113,,7961,280,,,0
101,'Fête-1-02',740,,7962,280,,,0,206,,7963,280,,,0,171,,7964,280,,,0,133,,7965,280,,,0,167,,7966,280,,,0,120,,7967,280,,,0,120,,7968,280,,,0,160,,7969,280,,,0,117,,7970,280,,,0,174,,7971,280,,,0,114,,7972,280,,,0,113,,7973,280,,,0
101,'Fête-2-02',639,,7974,280,,,0,101,,7983,280,,,0,70,,7985,280,,,0,90,,7986,280,,,0,111,,7987,280,,,0,105,,7988,280,,,0,95,,7990,280,,,0,103,,7989,280,,,0,106,,7991,280,,,0,81,,7975,280,,,0,103,,7976,280,,,0,96,,7977,280,,,0,107,,7978,280,,,0,34,,7979,280,,,0,103,,7980,280,,,0,84,,7981,280,,,0,173,,7982,280,,,0,135,,7984,280,,,0
101,'Samedi-02',740,,7992,280,,,0,206,,7993,280,,,0,171,,7994,280,,,0,133,,7995,280,,,0,167,,7996,280,,,0,120,,7997,280,,,0,120,,7998,280,,,0,160,,7999,280,,,0,117,,8000,280,,,0,174,,8001,280,,,0,114,,8002,280,,,0,113,,8003,280,,,0
101,'Semaine-02',634,,8022,150,,,0,5,,8004,280,,,0,101,,8013,280,,,0,70,,8015,280,,,0,90,,8016,280,,,0,111,,8017,280,,,0,105,,8018,280,,,0,95,,8020,280,,,0,103,,8019,280,,,0,106,,8021,280,,,0,81,,8005,280,,,0,103,,8006,280,,,0,96,,8007,280,,,0,107,,8008,280,,,0,34,,8009,280,,,0,103,,8010,280,,,0,84,,8011,280,,,0,173,,8012,280,,,0,135,,8014,280,,,0
2301,'Fête-2-02',1601,,8180,290,,,0,25,,8181,290,,,0,30,,8182,290,,,0,70,,8183,290,,,0,28,,8184,290,,,0,69,,8185,290,,,0,29,,8186,290,,,0
2301,'Semaine-02',1601,,8187,290,,,0,25,,8188,290,,,0,30,,8189,290,,,0,70,,8190,290,,,0,28,,8191,290,,,0,69,,8192,290,,,0,29,,8193,290,,,0
2801,'Fête-2-02',1405,,8310,220,0,22,0,150,,8313,220,0,22,0,71,,8317,220,0,22,0,27,,8308,220,0,23,0,55,,8316,220,0,22,0,19,,8311,220,0,22,0,10,,8307,220,,,0,10,,8312,220,0,22,0,58,,8309,220,0,23,0,19,,8314,220,0,22,0,15,,8318,220,0,22,0,15,,8315,220,0,22,0
2801,'Semaine-02',1405,,8322,220,0,22,0,150,,8328,220,0,22,0,56,,8331,220,0,22,0,15,,8335,220,0,22,0,12,,8332,220,0,22,0,15,,8320,220,0,23,0,5,,8333,220,0,22,0,50,,8334,220,0,22,0,10,,8323,220,0,22,0,9,,8324,220,0,22,0,10,,8319,220,,,0,10,,8325,220,0,22,0,8,,8326,220,0,22,0,50,,8321,220,0,23,0,14,,8327,220,0,22,0,10,,8329,220,0,22,0,25,,8330,220,0,22,0
3300,'Dimanche-02',547,,8559,160,,,0,82,,8557,160,,,0,90,,8568,160,,,0,81,,8578,160,,,0,43,,8580,160,,,0,93,,8581,160,,,0,80,,8582,160,,,0,40,,8583,160,,,0,80,,8584,160,,,0,80,,8560,160,,,0,40,,8561,160,,,0,79,,8562,160,,,0,80,,8563,160,,,0,40,,8564,160,,,0,79,,8565,160,,,0,79,,8566,160,,,0,39,,8567,160,,,0,79,,8569,160,,,0,79,,8570,160,,,0,40,,8571,160,,,0,87,,8572,160,,,0,85,,8573,160,,,0,86,,8574,160,,,0,47,,8575,160,,,0,86,,8576,160,,,0,83,,8577,160,,,0,88,,8558,160,,,0,43,,8579,160,,,0,159,,8585,160,0,8 6,0
3300,'Fête-1-02',607,,8588,160,,,0,41,,8586,160,,,0,81,,8597,160,,,0,82,,8607,160,,,0,42,,8609,160,,,0,84,,8610,160,,,0,81,,8611,160,,,0,82,,8612,160,,,0,42,,8613,160,,,0,82,,8589,160,,,0,82,,8590,160,,,0,42,,8591,160,,,0,82,,8592,160,,,0,82,,8593,160,,,0,42,,8594,160,,,0,82,,8595,160,,,0,82,,8596,160,,,0,85,,8598,160,,,0,39,,8599,160,,,0,82,,8600,160,,,0,82,,8601,160,,,0,39,,8602,160,,,0,82,,8603,160,,,0,81,,8604,160,,,0,42,,8605,160,,,0,83,,8606,160,,,0,86,,8608,160,,,0,86,,8587,160,,,0,113,,8614,160,0,8 6,0
3300,'Fête-2-02',613,,8615,160,,,0,40,,8643,160,,,0,81,,8624,160,,,0,80,,8634,160,,,0,40,,8637,160,,,0,80,,8638,160,,,0,80,,8639,160,,,0,42,,8640,160,,,0,81,,8641,160,,,0,83,,8616,160,,,0,83,,8617,160,,,0,43,,8618,160,,,0,82,,8619,160,,,0,82,,8620,160,,,0,46,,8621,160,,,0,85,,8622,160,,,0,85,,8623,160,,,0,84,,8625,160,,,0,44,,8626,160,,,0,83,,8627,160,,,0,82,,8628,160,,,0,40,,8629,160,,,0,80,,8630,160,,,0,79,,8631,160,,,0,40,,8632,160,,,0,80,,8633,160,,,0,80,,8635,160,,,0,40,,8636,160,,,0,96,,8642,110,0,8 6,0
3300,'Samedi-02',607,,8646,160,,,0,41,,8644,160,,,0,81,,8655,160,,,0,82,,8665,160,,,0,42,,8667,160,,,0,84,,8668,160,,,0,81,,8669,160,,,0,82,,8670,160,,,0,42,,8671,160,,,0,82,,8647,160,,,0,82,,8648,160,,,0,42,,8649,160,,,0,82,,8650,160,,,0,82,,8651,160,,,0,42,,8652,160,,,0,82,,8653,160,,,0,82,,8654,160,,,0,85,,8656,160,,,0,39,,8657,160,,,0,82,,8658,160,,,0,82,,8659,160,,,0,39,,8660,160,,,0,82,,8661,160,,,0,81,,8662,160,,,0,42,,8663,160,,,0,83,,8664,160,,,0,86,,8666,160,,,0,86,,8645,160,,,0,113,,8672,160,0,8 6,0
3300,'Semaine-02',613,,8673,160,,,0,40,,8701,160,,,0,81,,8682,160,,,0,80,,8692,160,,,0,40,,8695,160,,,0,80,,8696,160,,,0,80,,8697,160,,,0,42,,8698,160,,,0,81,,8699,160,,,0,83,,8674,160,,,0,83,,8675,160,,,0,43,,8676,160,,,0,82,,8677,160,,,0,82,,8678,160,,,0,46,,8679,160,,,0,85,,8680,160,,,0,85,,8681,160,,,0,84,,8683,160,,,0,44,,8684,160,,,0,83,,8685,160,,,0,82,,8686,160,,,0,40,,8687,160,,,0,80,,8688,160,,,0,79,,8689,160,,,0,40,,8690,160,,,0,80,,8691,160,,,0,80,,8693,160,,,0,40,,8694,160,,,0,96,,8700,110,0,8 6,0
9001,'Semaine-02',1847,,8705,190,,,0
