2400,'Fête-2-02',635,,8194,250,,,0,80,,8195,250,,,0,40,,8197,250,,,0,80,,8198,250,,,0,80,,8196,250,,,0
2400,'Semaine-02',613,,8199,250,,,0,22,,8200,250,,,0,74,,8201,250,,,0,92,,8203,250,,,0,34,,8204,250,,,0,80,,8202,250,,,0
2500,'Fête-2-02',603,,8217,290,,,0,34,,8214,310,,,0,21,,8218,290,,,0,69,,8215,310,,,0,26,,8219,290,,,0,69,,8216,310,,,0
2500,'Semaine-02',603,,8223,290,,,0,34,,8220,310,,,0,21,,8224,290,,,0,69,,8221,310,,,0,26,,8225,290,,,0,69,,8222,310,,,0
2700,'Fête-2-02',555,,8242,210,,,0,80,,8243,210,,,0,80,,8244,210,,,0,40,,8245,210,,,0,80,,8246,210,,,0,787,,8247,210,,,0,83,,8248,210,,,0,46,,8249,210,,,0,84,,8250,210,,,0,86,,8251,210,,,0
2700,'Semaine-02',555,,8252,210,,,0,80,,8253,210,,,0,80,,8254,210,,,0,40,,8255,210,,,0,80,,8256,210,,,0,787,,8257,210,,,0,83,,8258,210,,,0,46,,8259,210,,,0,84,,8260,210,,,0,86,,8261,210,,,0
3100,'Dimanche-02',724,,8369,350,,,0,218,,8370,350,,,0,278,,8368,350,,,0,123,,8361,350,,,0,160,,8362,350,,,0,118,,8363,350,,,0,118,,8364,350,,,0,119,,8365,350,,,0,167,,8366,350,,,0,221,,8360,350,,,0,254,,8367,350,,,0
3100,'Fête-1-02',613,,8372,350,,,0,43,,8383,350,,,0,244,,8384,350,,,0,125,,8381,350,,,0,124,,8371,350,,,0,164,,8382,350,,,0,124,,8373,350,,,0,164,,8374,350,,,0,124,,8375,350,,,0,124,,8376,350,,,0,164,,8377,350,,,0,27,,8378,350,,,0,216,,8379,350,,,0,254,,8380,350,,,0
3100,'Fête-2-02',621,,8409,350,,,0,80,,8385,350,,,0,40,,8395,350,,,0,80,,8410,350,,,0,80,,8404,350,,,0,40,,8405,350,,,0,80,,8406,350,,,0,81,,8412,350,,,0,43,,8407,350,,,0,83,,8408,350,,,0,83,,8386,350,,,0,43,,8387,350,,,0,82,,8388,350,,,0,82,,8389,350,,,0,85,,8390,350,,,0,45,,8391,350,,,0,86,,8392,350,,,0,85,,8393,350,,,0,84,,8394,350,,,0,42,,8396,350,,,0,82,,8397,350,,,0,79,,8398,350,,,0,40,,8399,350,,,0,79,,8400,350,,,0,80,,8401,350,,,0,40,,8402,350,,,0,80,,8403,350,,,0,121,,8411,350,0,5 6,0
3100,'Samedi-02',613,,8414,350,,,0,43,,8425,350,,,0,244,,8426,350,,,0,125,,8423,350,,,0,124,,8413,350,,,0,164,,8424,350,,,0,124,,8415,350,,,0,164,,8416,350,,,0,124,,8417,350,,,0,124,,8418,350,,,0,164,,8419,350,,,0,27,,8420,350,,,0,216,,8421,350,,,0,254,,8422,350,,,0
3100,'Semaine-02',621,,8451,350,,,0,80,,8427,350,,,0,40,,8437,350,,,0,80,,8452,350,,,0,80,,8446,350,,,0,40,,8447,350,,,0,80,,8448,350,,,0,81,,8454,350,,,0,43,,8449,350,,,0,83,,8450,350,,,0,83,,8428,350,,,0,43,,8429,350,,,0,82,,8430,350,,,0,82,,8431,350,,,0,85,,8432,350,,,0,45,,8433,350,,,0,86,,8434,350,,,0,85,,8435,350,,,0,84,,8436,350,,,0,42,,8438,350,,,0,82,,8439,350,,,0,79,,8440,350,,,0,40,,8441,350,,,0,79,,8442,350,,,0,80,,8443,350,,,0,40,,8444,350,,,0,80,,8445,350,,,0,121,,8453,350,0,5 6,0
