2000,'Dimanche-02',721,,8023,590,,,0,124,,8024,590,,,0,166,,8025,590,,,0,125,,8026,590,,,0,165,,8027,590,,,0,124,,8028,590,,,0,125,,8029,590,,,0,165,,8030,590,,,0
2000,'Fête-1-02',721,,8031,590,,,0,124,,8032,590,,,0,166,,8033,590,,,0,125,,8034,590,,,0,165,,8035,590,,,0,124,,8036,590,,,0,125,,8037,590,,,0,165,,8038,590,,,0
2000,'Fête-2-02',705,,8039,590,,,0,125,,8040,590,,,0,125,,8041,590,,,0,166,,8042,590,,,0,126,,8043,590,,,0,165,,8044,590,,,0,126,,8045,590,,,0,166,,8046,590,,,0,126,,8047,590,,,0
2000,'Samedi-02',721,,8048,590,,,0,124,,8049,590,,,0,166,,8050,590,,,0,125,,8051,590,,,0,165,,8052,590,,,0,124,,8053,590,,,0,125,,8054,590,,,0,165,,8055,590,,,0
2000,'Semaine-02',705,,8056,590,,,0,125,,8057,590,,,0,125,,8058,590,,,0,166,,8059,590,,,0,126,,8060,590,,,0,165,,8061,590,,,0,126,,8062,590,,,0,166,,8063,590,,,0,126,,8064,590,,,0
2000,'Semaine-02-0001100',1955,,8066,590,,,0,164,,8065,590,,,0
2000001901,'Dimanche-02',740,,9123,30,0,19,0,170,,9124,30,0,19,0,131,,9125,30,0,19,0,171,,9126,30,0,19,0,130,,9127,30,0,19,0,170,,9128,30,0,19,0,130,,9129,30,0,19,0,170,,9130,30,0,19,0,129,,9131,30,0,19,0,170,,9132,30,0,19,0,130,,9133,30,0,19,0,170,,9134,30,0,19,0
2000001901,'Fête-1-02',740,,9135,30,0,19,0,170,,9136,30,0,19,0,131,,9137,30,0,19,0,171,,9138,30,0,19,0,130,,9139,30,0,19,0,170,,9140,30,0,19,0,130,,9141,30,0,19,0,170,,9142,30,0,19,0,129,,9143,30,0,19,0,170,,9144,30,0,19,0,130,,9145,30,0,19,0,170,,9146,30,0,19,0
2000001901,'Fête-2-02',656,,9147,30,0,19,0,100,,9148,30,0,19,0,70,,9149,30,0,19,0,101,,9150,30,0,19,0,100,,9151,30,0,19,0,95,,9152,30,0,19,0,100,,9153,30,0,19,0,100,,9154,30,0,19,0,100,,9155,30,0,19,0,100,,9156,30,0,19,0,103,,9157,30,0,19,0,101,,9158,30,0,19,0,100,,9159,30,0,19,0,30,,9160,30,0,19,0,96,,9161,30,0,19,0,99,,9162,30,0,19,0,160,,9163,30,0,19,0,139,,9164,30,0,19,0
2000001901,'Samedi-02',740,,9165,30,0,19,0,170,,9166,30,0,19,0,131,,9167,30,0,19,0,171,,9168,30,0,19,0,130,,9169,30,0,19,0,170,,9170,30,0,19,0,130,,9171,30,0,19,0,170,,9172,30,0,19,0,129,,9173,30,0,19,0,170,,9174,30,0,19,0,130,,9175,30,0,19,0,170,,9176,30,0,19,0
2000001901,'Semaine-02',656,,9177,30,0,19,0,100,,9178,30,0,19,0,70,,9179,30,0,19,0,101,,9180,30,0,19,0,100,,9181,30,0,19,0,95,,9182,30,0,19,0,100,,9183,30,0,19,0,100,,9184,30,0,19,0,100,,9185,30,0,19,0,100,,9186,30,0,19,0,103,,9187,30,0,19,0,101,,9188,30,0,19,0,100,,9189,30,0,19,0,30,,9190,30,0,19,0,96,,9191,30,0,19,0,99,,9192,30,0,19,0,160,,9193,30,0,19,0,139,,9194,30,0,19,0
