11100,'Dimanche-02',712,,8738,230,0,5 6,0,100,,8734,230,0,5 10,0,146,,8733,230,0,5 10,0,290,,8735,230,0,5 10,0,289,,8736,230,0,5 10,0,200,,8739,230,0,5 6,0,106,,8737,230,0,5 10,0,380,,8740,230,0,5 6,0
11100,'Fête-1-02',712,,8746,230,0,5 6,0,100,,8742,230,0,5 10,0,146,,8741,230,0,5 10,0,290,,8743,230,0,5 10,0,289,,8744,230,0,5 10,0,200,,8747,230,0,5 6,0,106,,8745,230,0,5 10,0,380,,8748,230,0,5 6,0
11100,'Fête-2-02',524,,8753,230,0,5 14,0,30,,8751,230,0,5 14,0,70,,8754,230,0,5 14,0,30,,8752,230,0,5 14,0,70,,8758,230,0,5 14,0,30,,8759,230,0,5 14,0,71,,8750,230,0,5 10,0,100,,8760,230,0,5 10,0,208,,8762,230,0,5 6,0,125,,8749,230,0,5 10,0,401,,8755,230,0,5 14,0,70,,8757,230,0,5 14,0,30,,8756,230,0,5 14,0,170,,8761,230,0,5 10,0
11100,'Samedi-02',712,,8768,230,0,5 6,0,100,,8764,230,0,5 10,0,146,,8763,230,0,5 10,0,290,,8765,230,0,5 10,0,289,,8766,230,0,5 10,0,200,,8769,230,0,5 6,0,106,,8767,230,0,5 10,0,380,,8770,230,0,5 6,0
11100,'Semaine-02',523,,8779,230,0,5 15,0,15,,8773,230,0,5 10,0,20,,8777,230,0,5 15,0,66,,8780,230,0,5 15,0,6,,8774,230,0,5 10,0,14,,8778,230,0,5 15,0,11,,8792,230,0,16 17,0,60,,8786,230,0,5 15,0,20,,8781,230,0,5 15,0,5,,8775,230,0,16 17,0,15,,8788,230,0,5 15,0,80,,8776,230,0,16 17,0,118,,8789,230,0,16 17,0,75,,8771,230,0,16 17,0,105,,8791,230,0,5 6,0,120,,8772,230,0,5 10,0,380,,8783,230,0,5 10,0,12,,8782,230,0,5 15,0,87,,8785,230,0,5 10,0,24,,8784,230,0,5 15,0,273,,8790,230,0,5 6,0,103,,8787,230,0,5 10,0
14001,'Dimanche-02',754,,8854,340,,,0,152,,8856,490,,,0,115,,8857,490,,,0,116,,8858,490,,,0,116,,8859,490,,,0,155,,8860,490,,,0,115,,8861,490,,,0,120,,8862,490,,,0,159,,8855,490,,,0
14001,'Fête-1-02',754,,8863,340,,,0,152,,8865,490,,,0,115,,8866,490,,,0,116,,8867,490,,,0,116,,8868,490,,,0,155,,8869,490,,,0,115,,8870,490,,,0,120,,8871,490,,,0,159,,8864,490,,,0
14001,'Fête-2-02',619,,8873,340,,,0,97,,8884,360,,,0,103,,8872,440,,,0,121,,8874,490,,,0,160,,8875,490,,,0,123,,8876,490,,,0,125,,8877,490,,,0,165,,8878,490,,,0,125,,8879,490,,,0,164,,8880,490,,,0,125,,8881,490,,,0,119,,8882,490,,,0,113,,8883,490,,,0
14001,'Samedi-02',754,,8885,340,,,0,152,,8887,490,,,0,115,,8888,490,,,0,116,,8889,490,,,0,116,,8890,490,,,0,155,,8891,490,,,0,115,,8892,490,,,0,120,,8893,490,,,0,159,,8886,490,,,0
14001,'Semaine-02',619,,8895,340,,,0,97,,8906,360,,,0,103,,8894,440,,,0,121,,8896,490,,,0,160,,8897,490,,,0,123,,8898,490,,,0,125,,8899,490,,,0,165,,8900,490,,,0,125,,8901,490,,,0,164,,8902,490,,,0,125,,8903,490,,,0,119,,8904,490,,,0,113,,8905,490,,,0
