2400,'Fête-2-01',632,,5569,230,,,0,80,,5570,230,,,0,40,,5572,230,,,0,80,,5573,230,,,0,80,,5571,230,,,0
2400,'Semaine-01',610,,5574,230,,,0,22,,5575,230,,,0,74,,5576,230,,,0,52,,5578,230,,,0,74,,5579,230,,,0,80,,5577,230,,,0
2500,'Fête-2-01',600,,5592,270,,,0,34,,5589,290,,,0,21,,5593,270,,,0,69,,5590,290,,,0,26,,5594,270,,,0,69,,5591,290,,,0
2500,'Semaine-01',600,,5598,270,,,0,34,,5595,290,,,0,21,,5599,270,,,0,69,,5596,290,,,0,26,,5600,270,,,0,69,,5597,290,,,0
2700,'Fête-2-01',553,,5617,190,,,0,80,,5618,190,,,0,80,,5619,190,,,0,40,,5620,190,,,0,80,,5621,190,,,0,787,,5622,190,,,0,83,,5623,190,,,0,46,,5624,190,,,0,84,,5625,190,,,0,86,,5626,190,,,0
2700,'Semaine-01',553,,5627,190,,,0,80,,5628,190,,,0,80,,5629,190,,,0,40,,5630,190,,,0,80,,5631,190,,,0,787,,5632,190,,,0,83,,5633,190,,,0,46,,5634,190,,,0,84,,5635,190,,,0,86,,5636,190,,,0
3100,'Dimanche-01',721,,5744,330,,,0,218,,5745,330,,,0,278,,5743,330,,,0,123,,5736,330,,,0,160,,5737,330,,,0,118,,5738,330,,,0,118,,5739,330,,,0,119,,5740,330,,,0,167,,5741,330,,,0,221,,5735,330,,,0,215,,5742,330,,,0
3100,'Fête-1-01',610,,5747,330,,,0,43,,5758,330,,,0,204,,5759,330,,,0,165,,5756,330,,,0,124,,5746,330,,,0,164,,5757,330,,,0,124,,5748,330,,,0,124,,5749,330,,,0,164,,5750,330,,,0,124,,5751,330,,,0,164,,5752,330,,,0,27,,5753,330,,,0,216,,5754,330,,,0,255,,5755,330,,,0
3100,'Fête-2-01',619,,5784,330,,,0,40,,5760,330,,,0,80,,5770,330,,,0,80,,5785,330,,,0,40,,5779,330,,,0,80,,5780,330,,,0,80,,5781,330,,,0,40,,5787,330,,,0,83,,5782,330,,,0,83,,5783,330,,,0,83,,5761,330,,,0,43,,5762,330,,,0,82,,5763,330,,,0,82,,5764,330,,,0,85,,5765,330,,,0,45,,5766,330,,,0,86,,5767,330,,,0,85,,5768,330,,,0,84,,5769,330,,,0,42,,5771,330,,,0,82,,5772,330,,,0,79,,5773,330,,,0,40,,5774,330,,,0,79,,5775,330,,,0,80,,5776,330,,,0,40,,5777,330,,,0,80,,5778,330,,,0,121,,5786,330,0,5 6,0
3100,'Samedi-01',610,,5789,330,,,0,43,,5800,330,,,0,204,,5801,330,,,0,165,,5798,330,,,0,124,,5788,330,,,0,164,,5799,330,,,0,124,,5790,330,,,0,124,,5791,330,,,0,164,,5792,330,,,0,124,,5793,330,,,0,164,,5794,330,,,0,27,,5795,330,,,0,216,,5796,330,,,0,255,,5797,330,,,0
3100,'Semaine-01',619,,5826,330,,,0,40,,5802,330,,,0,80,,5812,330,,,0,80,,5827,330,,,0,40,,5821,330,,,0,80,,5822,330,,,0,80,,5823,330,,,0,40,,5829,330,,,0,83,,5824,330,,,0,83,,5825,330,,,0,83,,5803,330,,,0,43,,5804,330,,,0,82,,5805,330,,,0,82,,5806,330,,,0,85,,5807,330,,,0,45,,5808,330,,,0,86,,5809,330,,,0,85,,5810,330,,,0,84,,5811,330,,,0,42,,5813,330,,,0,82,,5814,330,,,0,79,,5815,330,,,0,40,,5816,330,,,0,79,,5817,330,,,0,80,,5818,330,,,0,40,,5819,330,,,0,80,,5820,330,,,0,121,,5828,330,0,5 6,0
