2000,'Dimanche-01',714,,5398,440,,,0,124,,5399,440,,,0,166,,5400,440,,,0,125,,5401,440,,,0,125,,5402,440,,,0,164,,5403,440,,,0,125,,5404,440,,,0,165,,5405,440,,,0
2000,'Fête-1-01',714,,5406,440,,,0,124,,5407,440,,,0,166,,5408,440,,,0,125,,5409,440,,,0,125,,5410,440,,,0,164,,5411,440,,,0,125,,5412,440,,,0,165,,5413,440,,,0
2000,'Fête-2-01',657,,5414,430,,,0,165,,5415,430,,,0,125,,5416,430,,,0,166,,5417,430,,,0,126,,5418,430,,,0,165,,5419,430,,,0,126,,5420,430,,,0,126,,5421,430,,,0,166,,5422,430,,,0
2000,'Samedi-01',714,,5423,440,,,0,124,,5424,440,,,0,166,,5425,440,,,0,125,,5426,440,,,0,125,,5427,440,,,0,164,,5428,440,,,0,125,,5429,440,,,0,165,,5430,440,,,0
2000,'Semaine-01',657,,5431,430,,,0,165,,5432,430,,,0,125,,5433,430,,,0,166,,5434,430,,,0,126,,5435,430,,,0,165,,5436,430,,,0,126,,5437,430,,,0,126,,5438,430,,,0,166,,5439,430,,,0
2000,'Semaine-01-0001100',1947,,5441,430,,,0,164,,5440,430,,,0
2000002000,'Dimanche-01',542,,6570,120,0,11 13,0,170,,6571,120,0,11 13,0,44,,6582,150,,,0,86,,6572,120,0,11 13,0,84,,6583,150,,,0,86,,6573,120,0,11 13,0,45,,6584,150,,,0,86,,6574,120,0,11 13,0,85,,6585,150,,,0,85,,6575,120,0,11 13,0,45,,6586,150,,,0,85,,6576,120,0,11 13,0,85,,6587,150,,,0,85,,6577,120,0,11 13,0,45,,6588,150,,,0,85,,6578,120,0,11 13,0,85,,6589,150,,,0,85,,6579,120,0,11 13,0,44,,6590,150,,,0,86,,6580,120,0,11 13,0,84,,6591,150,,,0,86,,6581,120,0,11 13,0,44,,6592,150,,,0,170,,6593,150,,,0
2000002000,'Fête-1-01',542,,6594,120,0,11 13,0,170,,6595,120,0,11 13,0,44,,6606,150,,,0,86,,6596,120,0,11 13,0,84,,6607,150,,,0,86,,6597,120,0,11 13,0,45,,6608,150,,,0,86,,6598,120,0,11 13,0,85,,6609,150,,,0,85,,6599,120,0,11 13,0,45,,6610,150,,,0,85,,6600,120,0,11 13,0,85,,6611,150,,,0,85,,6601,120,0,11 13,0,45,,6612,150,,,0,85,,6602,120,0,11 13,0,85,,6613,150,,,0,85,,6603,120,0,11 13,0,44,,6614,150,,,0,86,,6604,120,0,11 13,0,84,,6615,150,,,0,86,,6605,120,0,11 13,0,44,,6616,150,,,0,170,,6617,150,,,0
2000002000,'Fête-2-01',447,,6619,120,0,11 13,0,74,,6618,120,0,11 13,0,29,,6620,170,0,11 13,0,65,,6621,120,0,11 13,0,40,,6637,170,,,0,98,,6638,170,,,0,61,,6639,150,,,0,99,,6624,120,0,11 13,0,31,,6640,150,,,0,69,,6625,120,0,11 13,0,34,,6641,150,,,0,66,,6626,120,0,11 13,0,34,,6642,150,,,0,61,,6627,120,0,11 13,0,34,,6643,150,,,0,61,,6628,120,0,11 13,0,43,,6644,150,,,0,67,,6629,120,0,11 13,0,42,,6645,170,,,0,63,,6630,170,0,11 13,0,25,,6646,150,,,0,70,,6631,120,0,11 13,0,36,,6647,170,,,0,98,,6648,150,,,0,100,,6635,150,,,0,74,,6634,150,,,0,93,,6633,150,,,0,93,,6632,150,,,0,50,,6636,120,0,11 13,0,73,,6623,150,,,0,179,,6622,150,,,0
2000002000,'Samedi-01',542,,6649,120,0,11 13,0,170,,6650,120,0,11 13,0,44,,6661,150,,,0,86,,6651,120,0,11 13,0,84,,6662,150,,,0,86,,6652,120,0,11 13,0,45,,6663,150,,,0,86,,6653,120,0,11 13,0,85,,6664,150,,,0,85,,6654,120,0,11 13,0,45,,6665,150,,,0,85,,6655,120,0,11 13,0,85,,6666,150,,,0,85,,6656,120,0,11 13,0,45,,6667,150,,,0,85,,6657,120,0,11 13,0,85,,6668,150,,,0,85,,6658,120,0,11 13,0,44,,6669,150,,,0,86,,6659,120,0,11 13,0,84,,6670,150,,,0,86,,6660,120,0,11 13,0,44,,6671,150,,,0,170,,6672,150,,,0
2000002000,'Semaine-01',447,,6674,120,0,11 13,0,74,,6673,120,0,11 13,0,29,,6675,170,0,11 13,0,65,,6676,120,0,11 13,0,40,,6692,170,,,0,98,,6693,170,,,0,61,,6694,150,,,0,99,,6679,120,0,11 13,0,31,,6695,150,,,0,69,,6680,120,0,11 13,0,34,,6696,150,,,0,66,,6681,120,0,11 13,0,34,,6697,150,,,0,61,,6682,120,0,11 13,0,34,,6698,150,,,0,61,,6683,120,0,11 13,0,43,,6699,150,,,0,67,,6684,120,0,11 13,0,42,,6700,170,,,0,63,,6685,170,0,11 13,0,25,,6701,150,,,0,70,,6686,120,0,11 13,0,36,,6702,170,,,0,98,,6703,150,,,0,100,,6690,150,,,0,74,,6689,150,,,0,93,,6688,150,,,0,93,,6687,150,,,0,50,,6691,120,0,11 13,0,73,,6678,150,,,0,179,,6677,150,,,0
