101,'Dimanche-02',734,,7950,170,,,0,205,,7951,170,,,0,170,,7952,170,,,0,133,,7953,170,,,0,167,,7954,170,,,0,120,,7955,170,,,0,120,,7956,170,,,0,160,,7957,170,,,0,118,,7958,170,,,0,174,,7959,170,,,0,114,,7960,170,,,0,114,,7961,170,,,0
101,'Fête-1-02',734,,7962,170,,,0,205,,7963,170,,,0,170,,7964,170,,,0,133,,7965,170,,,0,167,,7966,170,,,0,120,,7967,170,,,0,120,,7968,170,,,0,160,,7969,170,,,0,118,,7970,170,,,0,174,,7971,170,,,0,114,,7972,170,,,0,114,,7973,170,,,0
101,'Fête-2-02',633,,7974,170,,,0,100,,7983,170,,,0,70,,7985,170,,,0,50,,7986,170,,,0,151,,7987,170,,,0,105,,7988,170,,,0,95,,7990,170,,,0,102,,7989,170,,,0,106,,7991,170,,,0,41,,7975,170,,,0,102,,7976,170,,,0,96,,7977,170,,,0,149,,7978,170,,,0,34,,7979,170,,,0,103,,7980,170,,,0,84,,7981,170,,,0,134,,7982,170,,,0,175,,7984,170,,,0
101,'Samedi-02',734,,7992,170,,,0,205,,7993,170,,,0,170,,7994,170,,,0,133,,7995,170,,,0,167,,7996,170,,,0,120,,7997,170,,,0,120,,7998,170,,,0,160,,7999,170,,,0,118,,8000,170,,,0,174,,8001,170,,,0,114,,8002,170,,,0,114,,8003,170,,,0
101,'Semaine-02',628,,8022,40,,,0,5,,8004,170,,,0,100,,8013,170,,,0,70,,8015,170,,,0,50,,8016,170,,,0,151,,8017,170,,,0,105,,8018,170,,,0,95,,8020,170,,,0,102,,8019,170,,,0,106,,8021,170,,,0,41,,8005,170,,,0,102,,8006,170,,,0,96,,8007,170,,,0,149,,8008,170,,,0,34,,8009,170,,,0,103,,8010,170,,,0,84,,8011,170,,,0,134,,8012,170,,,0,175,,8014,170,,,0
2100,'Fête-2-02',525,,8111,20,,,0,30,,8112,20,,,0,70,,8113,20,,,0,75,,8114,20,,,0,30,,8115,20,,,0,75,,8116,20,,,0
2100,'Semaine-02',525,,8117,20,,,0,30,,8118,20,,,0,70,,8119,20,,,0,75,,8120,20,,,0,30,,8121,20,,,0,75,,8122,20,,,0
2101,'Fête-2-02',1622,,8123,170,,,0,30,,8124,170,,,0,69,,8125,170,,,0,30,,8126,170,,,0,70,,8127,170,,,0
2101,'Semaine-02',1622,,8131,170,,,0,23,,8132,170,,,0,66,,8133,170,,,0,25,,8134,170,,,0,65,,8135,170,,,0,28,,8136,170,,,0
2801,'Fête-2-02',1357,,8310,110,0,22,0,188,,8313,110,0,22,0,72,,8317,110,0,22,0,27,,8308,110,0,23,0,15,,8316,110,0,22,0,59,,8311,110,0,22,0,10,,8307,110,,,0,10,,8312,110,0,22,0,18,,8309,110,0,23,0,59,,8314,110,0,22,0,16,,8318,110,0,22,0,15,,8315,110,0,22,0
2801,'Semaine-02',1357,,8322,110,0,22,0,188,,8328,110,0,22,0,57,,8331,110,0,22,0,15,,8335,110,0,22,0,12,,8332,110,0,22,0,15,,8320,110,0,23,0,5,,8333,110,0,22,0,10,,8334,110,0,22,0,50,,8323,110,0,22,0,9,,8324,110,0,22,0,10,,8319,110,,,0,10,,8325,110,0,22,0,8,,8326,110,0,22,0,10,,8321,110,0,23,0,54,,8327,110,0,22,0,11,,8329,110,0,22,0,25,,8330,110,0,22,0
3300,'Dimanche-02',540,,8559,40,,,0,82,,8557,40,,,0,90,,8568,40,,,0,41,,8578,40,,,0,83,,8580,40,,,0,93,,8581,40,,,0,80,,8582,40,,,0,40,,8583,40,,,0,80,,8584,40,,,0,80,,8560,40,,,0,40,,8561,40,,,0,79,,8562,40,,,0,80,,8563,40,,,0,40,,8564,40,,,0,79,,8565,40,,,0,79,,8566,40,,,0,39,,8567,40,,,0,79,,8569,40,,,0,79,,8570,40,,,0,40,,8571,40,,,0,87,,8572,40,,,0,85,,8573,40,,,0,86,,8574,40,,,0,47,,8575,40,,,0,86,,8576,40,,,0,83,,8577,40,,,0,88,,8558,40,,,0,43,,8579,40,,,0,159,,8585,40,0,8 6,0
3300,'Fête-1-02',600,,8588,40,,,0,41,,8586,40,,,0,81,,8597,40,,,0,82,,8607,40,,,0,42,,8609,40,,,0,84,,8610,40,,,0,81,,8611,40,,,0,42,,8612,40,,,0,82,,8613,40,,,0,82,,8589,40,,,0,42,,8590,40,,,0,82,,8591,40,,,0,82,,8592,40,,,0,82,,8593,40,,,0,42,,8594,40,,,0,82,,8595,40,,,0,82,,8596,40,,,0,45,,8598,40,,,0,79,,8599,40,,,0,82,,8600,40,,,0,42,,8601,40,,,0,79,,8602,40,,,0,82,,8603,40,,,0,81,,8604,40,,,0,42,,8605,40,,,0,83,,8606,40,,,0,86,,8608,40,,,0,46,,8587,40,,,0,153,,8614,40,0,8 6,0
3300,'Fête-2-02',607,,8615,40,,,0,40,,8643,40,,,0,80,,8624,40,,,0,80,,8634,40,,,0,40,,8637,40,,,0,80,,8638,40,,,0,80,,8639,40,,,0,41,,8640,40,,,0,81,,8641,40,,,0,83,,8616,40,,,0,43,,8617,40,,,0,83,,8618,40,,,0,82,,8619,40,,,0,82,,8620,40,,,0,45,,8621,40,,,0,85,,8622,40,,,0,85,,8623,40,,,0,85,,8625,40,,,0,45,,8626,40,,,0,83,,8627,40,,,0,82,,8628,40,,,0,40,,8629,40,,,0,80,,8630,40,,,0,80,,8631,40,,,0,40,,8632,40,,,0,80,,8633,40,,,0,80,,8635,40,,,0,40,,8636,40,,,0
3300,'Samedi-02',600,,8646,40,,,0,41,,8644,40,,,0,81,,8655,40,,,0,82,,8665,40,,,0,42,,8667,40,,,0,84,,8668,40,,,0,81,,8669,40,,,0,42,,8670,40,,,0,82,,8671,40,,,0,82,,8647,40,,,0,42,,8648,40,,,0,82,,8649,40,,,0,82,,8650,40,,,0,82,,8651,40,,,0,42,,8652,40,,,0,82,,8653,40,,,0,82,,8654,40,,,0,45,,8656,40,,,0,79,,8657,40,,,0,82,,8658,40,,,0,42,,8659,40,,,0,79,,8660,40,,,0,82,,8661,40,,,0,81,,8662,40,,,0,42,,8663,40,,,0,83,,8664,40,,,0,86,,8666,40,,,0,46,,8645,40,,,0,153,,8672,40,0,8 6,0
3300,'Semaine-02',607,,8673,40,,,0,40,,8701,40,,,0,80,,8682,40,,,0,80,,8692,40,,,0,40,,8695,40,,,0,80,,8696,40,,,0,80,,8697,40,,,0,41,,8698,40,,,0,81,,8699,40,,,0,83,,8674,40,,,0,43,,8675,40,,,0,83,,8676,40,,,0,82,,8677,40,,,0,82,,8678,40,,,0,45,,8679,40,,,0,85,,8680,40,,,0,85,,8681,40,,,0,85,,8683,40,,,0,45,,8684,40,,,0,83,,8685,40,,,0,82,,8686,40,,,0,40,,8687,40,,,0,80,,8688,40,,,0,80,,8689,40,,,0,40,,8690,40,,,0,80,,8691,40,,,0,80,,8693,40,,,0,40,,8694,40,,,0
9001,'Semaine-02',1839,,8705,80,,,0
