2000002300,'Dimanche-02',551,,9596,120,,,0,79,,9598,120,,,0,74,,9599,120,,,0,101,,9600,120,,,0,41,,9601,120,,,0,75,,9602,120,,,0,107,,9603,120,,,0,97,,9604,120,,,0,95,,9605,120,,,0,82,,9606,120,,,0,37,,9607,120,,,0,83,,9608,120,,,0,79,,9609,120,,,0,42,,9610,120,,,0,78,,9611,120,,,0,80,,9612,120,,,0,39,,9613,120,,,0,82,,9614,120,,,0,36,,9615,120,,,0,146,,9616,120,,,0,109,,9617,120,,,0,112,,9618,120,,,0,104,,9619,120,,,0,111,,9620,120,,,0,102,,9597,120,,,0
2000002300,'Fête-1-02',553,,9621,120,,,0,83,,9623,120,,,0,81,,9624,120,,,0,35,,9625,120,,,0,87,,9626,120,,,0,84,,9627,120,,,0,81,,9628,120,,,0,53,,9629,120,,,0,90,,9630,120,,,0,85,,9631,120,,,0,79,,9632,120,,,0,41,,9633,120,,,0,83,,9634,120,,,0,85,,9635,120,,,0,39,,9636,120,,,0,85,,9637,120,,,0,83,,9638,120,,,0,80,,9639,120,,,0,40,,9640,120,,,0,85,,9641,120,,,0,87,,9642,120,,,0,104,,9643,120,,,0,80,,9644,120,,,0,32,,9645,120,,,0,104,,9646,120,,,0,111,,9647,120,,,0,96,,9622,120,,,0
2000002300,'Fête-2-02',600,,9648,120,,,0,40,,9649,120,,,0,80,,9673,120,,,0,81,,9674,120,,,0,39,,9650,120,,,0,80,,9672,120,,,0,80,,9670,120,,,0,41,,9669,120,,,0,82,,9671,120,,,0,83,,9668,120,,,0,43,,9665,120,,,0,83,,9667,120,,,0,82,,9666,120,,,0,42,,9664,120,,,0,85,,9663,120,,,0,85,,9662,120,,,0,86,,9661,120,,,0,45,,9660,120,,,0,85,,9659,120,,,0,82,,9658,120,,,0,82,,9657,120,,,0,39,,9656,120,,,0,80,,9655,120,,,0,80,,9654,120,,,0,40,,9653,120,,,0,80,,9652,120,,,0,80,,9651,120,,,0,121,,9675,120,,,0
2000002300,'Samedi-02',553,,9676,120,,,0,83,,9678,120,,,0,81,,9679,120,,,0,35,,9680,120,,,0,87,,9681,120,,,0,84,,9682,120,,,0,81,,9683,120,,,0,53,,9684,120,,,0,90,,9685,120,,,0,85,,9686,120,,,0,79,,9687,120,,,0,41,,9688,120,,,0,83,,9689,120,,,0,85,,9690,120,,,0,39,,9691,120,,,0,85,,9692,120,,,0,83,,9693,120,,,0,80,,9694,120,,,0,40,,9695,120,,,0,85,,9696,120,,,0,87,,9697,120,,,0,104,,9698,120,,,0,80,,9699,120,,,0,32,,9700,120,,,0,104,,9701,120,,,0,111,,9702,120,,,0,96,,9677,120,,,0
2000002300,'Semaine-02',600,,9703,120,,,0,40,,9704,120,,,0,80,,9728,120,,,0,81,,9729,120,,,0,39,,9705,120,,,0,80,,9727,120,,,0,80,,9725,120,,,0,41,,9724,120,,,0,82,,9726,120,,,0,83,,9723,120,,,0,43,,9720,120,,,0,83,,9722,120,,,0,82,,9721,120,,,0,42,,9719,120,,,0,85,,9718,120,,,0,85,,9717,120,,,0,86,,9716,120,,,0,45,,9715,120,,,0,85,,9714,120,,,0,82,,9713,120,,,0,82,,9712,120,,,0,39,,9711,120,,,0,80,,9710,120,,,0,80,,9709,120,,,0,40,,9708,120,,,0,80,,9707,120,,,0,80,,9706,120,,,0,121,,9730,120,,,0
2000002301,'Dimanche-02',616,,9731,120,,,0,34,,9741,120,,,0,80,,9736,120,,,0,101,,9746,120,,,0,76,,9742,120,,,0,40,,9735,120,,,0,107,,9737,120,,,0,97,,9738,120,,,0,95,,9745,120,,,0,75,,9739,120,,,0,84,,9734,120,,,0,38,,9747,120,,,0,84,,9740,120,,,0,77,,9744,120,,,0,43,,9743,120,,,0,79,,9733,120,,,0,80,,9748,120,,,0,37,,9749,120,,,0,81,,9754,120,,,0,106,,9751,120,,,0,109,,9750,120,,,0,112,,9755,120,,,0,104,,9753,120,,,0,151,,9752,120,,,0,102,,9732,120,,,0
2000002301,'Fête-1-02',619,,9756,120,,,0,83,,9766,120,,,0,36,,9761,120,,,0,75,,9772,120,,,0,92,,9767,120,,,0,40,,9760,120,,,0,85,,9769,120,,,0,88,,9762,120,,,0,95,,9763,120,,,0,40,,9771,120,,,0,84,,9764,120,,,0,76,,9759,120,,,0,88,,9773,120,,,0,40,,9765,120,,,0,84,,9770,120,,,0,80,,9768,120,,,0,48,,9758,120,,,0,75,,9774,120,,,0,85,,9775,120,,,0,40,,9780,120,,,0,92,,9777,120,,,0,104,,9776,120,,,0,72,,9781,120,,,0,80,,9782,120,,,0,104,,9779,120,,,0,111,,9778,120,,,0,96,,9757,120,,,0
2000002301,'Fête-2-02',626,,9811,120,,,0,80,,9808,120,,,0,40,,9809,120,,,0,80,,9810,120,,,0,80,,9806,120,,,0,40,,9807,120,,,0,80,,9804,120,,,0,81,,9803,120,,,0,42,,9805,120,,,0,83,,9801,120,,,0,83,,9798,120,,,0,43,,9802,120,,,0,82,,9800,120,,,0,82,,9799,120,,,0,85,,9797,120,,,0,45,,9796,120,,,0,86,,9795,120,,,0,85,,9794,120,,,0,85,,9793,120,,,0,42,,9792,120,,,0,82,,9791,120,,,0,79,,9790,120,,,0,40,,9789,120,,,0,80,,9788,120,,,0,80,,9787,120,,,0,40,,9786,120,,,0,80,,9785,120,,,0,74,,9784,120,,,0,98,,9783,120,,,0
2000002301,'Samedi-02',619,,9812,120,,,0,83,,9822,120,,,0,36,,9817,120,,,0,75,,9828,120,,,0,92,,9823,120,,,0,40,,9816,120,,,0,85,,9825,120,,,0,88,,9818,120,,,0,95,,9819,120,,,0,40,,9827,120,,,0,84,,9820,120,,,0,76,,9815,120,,,0,88,,9829,120,,,0,40,,9821,120,,,0,84,,9826,120,,,0,80,,9824,120,,,0,48,,9814,120,,,0,75,,9830,120,,,0,85,,9831,120,,,0,40,,9836,120,,,0,92,,9833,120,,,0,104,,9832,120,,,0,72,,9837,120,,,0,80,,9838,120,,,0,104,,9835,120,,,0,111,,9834,120,,,0,96,,9813,120,,,0
2000002301,'Semaine-02',626,,9867,120,,,0,80,,9864,120,,,0,40,,9865,120,,,0,80,,9866,120,,,0,80,,9862,120,,,0,40,,9863,120,,,0,80,,9860,120,,,0,81,,9859,120,,,0,42,,9861,120,,,0,83,,9857,120,,,0,83,,9854,120,,,0,43,,9858,120,,,0,82,,9856,120,,,0,82,,9855,120,,,0,85,,9853,120,,,0,45,,9852,120,,,0,86,,9851,120,,,0,85,,9850,120,,,0,85,,9849,120,,,0,42,,9848,120,,,0,82,,9847,120,,,0,79,,9846,120,,,0,40,,9845,120,,,0,80,,9844,120,,,0,80,,9843,120,,,0,40,,9842,120,,,0,80,,9841,120,,,0,74,,9840,120,,,0,98,,9839,120,,,0
