100,'Dimanche-01',645,,5264,670,,,0,200,,5253,670,,,0,167,,5254,670,,,0,131,,5255,670,,,0,165,,5256,670,,,0,123,,5257,670,,,0,118,,5258,670,,,0,160,,5259,670,,,0,123,,5260,670,,,0,175,,5261,670,,,0,115,,5262,670,,,0,115,,5263,670,,,0
100,'Fête-1-01',645,,5276,670,,,0,200,,5265,670,,,0,167,,5266,670,,,0,131,,5267,670,,,0,165,,5268,670,,,0,123,,5269,670,,,0,118,,5270,670,,,0,160,,5271,670,,,0,123,,5272,670,,,0,175,,5273,670,,,0,115,,5274,670,,,0,115,,5275,670,,,0
100,'Fête-2-01',533,,5277,670,,,0,105,,5278,670,,,0,66,,5279,670,,,0,43,,5280,670,,,0,157,,5281,670,,,0,103,,5284,670,,,0,94,,5293,670,,,0,101,,5285,670,,,0,103,,5294,670,,,0,38,,5286,670,,,0,101,,5287,670,,,0,100,,5291,670,,,0,110,,5288,670,,,0,75,,5289,670,,,0,104,,5282,670,,,0,92,,5283,670,,,0,131,,5292,670,,,0,184,,5290,670,,,0
100,'Samedi-01',645,,5306,670,,,0,200,,5295,670,,,0,167,,5296,670,,,0,131,,5297,670,,,0,165,,5298,670,,,0,123,,5299,670,,,0,118,,5300,670,,,0,160,,5301,670,,,0,123,,5302,670,,,0,175,,5303,670,,,0,115,,5304,670,,,0,115,,5305,670,,,0
100,'Semaine-01',533,,5307,670,,,0,105,,5308,670,,,0,66,,5309,670,,,0,43,,5310,670,,,0,157,,5311,670,,,0,103,,5314,670,,,0,94,,5323,670,,,0,101,,5315,670,,,0,103,,5324,670,,,0,38,,5316,670,,,0,101,,5317,670,,,0,100,,5321,670,,,0,110,,5318,670,,,0,75,,5319,670,,,0,104,,5312,670,,,0,92,,5313,670,,,0,131,,5322,670,,,0,184,,5320,670,,,0
2100,'Fête-2-01',552,,5486,310,,,0,70,,5487,310,,,0,31,,5488,310,,,0,75,,5489,310,,,0,30,,5490,310,,,0,76,,5491,310,,,0
2100,'Semaine-01',552,,5492,310,,,0,70,,5493,310,,,0,31,,5494,310,,,0,75,,5495,310,,,0,30,,5496,310,,,0,76,,5497,310,,,0
2300,'Fête-2-01',552,,5539,350,,,0,66,,5540,350,,,0,16,,5541,350,,,0,75,,5542,350,,,0,25,,5543,350,,,0,21,,5544,350,,,0,60,,5545,350,,,0,20,,5546,350,,,0
2300,'Semaine-01',552,,5547,350,,,0,66,,5548,350,,,0,16,,5549,350,,,0,75,,5550,350,,,0,25,,5551,350,,,0,21,,5552,350,,,0,60,,5553,350,,,0,20,,5554,350,,,0
2500,'Fête-2-01',609,,5592,330,,,0,34,,5589,350,,,0,61,,5593,330,,,0,29,,5590,350,,,0,26,,5594,330,,,0,69,,5591,350,,,0
2500,'Semaine-01',609,,5598,330,,,0,34,,5595,350,,,0,61,,5599,330,,,0,29,,5596,350,,,0,26,,5600,330,,,0,69,,5597,350,,,0
2600,'Fête-2-01',507,,5613,300,,,0,17,,5614,310,,,0
2600,'Semaine-01',507,,5615,300,,,0,17,,5616,310,,,0
2800,'Fête-2-01',527,,5659,200,,,0,20,,5658,200,,,0,55,,5656,440,,,0,25,,5664,200,,,0,20,,5655,480,,,0,60,,5657,440,,,0,21,,5660,200,,,0,20,,5661,200,,,0,61,,5662,200,,,0,20,,5663,200,,,0
2800,'Semaine-01',527,,5669,200,,,0,20,,5668,200,,,0,55,,5666,440,,,0,15,,5680,200,,,0,10,,5676,200,,,0,10,,5677,200,,,0,10,,5665,480,,,0,8,,5678,200,,,0,48,,5667,440,,,0,8,,5681,200,,,0,9,,5679,200,,,0,8,,5670,200,,,0,10,,5671,200,,,0,11,,5672,200,,,0,10,,5673,200,,,0,50,,5674,200,,,0,20,,5675,200,,,0
3100,'Dimanche-01',729,,5744,390,,,0,218,,5745,390,,,0,278,,5743,390,,,0,123,,5736,390,,,0,160,,5737,390,,,0,118,,5738,390,,,0,118,,5739,390,,,0,159,,5740,390,,,0,127,,5741,390,,,0,221,,5735,390,,,0,254,,5742,390,,,0
3100,'Fête-1-01',618,,5747,390,,,0,83,,5758,390,,,0,204,,5759,390,,,0,125,,5756,390,,,0,124,,5746,390,,,0,164,,5757,390,,,0,124,,5748,390,,,0,164,,5749,390,,,0,124,,5750,390,,,0,124,,5751,390,,,0,164,,5752,390,,,0,27,,5753,390,,,0,256,,5754,390,,,0,214,,5755,390,,,0
3100,'Fête-2-01',628,,5784,390,,,0,80,,5760,390,,,0,40,,5770,390,,,0,80,,5785,390,,,0,80,,5779,390,,,0,40,,5780,390,,,0,80,,5781,390,,,0,80,,5787,390,,,0,43,,5782,390,,,0,83,,5783,390,,,0,83,,5761,390,,,0,83,,5762,390,,,0,42,,5763,390,,,0,82,,5764,390,,,0,85,,5765,390,,,0,45,,5766,390,,,0,86,,5767,390,,,0,85,,5768,390,,,0,84,,5769,390,,,0,42,,5771,390,,,0,82,,5772,390,,,0,79,,5773,390,,,0,40,,5774,390,,,0,79,,5775,390,,,0,80,,5776,390,,,0,40,,5777,390,,,0,80,,5778,390,,,0
3100,'Samedi-01',618,,5789,390,,,0,83,,5800,390,,,0,204,,5801,390,,,0,125,,5798,390,,,0,124,,5788,390,,,0,164,,5799,390,,,0,124,,5790,390,,,0,164,,5791,390,,,0,124,,5792,390,,,0,124,,5793,390,,,0,164,,5794,390,,,0,27,,5795,390,,,0,256,,5796,390,,,0,214,,5797,390,,,0
3100,'Semaine-01',628,,5826,390,,,0,80,,5802,390,,,0,40,,5812,390,,,0,80,,5827,390,,,0,80,,5821,390,,,0,40,,5822,390,,,0,80,,5823,390,,,0,80,,5829,390,,,0,43,,5824,390,,,0,83,,5825,390,,,0,83,,5803,390,,,0,83,,5804,390,,,0,42,,5805,390,,,0,82,,5806,390,,,0,85,,5807,390,,,0,45,,5808,390,,,0,86,,5809,390,,,0,85,,5810,390,,,0,84,,5811,390,,,0,42,,5813,390,,,0,82,,5814,390,,,0,79,,5815,390,,,0,40,,5816,390,,,0,79,,5817,390,,,0,80,,5818,390,,,0,40,,5819,390,,,0,80,,5820,390,,,0
3200,'Dimanche-01',623,,5830,400,,,0,214,,5835,400,,,0,263,,5838,400,,,0,152,,5839,400,,,0,159,,5831,400,,,0,122,,5841,400,,,0,120,,5832,400,,,0,159,,5834,400,,,0,118,,5833,400,,,0,214,,5836,400,,,0,256,,5837,400,,,0
3200,'Fête-1-01',554,,5842,280,,,0,181,,5848,400,,,0,77,,5843,400,,,0,120,,5851,400,,,0,123,,5852,400,,,0,164,,5853,400,,,0,124,,5844,400,,,0,164,,5855,400,,,0,124,,5845,400,,,0,128,,5846,400,,,0,160,,5847,400,,,0,235,,5849,400,,,0,256,,5850,400,,,0
3200,'Fête-2-01',651,,5881,400,,,0,80,,5856,400,,,0,80,,5884,400,,,0,40,,5867,400,,,0,80,,5875,400,,,0,78,,5876,400,,,0,41,,5877,400,,,0,81,,5878,400,,,0,83,,5879,400,,,0,43,,5880,400,,,0,83,,5857,400,,,0,82,,5858,400,,,0,83,,5859,400,,,0,46,,5883,400,,,0,59,,5860,50,,,0,26,,5861,400,,,0,20,,5885,50,,,0,64,,5862,400,,,0,20,,5886,50,,,0,65,,5863,400,,,0,44,,5864,400,,,0,82,,5865,400,,,0,83,,5866,400,,,0,40,,5868,400,,,0,80,,5869,400,,,0,80,,5870,400,,,0,40,,5871,400,,,0,80,,5872,400,,,0,80,,5873,400,,,0,40,,5874,400,,,0
3200,'Samedi-01',554,,5887,280,,,0,181,,5893,400,,,0,77,,5888,400,,,0,120,,5896,400,,,0,123,,5897,400,,,0,164,,5898,400,,,0,124,,5889,400,,,0,164,,5900,400,,,0,124,,5890,400,,,0,128,,5891,400,,,0,160,,5892,400,,,0,235,,5894,400,,,0,256,,5895,400,,,0
3200,'Semaine-01',651,,5926,400,,,0,80,,5901,400,,,0,80,,5929,400,,,0,40,,5912,400,,,0,80,,5920,400,,,0,78,,5921,400,,,0,41,,5922,400,,,0,81,,5923,400,,,0,83,,5924,400,,,0,43,,5925,400,,,0,83,,5902,400,,,0,82,,5903,400,,,0,83,,5904,400,,,0,46,,5928,400,,,0,59,,5905,50,,,0,26,,5906,400,,,0,20,,5930,50,,,0,64,,5907,400,,,0,20,,5931,50,,,0,65,,5908,400,,,0,44,,5909,400,,,0,82,,5910,400,,,0,83,,5911,400,,,0,40,,5913,400,,,0,80,,5914,400,,,0,80,,5915,400,,,0,40,,5916,400,,,0,80,,5917,400,,,0,80,,5918,400,,,0,40,,5919,400,,,0
9000,'Semaine-01',701,,6077,210,,,0,23,,6078,210,,,0
9800,'Fête-2-01',650,,6094,190,0,21 10,0,102,,6082,290,,,0,104,,6086,290,,,0,145,,6087,290,,,0,508,,6088,290,,,0,105,,6089,290,,,0,105,,6090,290,,,0,104,,6091,290,,,0,103,,6092,290,,,0,97,,6093,290,,,0,98,,6083,290,,,0,90,,6084,290,,,0,90,,6085,290,4,,0
9800,'Semaine-01',650,,6107,190,0,21 10,0,102,,6095,290,,,0,104,,6099,290,,,0,145,,6100,290,,,0,508,,6101,290,,,0,105,,6102,290,,,0,105,,6103,290,,,0,104,,6104,290,,,0,103,,6105,290,,,0,97,,6106,290,,,0,98,,6096,290,,,0,90,,6097,290,,,0,90,,6098,290,4,,0
11100,'Dimanche-01',831,,6109,420,0,5 10,0,188,,6108,420,0,5 10,0,290,,6110,420,0,5 10,0,249,,6111,420,0,5 10,0,345,,6112,420,0,5 10,0
11100,'Fête-1-01',831,,6117,420,0,5 10,0,188,,6116,420,0,5 10,0,290,,6118,420,0,5 10,0,249,,6119,420,0,5 10,0,345,,6120,420,0,5 10,0
11100,'Fête-2-01',540,,6128,420,0,5 14,0,70,,6126,420,0,5 14,0,30,,6129,420,0,5 14,0,70,,6127,420,0,5 14,0,30,,6133,420,0,5 14,0,70,,6134,420,0,5 14,0,36,,6125,420,0,5 10,0,100,,6135,420,0,5 10,0,373,,6124,420,0,5 10,0,396,,6130,420,0,5 14,0,30,,6132,420,0,5 14,0,70,,6131,420,0,5 14,0,130,,6136,420,0,5 10,0
11100,'Samedi-01',831,,6139,420,0,5 10,0,188,,6138,420,0,5 10,0,290,,6140,420,0,5 10,0,249,,6141,420,0,5 10,0,345,,6142,420,0,5 10,0
11100,'Semaine-01',544,,6154,420,0,5 15,0,14,,6148,420,0,5 10,0,61,,6152,420,0,5 15,0,27,,6155,420,0,5 15,0,5,,6149,420,0,5 10,0,55,,6153,420,0,5 15,0,10,,6167,420,0,16 17,0,21,,6161,420,0,5 15,0,20,,6156,420,0,5 15,0,44,,6150,420,0,16 17,0,16,,6163,420,0,5 15,0,39,,6151,420,0,16 17,0,157,,6164,420,0,16 17,0,36,,6146,420,0,16 17,0,265,,6147,420,0,5 10,0,340,,6158,420,0,5 10,0,46,,6157,350,0,5 15,0,51,,6160,420,0,5 10,0,61,,6159,350,0,5 15,0,335,,6162,350,0,5 10,0
