101,'Dimanche-01',720,,5325,90,,,0,205,,5326,90,,,0,130,,5327,90,,,0,170,,5328,90,,,0,125,,5329,90,,,0,160,,5330,90,,,0,120,,5331,90,,,0,120,,5332,90,,,0,160,,5333,90,,,0,135,,5334,90,,,0,155,,5335,90,,,0,115,,5336,90,,,0
101,'Fête-1-01',720,,5337,90,,,0,205,,5338,90,,,0,130,,5339,90,,,0,170,,5340,90,,,0,125,,5341,90,,,0,160,,5342,90,,,0,120,,5343,90,,,0,120,,5344,90,,,0,160,,5345,90,,,0,135,,5346,90,,,0,155,,5347,90,,,0,115,,5348,90,,,0
101,'Fête-2-01',615,,5349,90,,,0,100,,5358,90,,,0,30,,5360,90,,,0,90,,5361,90,,,0,111,,5362,90,,,0,105,,5363,90,,,0,95,,5365,90,,,0,100,,5364,90,,,0,106,,5366,90,,,0,80,,5350,90,,,0,100,,5351,90,,,0,100,,5352,90,,,0,109,,5353,90,,,0,75,,5354,90,,,0,104,,5355,90,,,0,85,,5356,90,,,0,135,,5357,90,,,0,175,,5359,90,,,0
101,'Samedi-01',720,,5367,90,,,0,205,,5368,90,,,0,130,,5369,90,,,0,170,,5370,90,,,0,125,,5371,90,,,0,160,,5372,90,,,0,120,,5373,90,,,0,120,,5374,90,,,0,160,,5375,90,,,0,135,,5376,90,,,0,155,,5377,90,,,0,115,,5378,90,,,0
101,'Semaine-01',615,,5379,90,,,0,100,,5388,90,,,0,30,,5390,90,,,0,90,,5391,90,,,0,111,,5392,90,,,0,105,,5393,90,,,0,95,,5395,90,,,0,100,,5394,90,,,0,106,,5396,90,,,0,80,,5380,90,,,0,100,,5381,90,,,0,100,,5382,90,,,0,109,,5383,90,,,0,75,,5384,90,,,0,104,,5385,90,,,0,85,,5386,90,,,0,135,,5387,90,,,0,175,,5389,90,,,0
2101,'Fête-2-01',648,,5503,90,0,5 6,0,79,,5504,90,0,5 6,0,81,,5505,90,0,5 6,0,795,,5498,90,,,0,30,,5499,90,,,0,69,,5500,90,,,0,30,,5501,90,,,0,70,,5502,90,,,0
2101,'Semaine-01',648,,5512,90,0,5 6,0,79,,5513,90,0,5 6,0,81,,5514,90,0,5 6,0,795,,5506,90,,,0,23,,5507,90,,,0,26,,5508,90,,,0,65,,5509,90,,,0,25,,5510,90,,,0,68,,5511,90,,,0
2301,'Fête-2-01',1536,,5555,90,,,0,65,,5556,90,,,0,30,,5557,90,,,0,70,,5558,90,,,0,30,,5559,90,,,0,69,,5560,90,,,0,30,,5561,90,,,0
2301,'Semaine-01',1536,,5562,90,,,0,65,,5563,90,,,0,30,,5564,90,,,0,70,,5565,90,,,0,30,,5566,90,,,0,69,,5567,90,,,0,30,,5568,90,,,0
2501,'Fête-2-01',1541,,5601,90,,,0,80,,5602,90,,,0,34,,5603,90,,,0,80,,5604,90,,,0,80,,5605,90,,,0,30,,5606,90,,,0
2501,'Semaine-01',1541,,5607,90,,,0,80,,5608,90,,,0,34,,5609,90,,,0,80,,5610,90,,,0,80,,5611,90,,,0,30,,5612,90,,,0
3100,'Dimanche-01',654,,5744,90,,,0,255,,5745,90,,,0,238,,5743,90,,,0,163,,5736,90,,,0,120,,5737,90,,,0,118,,5738,90,,,0,158,,5739,90,,,0,119,,5740,90,,,0,127,,5741,90,,,0,262,,5735,90,,,0,215,,5742,90,,,0
3100,'Fête-1-01',543,,5747,90,,,0,83,,5758,90,,,0,201,,5759,90,,,0,125,,5756,90,,,0,164,,5746,90,,,0,124,,5757,90,,,0,164,,5748,90,,,0,124,,5749,90,,,0,124,,5750,90,,,0,164,,5751,90,,,0,124,,5752,90,,,0,68,,5753,90,,,0,216,,5754,90,,,0,215,,5755,90,,,0
3100,'Fête-2-01',549,,5784,90,,,0,80,,5760,90,,,0,80,,5770,90,,,0,40,,5785,90,,,0,80,,5779,90,,,0,80,,5780,90,,,0,40,,5781,90,,,0,81,,5787,90,,,0,81,,5782,90,,,0,43,,5783,90,,,0,83,,5761,90,,,0,83,,5762,90,,,0,82,,5763,90,,,0,41,,5764,90,,,0,84,,5765,90,,,0,85,,5766,90,,,0,45,,5767,90,,,0,86,,5768,90,,,0,86,,5769,90,,,0,84,,5771,90,,,0,42,,5772,90,,,0,80,,5773,90,,,0,80,,5774,90,,,0,40,,5775,90,,,0,80,,5776,90,,,0,80,,5777,90,,,0,40,,5778,90,,,0,161,,5786,90,0,5 6,0
3100,'Samedi-01',543,,5789,90,,,0,83,,5800,90,,,0,201,,5801,90,,,0,125,,5798,90,,,0,164,,5788,90,,,0,124,,5799,90,,,0,164,,5790,90,,,0,124,,5791,90,,,0,124,,5792,90,,,0,164,,5793,90,,,0,124,,5794,90,,,0,68,,5795,90,,,0,216,,5796,90,,,0,215,,5797,90,,,0
3100,'Semaine-01',549,,5826,90,,,0,80,,5802,90,,,0,80,,5812,90,,,0,40,,5827,90,,,0,80,,5821,90,,,0,80,,5822,90,,,0,40,,5823,90,,,0,81,,5829,90,,,0,81,,5824,90,,,0,43,,5825,90,,,0,83,,5803,90,,,0,83,,5804,90,,,0,82,,5805,90,,,0,41,,5806,90,,,0,84,,5807,90,,,0,85,,5808,90,,,0,45,,5809,90,,,0,86,,5810,90,,,0,86,,5811,90,,,0,84,,5813,90,,,0,42,,5814,90,,,0,80,,5815,90,,,0,80,,5816,90,,,0,40,,5817,90,,,0,80,,5818,90,,,0,80,,5819,90,,,0,40,,5820,90,,,0,161,,5828,90,0,5 6,0
3200,'Dimanche-01',544,,5830,90,,,0,214,,5835,90,,,0,262,,5838,90,,,0,192,,5839,90,,,0,119,,5831,90,,,0,122,,5841,90,,,0,160,,5832,90,,,0,119,,5834,90,,,0,118,,5833,90,,,0,256,,5836,90,,,0,216,,5837,90,,,0,213,,5840,90,0,6,0
3200,'Fête-1-01',656,,5848,90,,,0,77,,5843,90,,,0,120,,5851,90,,,0,162,,5852,90,,,0,124,,5853,90,,,0,164,,5844,90,,,0,124,,5855,90,,,0,124,,5845,90,,,0,168,,5846,90,,,0,120,,5847,90,,,0,277,,5849,90,,,0,216,,5850,90,,,0,210,,5854,90,0,6,0
3200,'Fête-2-01',613,,5881,90,,,0,39,,5856,90,,,0,79,,5884,90,,,0,79,,5867,90,,,0,40,,5875,90,,,0,82,,5876,90,,,0,81,,5877,90,,,0,41,,5878,90,,,0,83,,5879,90,,,0,83,,5880,90,,,0,83,,5857,90,,,0,42,,5858,90,,,0,81,,5859,90,,,0,84,,5883,90,,,0,45,,5861,90,,,0,84,,5862,90,,,0,86,,5863,90,,,0,87,,5864,90,,,0,42,,5865,90,,,0,84,,5866,90,,,0,81,,5868,90,,,0,40,,5869,90,,,0,80,,5870,90,,,0,80,,5871,90,,,0,40,,5872,90,,,0,82,,5873,90,,,0,80,,5874,90,,,0,112,,5882,90,0,6,0
3200,'Samedi-01',656,,5893,90,,,0,77,,5888,90,,,0,120,,5896,90,,,0,162,,5897,90,,,0,124,,5898,90,,,0,164,,5889,90,,,0,124,,5900,90,,,0,124,,5890,90,,,0,168,,5891,90,,,0,120,,5892,90,,,0,277,,5894,90,,,0,216,,5895,90,,,0,210,,5899,90,0,6,0
3200,'Semaine-01',613,,5926,90,,,0,39,,5901,90,,,0,79,,5929,90,,,0,79,,5912,90,,,0,40,,5920,90,,,0,82,,5921,90,,,0,81,,5922,90,,,0,41,,5923,90,,,0,83,,5924,90,,,0,83,,5925,90,,,0,83,,5902,90,,,0,42,,5903,90,,,0,81,,5904,90,,,0,84,,5928,90,,,0,45,,5906,90,,,0,84,,5907,90,,,0,86,,5908,90,,,0,87,,5909,90,,,0,42,,5910,90,,,0,84,,5911,90,,,0,81,,5913,90,,,0,40,,5914,90,,,0,80,,5915,90,,,0,80,,5916,90,,,0,40,,5917,90,,,0,82,,5918,90,,,0,80,,5919,90,,,0,112,,5927,90,0,6,0
9800,'Fête-2-01',725,,6082,90,,,0,103,,6086,90,,,0,105,,6087,90,,,0,506,,6088,90,,,0,105,,6089,90,,,0,105,,6090,90,,,0,104,,6091,90,,,0,105,,6092,90,,,0,98,,6093,90,,,0,100,,6083,90,,,0,90,,6084,90,,,0,90,,6085,90,,,0
9800,'Semaine-01',725,,6095,90,,,0,103,,6099,90,,,0,105,,6100,90,,,0,506,,6101,90,,,0,105,,6102,90,,,0,105,,6103,90,,,0,104,,6104,90,,,0,105,,6105,90,,,0,98,,6106,90,,,0,100,,6096,90,,,0,90,,6097,90,,,0,90,,6098,90,,,0
11101,'Dimanche-01',902,,6169,90,,,0,148,,6168,90,,,0,295,,6170,90,,,0,288,,6171,90,,,0,304,,6172,90,,,0
11101,'Fête-1-01',902,,6177,90,,,0,148,,6176,90,,,0,295,,6178,90,,,0,288,,6179,90,,,0,304,,6180,90,,,0
11101,'Fête-2-01',710,,6192,100,,,0,100,,6195,100,,,0,100,,6196,100,,,0,14,,6194,90,,,0,231,,6198,90,,,0,200,,6184,90,,,0,190,,6185,100,,,0,70,,6187,100,,,0,30,,6188,100,,,0,70,,6189,100,,,0,30,,6190,100,,,0,70,,6191,100,,,0,30,,6193,100,,,0,70,,6186,100,,,0,110,,6197,90,,,0
11101,'Samedi-01',902,,6201,90,,,0,148,,6200,90,,,0,295,,6202,90,,,0,288,,6203,90,,,0,304,,6204,90,,,0
11101,'Semaine-01',633,,6217,90,,,0,96,,6224,90,,,0,130,,6225,90,,,0,95,,6222,90,,,0,191,,6227,90,,,0,265,,6208,100,,,0,120,,6211,100,,,0,110,,6219,100,,,0,110,,6220,100,,,0,95,,6221,100,,,0,75,,6210,100,,,0,305,,6223,90,,,0
