2000,'Dimanche-02',711,,8023,380,,,0,124,,8024,380,,,0,166,,8025,380,,,0,125,,8026,380,,,0,125,,8027,380,,,0,164,,8028,380,,,0,125,,8029,380,,,0,165,,8030,380,,,0
2000,'Fête-1-02',711,,8031,380,,,0,124,,8032,380,,,0,166,,8033,380,,,0,125,,8034,380,,,0,125,,8035,380,,,0,164,,8036,380,,,0,125,,8037,380,,,0,165,,8038,380,,,0
2000,'Fête-2-02',654,,8039,380,,,0,165,,8040,380,,,0,125,,8041,380,,,0,166,,8042,380,,,0,126,,8043,380,,,0,165,,8044,380,,,0,126,,8045,380,,,0,126,,8046,380,,,0,166,,8047,380,,,0
2000,'Samedi-02',711,,8048,380,,,0,124,,8049,380,,,0,166,,8050,380,,,0,125,,8051,380,,,0,125,,8052,380,,,0,164,,8053,380,,,0,125,,8054,380,,,0,165,,8055,380,,,0
2000,'Semaine-02',654,,8056,380,,,0,165,,8057,380,,,0,125,,8058,380,,,0,166,,8059,380,,,0,126,,8060,380,,,0,165,,8061,380,,,0,126,,8062,380,,,0,126,,8063,380,,,0,166,,8064,380,,,0
2000,'Semaine-02-0001100',1944,,8066,380,,,0,164,,8065,380,,,0
2000002000,'Dimanche-02',535,,9195,60,0,11 13,0,170,,9196,60,0,11 13,0,44,,9207,90,,,0,86,,9197,60,0,11 13,0,84,,9208,90,,,0,86,,9198,60,0,11 13,0,45,,9209,90,,,0,86,,9199,60,0,11 13,0,85,,9210,90,,,0,85,,9200,60,0,11 13,0,45,,9211,90,,,0,85,,9201,60,0,11 13,0,85,,9212,90,,,0,85,,9202,60,0,11 13,0,45,,9213,90,,,0,85,,9203,60,0,11 13,0,85,,9214,90,,,0,85,,9204,60,0,11 13,0,44,,9215,90,,,0,86,,9205,60,0,11 13,0,84,,9216,90,,,0,86,,9206,60,0,11 13,0,44,,9217,90,,,0,170,,9218,90,,,0
2000002000,'Fête-1-02',535,,9219,60,0,11 13,0,170,,9220,60,0,11 13,0,44,,9231,90,,,0,86,,9221,60,0,11 13,0,84,,9232,90,,,0,86,,9222,60,0,11 13,0,45,,9233,90,,,0,86,,9223,60,0,11 13,0,85,,9234,90,,,0,85,,9224,60,0,11 13,0,45,,9235,90,,,0,85,,9225,60,0,11 13,0,85,,9236,90,,,0,85,,9226,60,0,11 13,0,45,,9237,90,,,0,85,,9227,60,0,11 13,0,85,,9238,90,,,0,85,,9228,60,0,11 13,0,44,,9239,90,,,0,86,,9229,60,0,11 13,0,84,,9240,90,,,0,86,,9230,60,0,11 13,0,44,,9241,90,,,0,170,,9242,90,,,0
2000002000,'Fête-2-02',440,,9244,60,0,11 13,0,74,,9243,60,0,11 13,0,22,,9245,90,0,11 13,0,72,,9246,60,0,11 13,0,33,,9262,90,,,0,98,,9263,90,,,0,68,,9264,90,,,0,99,,9249,60,0,11 13,0,31,,9265,90,,,0,69,,9250,60,0,11 13,0,34,,9266,90,,,0,66,,9251,60,0,11 13,0,34,,9267,90,,,0,61,,9252,60,0,11 13,0,34,,9268,90,,,0,21,,9253,60,0,11 13,0,83,,9269,90,,,0,67,,9254,60,0,11 13,0,35,,9270,90,,,0,63,,9255,90,0,11 13,0,32,,9271,90,,,0,70,,9256,60,0,11 13,0,29,,9272,90,,,0,105,,9273,90,,,0,100,,9260,90,,,0,74,,9259,90,,,0,93,,9258,90,,,0,93,,9257,90,,,0,50,,9261,60,0,11 13,0,73,,9248,90,,,0,179,,9247,90,,,0
2000002000,'Samedi-02',535,,9274,60,0,11 13,0,170,,9275,60,0,11 13,0,44,,9286,90,,,0,86,,9276,60,0,11 13,0,84,,9287,90,,,0,86,,9277,60,0,11 13,0,45,,9288,90,,,0,86,,9278,60,0,11 13,0,85,,9289,90,,,0,85,,9279,60,0,11 13,0,45,,9290,90,,,0,85,,9280,60,0,11 13,0,85,,9291,90,,,0,85,,9281,60,0,11 13,0,45,,9292,90,,,0,85,,9282,60,0,11 13,0,85,,9293,90,,,0,85,,9283,60,0,11 13,0,44,,9294,90,,,0,86,,9284,60,0,11 13,0,84,,9295,90,,,0,86,,9285,60,0,11 13,0,44,,9296,90,,,0,170,,9297,90,,,0
2000002000,'Semaine-02',440,,9299,60,0,11 13,0,74,,9298,60,0,11 13,0,22,,9300,90,0,11 13,0,72,,9301,60,0,11 13,0,33,,9317,90,,,0,98,,9318,90,,,0,68,,9319,90,,,0,99,,9304,60,0,11 13,0,31,,9320,90,,,0,69,,9305,60,0,11 13,0,34,,9321,90,,,0,66,,9306,60,0,11 13,0,34,,9322,90,,,0,61,,9307,60,0,11 13,0,34,,9323,90,,,0,21,,9308,60,0,11 13,0,83,,9324,90,,,0,67,,9309,60,0,11 13,0,35,,9325,90,,,0,63,,9310,90,0,11 13,0,32,,9326,90,,,0,70,,9311,60,0,11 13,0,29,,9327,90,,,0,105,,9328,90,,,0,100,,9315,90,,,0,74,,9314,90,,,0,93,,9313,90,,,0,93,,9312,90,,,0,50,,9316,60,0,11 13,0,73,,9303,90,,,0,179,,9302,90,,,0
