100,'Dimanche-01',558,,5264,60,,,0,200,,5253,60,,,0,165,,5254,60,,,0,130,,5255,60,,,0,165,,5256,60,,,0,124,,5257,60,,,0,160,,5258,60,,,0,120,,5259,60,,,0,124,,5260,60,,,0,175,,5261,60,,,0,115,,5262,60,,,0,115,,5263,60,,,0
100,'Fête-1-01',558,,5276,60,,,0,200,,5265,60,,,0,165,,5266,60,,,0,130,,5267,60,,,0,165,,5268,60,,,0,124,,5269,60,,,0,160,,5270,60,,,0,120,,5271,60,,,0,124,,5272,60,,,0,175,,5273,60,,,0,115,,5274,60,,,0,115,,5275,60,,,0
100,'Fête-2-01',440,,5277,60,,,0,103,,5278,60,,,0,65,,5279,60,,,0,41,,5280,60,,,0,160,,5281,60,,,0,106,,5284,60,,,0,94,,5293,60,,,0,101,,5285,60,,,0,99,,5294,60,,,0,38,,5286,60,,,0,102,,5287,60,,,0,100,,5291,60,,,0,110,,5288,60,,,0,75,,5289,60,,,0,109,,5282,60,,,0,95,,5283,60,,,0,174,,5292,60,,,0,145,,5290,60,,,0
100,'Samedi-01',558,,5306,60,,,0,200,,5295,60,,,0,165,,5296,60,,,0,130,,5297,60,,,0,165,,5298,60,,,0,124,,5299,60,,,0,160,,5300,60,,,0,120,,5301,60,,,0,124,,5302,60,,,0,175,,5303,60,,,0,115,,5304,60,,,0,115,,5305,60,,,0
100,'Semaine-01',440,,5307,60,,,0,103,,5308,60,,,0,65,,5309,60,,,0,41,,5310,60,,,0,160,,5311,60,,,0,106,,5314,60,,,0,94,,5323,60,,,0,101,,5315,60,,,0,99,,5324,60,,,0,38,,5316,60,,,0,102,,5317,60,,,0,100,,5321,60,,,0,110,,5318,60,,,0,75,,5319,60,,,0,109,,5312,60,,,0,95,,5313,60,,,0,174,,5322,60,,,0,145,,5320,60,,,0
2000,'Dimanche-01',648,,5398,20,,,0,164,,5399,20,,,0,125,,5400,20,,,0,165,,5401,20,,,0,125,,5402,20,,,0,125,,5403,20,,,0,165,,5404,20,,,0,125,,5405,20,,,0
2000,'Fête-1-01',648,,5406,20,,,0,164,,5407,20,,,0,125,,5408,20,,,0,165,,5409,20,,,0,125,,5410,20,,,0,125,,5411,20,,,0,165,,5412,20,,,0,125,,5413,20,,,0
2000,'Fête-2-01',630,,5414,20,,,0,125,,5415,20,,,0,165,,5416,20,,,0,126,,5417,20,,,0,166,,5418,20,,,0,125,,5419,20,,,0,166,,5420,20,,,0,126,,5421,20,,,0,126,,5422,20,,,0
2000,'Samedi-01',648,,5423,20,,,0,164,,5424,20,,,0,125,,5425,20,,,0,165,,5426,20,,,0,125,,5427,20,,,0,125,,5428,20,,,0,165,,5429,20,,,0,125,,5430,20,,,0
2000,'Semaine-01',630,,5431,20,,,0,125,,5432,20,,,0,165,,5433,20,,,0,126,,5434,20,,,0,166,,5435,20,,,0,125,,5436,20,,,0,166,,5437,20,,,0,126,,5438,20,,,0,126,,5439,20,,,0
2000,'Semaine-01-0001100',1921,,5441,20,,,0,124,,5440,20,,,0
2800,'Fête-2-01',603,,5655,20,,,0
2800,'Semaine-01',603,,5665,20,,,0
