101,'Dimanche-02',757,,7950,480,,,0,246,,7951,480,,,0,131,,7952,480,,,0,173,,7953,480,,,0,127,,7954,480,,,0,120,,7955,480,,,0,160,,7956,480,,,0,120,,7957,480,,,0,117,,7958,480,,,0,174,,7959,480,,,0,114,,7960,480,,,0,113,,7961,480,,,0
101,'Fête-1-02',757,,7962,480,,,0,246,,7963,480,,,0,131,,7964,480,,,0,173,,7965,480,,,0,127,,7966,480,,,0,120,,7967,480,,,0,160,,7968,480,,,0,120,,7969,480,,,0,117,,7970,480,,,0,174,,7971,480,,,0,114,,7972,480,,,0,113,,7973,480,,,0
101,'Fête-2-02',657,,7974,480,,,0,101,,7983,480,,,0,70,,7985,480,,,0,90,,7986,480,,,0,110,,7987,480,,,0,105,,7988,480,,,0,95,,7990,480,,,0,105,,7989,480,,,0,106,,7991,480,,,0,81,,7975,480,,,0,104,,7976,480,,,0,96,,7977,480,,,0,106,,7978,480,,,0,74,,7979,480,,,0,103,,7980,480,,,0,43,,7981,480,,,0,173,,7982,480,,,0,134,,7984,480,,,0
101,'Samedi-02',757,,7992,480,,,0,246,,7993,480,,,0,131,,7994,480,,,0,173,,7995,480,,,0,127,,7996,480,,,0,120,,7997,480,,,0,160,,7998,480,,,0,120,,7999,480,,,0,117,,8000,480,,,0,174,,8001,480,,,0,114,,8002,480,,,0,113,,8003,480,,,0
101,'Semaine-02',652,,8022,350,,,0,5,,8004,480,,,0,101,,8013,480,,,0,70,,8015,480,,,0,90,,8016,480,,,0,110,,8017,480,,,0,105,,8018,480,,,0,95,,8020,480,,,0,105,,8019,480,,,0,106,,8021,480,,,0,81,,8005,480,,,0,104,,8006,480,,,0,96,,8007,480,,,0,106,,8008,480,,,0,74,,8009,480,,,0,103,,8010,480,,,0,43,,8011,480,,,0,173,,8012,480,,,0,134,,8014,480,,,0
2000,'Dimanche-02',725,,8023,660,,,0,124,,8024,660,,,0,166,,8025,660,,,0,125,,8026,660,,,0,165,,8027,660,,,0,125,,8028,660,,,0,125,,8029,660,,,0,165,,8030,660,,,0
2000,'Fête-1-02',725,,8031,660,,,0,124,,8032,660,,,0,166,,8033,660,,,0,125,,8034,660,,,0,165,,8035,660,,,0,125,,8036,660,,,0,125,,8037,660,,,0,165,,8038,660,,,0
2000,'Fête-2-02',710,,8039,660,,,0,125,,8040,660,,,0,165,,8041,660,,,0,126,,8042,660,,,0,126,,8043,660,,,0,165,,8044,660,,,0,126,,8045,660,,,0,166,,8046,660,,,0,126,,8047,660,,,0
2000,'Samedi-02',725,,8048,660,,,0,124,,8049,660,,,0,166,,8050,660,,,0,125,,8051,660,,,0,165,,8052,660,,,0,125,,8053,660,,,0,125,,8054,660,,,0,165,,8055,660,,,0
2000,'Semaine-02',710,,8056,660,,,0,125,,8057,660,,,0,165,,8058,660,,,0,126,,8059,660,,,0,126,,8060,660,,,0,165,,8061,660,,,0,126,,8062,660,,,0,166,,8063,660,,,0,126,,8064,660,,,0
2000,'Semaine-02-0001100',1959,,8066,660,,,0,164,,8065,660,,,0
2801,'Fête-2-02',1704,,8308,370,0,23,0,44,,8307,370,,,0,68,,8309,370,0,23,0
2801,'Semaine-02',1704,,8320,370,0,23,0,44,,8319,370,,,0,68,,8321,370,0,23,0
