101,'Dimanche-01',738,,5325,230,,,0,205,,5326,230,,,0,171,,5327,230,,,0,133,,5328,230,,,0,167,,5329,230,,,0,120,,5330,230,,,0,120,,5331,230,,,0,160,,5332,230,,,0,117,,5333,230,,,0,174,,5334,230,,,0,114,,5335,230,,,0,114,,5336,230,,,0
101,'Fête-1-01',738,,5337,230,,,0,205,,5338,230,,,0,171,,5339,230,,,0,133,,5340,230,,,0,167,,5341,230,,,0,120,,5342,230,,,0,120,,5343,230,,,0,160,,5344,230,,,0,117,,5345,230,,,0,174,,5346,230,,,0,114,,5347,230,,,0,114,,5348,230,,,0
101,'Fête-2-01',637,,5349,230,,,0,100,,5358,230,,,0,70,,5360,230,,,0,50,,5361,230,,,0,151,,5362,230,,,0,105,,5363,230,,,0,95,,5365,230,,,0,103,,5364,230,,,0,106,,5366,230,,,0,41,,5350,230,,,0,143,,5351,230,,,0,56,,5352,230,,,0,147,,5353,230,,,0,34,,5354,230,,,0,103,,5355,230,,,0,84,,5356,230,,,0,134,,5357,230,,,0,175,,5359,230,,,0
101,'Samedi-01',738,,5367,230,,,0,205,,5368,230,,,0,171,,5369,230,,,0,133,,5370,230,,,0,167,,5371,230,,,0,120,,5372,230,,,0,120,,5373,230,,,0,160,,5374,230,,,0,117,,5375,230,,,0,174,,5376,230,,,0,114,,5377,230,,,0,114,,5378,230,,,0
101,'Semaine-01',632,,5397,100,,,0,5,,5379,230,,,0,100,,5388,230,,,0,70,,5390,230,,,0,50,,5391,230,,,0,151,,5392,230,,,0,105,,5393,230,,,0,95,,5395,230,,,0,103,,5394,230,,,0,106,,5396,230,,,0,41,,5380,230,,,0,143,,5381,230,,,0,56,,5382,230,,,0,147,,5383,230,,,0,34,,5384,230,,,0,103,,5385,230,,,0,84,,5386,230,,,0,134,,5387,230,,,0,175,,5389,230,,,0
2301,'Fête-2-01',1558,,5555,240,,,0,65,,5556,240,,,0,30,,5557,240,,,0,70,,5558,240,,,0,28,,5559,240,,,0,69,,5560,240,,,0,30,,5561,240,,,0
2301,'Semaine-01',1558,,5562,240,,,0,65,,5563,240,,,0,30,,5564,240,,,0,70,,5565,240,,,0,28,,5566,240,,,0,69,,5567,240,,,0,30,,5568,240,,,0
2401,'Fête-2-01',1645,,5580,140,,,0,85,,5581,140,,,0,85,,5583,140,,,0,85,,5582,140,,,0
2401,'Semaine-01',1645,,5584,140,,,0,85,,5585,140,,,0,85,,5588,140,,,0,21,,5587,140,,,0,64,,5586,140,,,0
2801,'Fête-2-01',1402,,5685,170,0,22,0,149,,5688,170,0,22,0,72,,5692,170,0,22,0,27,,5683,170,0,23,0,55,,5691,170,0,22,0,19,,5686,170,0,22,0,10,,5682,170,,,0,10,,5687,170,0,22,0,58,,5684,170,0,23,0,19,,5689,170,0,22,0,15,,5693,170,0,22,0,15,,5690,170,0,22,0
2801,'Semaine-01',1402,,5697,170,0,22,0,149,,5703,170,0,22,0,57,,5706,170,0,22,0,15,,5710,170,0,22,0,12,,5707,170,0,22,0,15,,5695,170,0,23,0,5,,5708,170,0,22,0,50,,5709,170,0,22,0,10,,5698,170,0,22,0,9,,5699,170,0,22,0,10,,5694,170,,,0,10,,5700,170,0,22,0,8,,5701,170,0,22,0,50,,5696,170,0,23,0,14,,5702,170,0,22,0,10,,5704,170,0,22,0,25,,5705,170,0,22,0
3300,'Dimanche-01',544,,5934,110,,,0,82,,5932,110,,,0,90,,5943,110,,,0,41,,5953,110,,,0,83,,5955,110,,,0,93,,5956,110,,,0,80,,5957,110,,,0,40,,5958,110,,,0,80,,5959,110,,,0,80,,5935,110,,,0,40,,5936,110,,,0,79,,5937,110,,,0,80,,5938,110,,,0,40,,5939,110,,,0,79,,5940,110,,,0,79,,5941,110,,,0,39,,5942,110,,,0,79,,5944,110,,,0,79,,5945,110,,,0,40,,5946,110,,,0,87,,5947,110,,,0,85,,5948,110,,,0,86,,5949,110,,,0,47,,5950,110,,,0,86,,5951,110,,,0,83,,5952,110,,,0,88,,5933,110,,,0,43,,5954,110,,,0,159,,5960,110,0,8 6,0
3300,'Fête-1-01',604,,5963,110,,,0,41,,5961,110,,,0,81,,5972,110,,,0,82,,5982,110,,,0,42,,5984,110,,,0,84,,5985,110,,,0,81,,5986,110,,,0,42,,5987,110,,,0,82,,5988,110,,,0,82,,5964,110,,,0,82,,5965,110,,,0,42,,5966,110,,,0,82,,5967,110,,,0,82,,5968,110,,,0,42,,5969,110,,,0,82,,5970,110,,,0,82,,5971,110,,,0,85,,5973,110,,,0,39,,5974,110,,,0,82,,5975,110,,,0,82,,5976,110,,,0,39,,5977,110,,,0,82,,5978,110,,,0,81,,5979,110,,,0,42,,5980,110,,,0,83,,5981,110,,,0,86,,5983,110,,,0,86,,5962,110,,,0,113,,5989,110,0,8 6,0
3300,'Fête-2-01',611,,5990,110,,,0,40,,6018,110,,,0,81,,5999,110,,,0,80,,6009,110,,,0,40,,6012,110,,,0,79,,6013,110,,,0,80,,6014,110,,,0,42,,6015,110,,,0,81,,6016,110,,,0,83,,5991,110,,,0,83,,5992,110,,,0,43,,5993,110,,,0,82,,5994,110,,,0,82,,5995,110,,,0,46,,5996,110,,,0,85,,5997,110,,,0,85,,5998,110,,,0,84,,6000,110,,,0,44,,6001,110,,,0,83,,6002,110,,,0,82,,6003,110,,,0,40,,6004,110,,,0,80,,6005,110,,,0,80,,6006,110,,,0,40,,6007,110,,,0,80,,6008,110,,,0,80,,6010,110,,,0,40,,6011,110,,,0,96,,6017,60,0,8 6,0
3300,'Samedi-01',604,,6021,110,,,0,41,,6019,110,,,0,81,,6030,110,,,0,82,,6040,110,,,0,42,,6042,110,,,0,84,,6043,110,,,0,81,,6044,110,,,0,42,,6045,110,,,0,82,,6046,110,,,0,82,,6022,110,,,0,82,,6023,110,,,0,42,,6024,110,,,0,82,,6025,110,,,0,82,,6026,110,,,0,42,,6027,110,,,0,82,,6028,110,,,0,82,,6029,110,,,0,85,,6031,110,,,0,39,,6032,110,,,0,82,,6033,110,,,0,82,,6034,110,,,0,39,,6035,110,,,0,82,,6036,110,,,0,81,,6037,110,,,0,42,,6038,110,,,0,83,,6039,110,,,0,86,,6041,110,,,0,86,,6020,110,,,0,113,,6047,110,0,8 6,0
3300,'Semaine-01',611,,6048,110,,,0,40,,6076,110,,,0,81,,6057,110,,,0,80,,6067,110,,,0,40,,6070,110,,,0,79,,6071,110,,,0,80,,6072,110,,,0,42,,6073,110,,,0,81,,6074,110,,,0,83,,6049,110,,,0,83,,6050,110,,,0,43,,6051,110,,,0,82,,6052,110,,,0,82,,6053,110,,,0,46,,6054,110,,,0,85,,6055,110,,,0,85,,6056,110,,,0,84,,6058,110,,,0,44,,6059,110,,,0,83,,6060,110,,,0,82,,6061,110,,,0,40,,6062,110,,,0,80,,6063,110,,,0,80,,6064,110,,,0,40,,6065,110,,,0,80,,6066,110,,,0,80,,6068,110,,,0,40,,6069,110,,,0,96,,6075,60,0,8 6,0
9001,'Semaine-01',1843,,6080,140,,,0
