2000002300,'Dimanche-02',549,,9596,50,,,0,79,,9598,50,,,0,74,,9599,50,,,0,101,,9600,50,,,0,41,,9601,50,,,0,75,,9602,50,,,0,107,,9603,50,,,0,97,,9604,50,,,0,95,,9605,50,,,0,82,,9606,50,,,0,37,,9607,50,,,0,83,,9608,50,,,0,39,,9609,50,,,0,82,,9610,50,,,0,78,,9611,50,,,0,40,,9612,50,,,0,79,,9613,50,,,0,82,,9614,50,,,0,36,,9615,50,,,0,146,,9616,50,,,0,109,,9617,50,,,0,112,,9618,50,,,0,104,,9619,50,,,0,111,,9620,50,,,0,102,,9597,50,,,0
2000002300,'Fête-1-02',551,,9621,50,,,0,83,,9623,50,,,0,81,,9624,50,,,0,35,,9625,50,,,0,87,,9626,50,,,0,84,,9627,50,,,0,81,,9628,50,,,0,53,,9629,50,,,0,90,,9630,50,,,0,85,,9631,50,,,0,79,,9632,50,,,0,41,,9633,50,,,0,83,,9634,50,,,0,85,,9635,50,,,0,39,,9636,50,,,0,85,,9637,50,,,0,83,,9638,50,,,0,80,,9639,50,,,0,40,,9640,50,,,0,85,,9641,50,,,0,87,,9642,50,,,0,104,,9643,50,,,0,80,,9644,50,,,0,32,,9645,50,,,0,104,,9646,50,,,0,111,,9647,50,,,0,96,,9622,50,,,0
2000002300,'Fête-2-02',558,,9648,50,,,0,80,,9649,50,,,0,80,,9673,50,,,0,41,,9674,50,,,0,79,,9650,50,,,0,80,,9672,50,,,0,40,,9670,50,,,0,81,,9669,50,,,0,82,,9671,50,,,0,83,,9668,50,,,0,43,,9665,50,,,0,83,,9667,50,,,0,82,,9666,50,,,0,42,,9664,50,,,0,85,,9663,50,,,0,85,,9662,50,,,0,86,,9661,50,,,0,45,,9660,50,,,0,85,,9659,50,,,0,82,,9658,50,,,0,82,,9657,50,,,0,39,,9656,50,,,0,80,,9655,50,,,0,80,,9654,50,,,0,40,,9653,50,,,0,80,,9652,50,,,0,80,,9651,50,,,0,121,,9675,50,,,0
2000002300,'Samedi-02',551,,9676,50,,,0,83,,9678,50,,,0,81,,9679,50,,,0,35,,9680,50,,,0,87,,9681,50,,,0,84,,9682,50,,,0,81,,9683,50,,,0,53,,9684,50,,,0,90,,9685,50,,,0,85,,9686,50,,,0,79,,9687,50,,,0,41,,9688,50,,,0,83,,9689,50,,,0,85,,9690,50,,,0,39,,9691,50,,,0,85,,9692,50,,,0,83,,9693,50,,,0,80,,9694,50,,,0,40,,9695,50,,,0,85,,9696,50,,,0,87,,9697,50,,,0,104,,9698,50,,,0,80,,9699,50,,,0,32,,9700,50,,,0,104,,9701,50,,,0,111,,9702,50,,,0,96,,9677,50,,,0
2000002300,'Semaine-02',558,,9703,50,,,0,80,,9704,50,,,0,80,,9728,50,,,0,41,,9729,50,,,0,79,,9705,50,,,0,80,,9727,50,,,0,40,,9725,50,,,0,81,,9724,50,,,0,82,,9726,50,,,0,83,,9723,50,,,0,43,,9720,50,,,0,83,,9722,50,,,0,82,,9721,50,,,0,42,,9719,50,,,0,85,,9718,50,,,0,85,,9717,50,,,0,86,,9716,50,,,0,45,,9715,50,,,0,85,,9714,50,,,0,82,,9713,50,,,0,82,,9712,50,,,0,39,,9711,50,,,0,80,,9710,50,,,0,80,,9709,50,,,0,40,,9708,50,,,0,80,,9707,50,,,0,80,,9706,50,,,0,121,,9730,50,,,0
2000002301,'Dimanche-02',612,,9731,50,,,0,34,,9741,50,,,0,80,,9736,50,,,0,101,,9746,50,,,0,76,,9742,50,,,0,40,,9735,50,,,0,107,,9737,50,,,0,97,,9738,50,,,0,95,,9745,50,,,0,75,,9739,50,,,0,84,,9734,50,,,0,38,,9747,50,,,0,84,,9740,50,,,0,77,,9744,50,,,0,43,,9743,50,,,0,79,,9733,50,,,0,80,,9748,50,,,0,37,,9749,50,,,0,81,,9754,50,,,0,106,,9751,50,,,0,109,,9750,50,,,0,112,,9755,50,,,0,104,,9753,50,,,0,151,,9752,50,,,0,102,,9732,50,,,0
2000002301,'Fête-1-02',615,,9756,50,,,0,43,,9766,50,,,0,76,,9761,50,,,0,75,,9772,50,,,0,92,,9767,50,,,0,40,,9760,50,,,0,85,,9769,50,,,0,88,,9762,50,,,0,95,,9763,50,,,0,40,,9771,50,,,0,84,,9764,50,,,0,76,,9759,50,,,0,48,,9773,50,,,0,80,,9765,50,,,0,84,,9770,50,,,0,80,,9768,50,,,0,48,,9758,50,,,0,75,,9774,50,,,0,85,,9775,50,,,0,40,,9780,50,,,0,92,,9777,50,,,0,104,,9776,50,,,0,72,,9781,50,,,0,40,,9782,50,,,0,144,,9779,50,,,0,111,,9778,50,,,0,96,,9757,50,,,0
2000002301,'Fête-2-02',622,,9811,50,,,0,80,,9808,50,,,0,40,,9809,50,,,0,80,,9810,50,,,0,80,,9806,50,,,0,40,,9807,50,,,0,80,,9804,50,,,0,81,,9803,50,,,0,42,,9805,50,,,0,83,,9801,50,,,0,83,,9798,50,,,0,43,,9802,50,,,0,82,,9800,50,,,0,82,,9799,50,,,0,85,,9797,50,,,0,45,,9796,50,,,0,86,,9795,50,,,0,85,,9794,50,,,0,85,,9793,50,,,0,42,,9792,50,,,0,82,,9791,50,,,0,79,,9790,50,,,0,40,,9789,50,,,0,80,,9788,50,,,0,80,,9787,50,,,0,40,,9786,50,,,0,80,,9785,50,,,0,74,,9784,50,,,0,58,,9783,50,,,0
2000002301,'Samedi-02',615,,9812,50,,,0,43,,9822,50,,,0,76,,9817,50,,,0,75,,9828,50,,,0,92,,9823,50,,,0,40,,9816,50,,,0,85,,9825,50,,,0,88,,9818,50,,,0,95,,9819,50,,,0,40,,9827,50,,,0,84,,9820,50,,,0,76,,9815,50,,,0,48,,9829,50,,,0,80,,9821,50,,,0,84,,9826,50,,,0,80,,9824,50,,,0,48,,9814,50,,,0,75,,9830,50,,,0,85,,9831,50,,,0,40,,9836,50,,,0,92,,9833,50,,,0,104,,9832,50,,,0,72,,9837,50,,,0,40,,9838,50,,,0,144,,9835,50,,,0,111,,9834,50,,,0,96,,9813,50,,,0
2000002301,'Semaine-02',622,,9867,50,,,0,80,,9864,50,,,0,40,,9865,50,,,0,80,,9866,50,,,0,80,,9862,50,,,0,40,,9863,50,,,0,80,,9860,50,,,0,81,,9859,50,,,0,42,,9861,50,,,0,83,,9857,50,,,0,83,,9854,50,,,0,43,,9858,50,,,0,82,,9856,50,,,0,82,,9855,50,,,0,85,,9853,50,,,0,45,,9852,50,,,0,86,,9851,50,,,0,85,,9850,50,,,0,85,,9849,50,,,0,42,,9848,50,,,0,82,,9847,50,,,0,79,,9846,50,,,0,40,,9845,50,,,0,80,,9844,50,,,0,80,,9843,50,,,0,40,,9842,50,,,0,80,,9841,50,,,0,74,,9840,50,,,0,58,,9839,50,,,0
