2400,'Fête-2-01',623,,5569,80,,,0,79,,5570,80,,,0,40,,5572,80,,,0,80,,5573,80,,,0,80,,5571,80,,,0
2400,'Semaine-01',601,,5574,80,,,0,22,,5575,80,,,0,33,,5576,80,,,0,92,,5578,80,,,0,74,,5579,80,,,0,80,,5577,80,,,0
2501,'Fête-2-01',1618,,5601,420,,,0,40,,5602,420,,,0,73,,5603,420,,,0,79,,5604,420,,,0,40,,5605,420,,,0,68,,5606,420,,,0
2501,'Semaine-01',1618,,5607,420,,,0,40,,5608,420,,,0,73,,5609,420,,,0,79,,5610,420,,,0,40,,5611,420,,,0,68,,5612,420,,,0
2600,'Fête-2-01',452,,5613,130,,,0
2600,'Semaine-01',452,,5615,130,,,0
2000002500,'Dimanche-01',542,,7243,260,,,0,87,,7245,310,,,0,78,,7246,310,,,0,35,,7247,310,,,0,68,,7248,310,,,0,34,,7249,310,,,0,78,,7250,310,,,0,37,,7251,310,,,0,76,,7252,310,,,0,72,,7253,310,,,0,45,,7254,310,,,0,85,,7255,310,,,0,95,,7256,310,,,0,23,,7257,310,,,0,62,,7258,310,,,0,85,,7259,310,,,0,40,,7260,310,,,0,80,,7261,310,,,0,80,,7262,310,,,0,35,,7263,310,,,0,81,,7264,310,,,0,39,,7265,310,,,0,80,,7266,310,,,0,70,,7267,310,,,0,35,,7268,310,,,0,75,,7269,310,,,0,35,,7270,310,,,0,75,,7271,310,,,0,75,,7272,310,,,0,30,,7273,310,,,0,75,,7274,310,,,0,35,,7275,310,,,0,76,,7276,310,,,0
2000002500,'Fête-1-01',529,,7309,260,,,0,26,,7278,310,,,0,76,,7294,310,,,0,83,,7279,310,,,0,27,,7295,310,,,0,77,,7280,310,,,0,40,,7296,310,,,0,80,,7281,310,,,0,70,,7297,310,,,0,40,,7282,310,,,0,80,,7298,310,,,0,77,,7283,310,,,0,30,,7277,310,,,0,73,,7284,310,,,0,41,,7299,310,,,0,78,,7285,310,,,0,86,,7300,310,,,0,45,,7286,310,,,0,79,,7301,310,,,0,71,,7287,310,,,0,34,,7302,310,,,0,84,,7288,310,,,0,80,,7303,310,,,0,44,,7289,310,,,0,80,,7304,310,,,0,90,,7290,310,,,0,81,,7305,310,,,0,36,,7291,310,,,0,76,,7306,310,,,0,32,,7292,310,,,0,72,,7307,310,,,0,111,,7293,310,,,0
2000002500,'Fête-2-01',602,,7311,260,,,0,36,,7312,310,,,0,80,,7313,310,,,0,40,,7310,310,,,0,80,,7314,310,,,0,80,,7315,310,,,0,40,,7316,310,,,0,80,,7317,310,,,0,81,,7318,310,,,0,82,,7319,310,,,0,43,,7320,310,,,0,83,,7321,310,,,0,83,,7322,310,,,0,42,,7323,310,,,0,82,,7324,310,,,0,85,,7325,310,,,0,85,,7326,310,,,0,46,,7327,310,,,0,85,,7328,310,,,0,85,,7329,310,,,0,82,,7330,310,,,0,42,,7331,310,,,0,79,,7332,310,,,0,80,,7333,310,,,0,40,,7334,310,,,0,80,,7335,310,,,0,80,,7336,310,,,0,40,,7337,310,,,0,60,,7338,310,,,0,30,,7339,310,,,0
2000002500,'Samedi-01',529,,7373,260,,,0,26,,7342,310,,,0,76,,7358,310,,,0,83,,7343,310,,,0,27,,7359,310,,,0,77,,7344,310,,,0,40,,7360,310,,,0,80,,7345,310,,,0,70,,7361,310,,,0,40,,7346,310,,,0,80,,7362,310,,,0,77,,7347,310,,,0,30,,7341,310,,,0,73,,7348,310,,,0,41,,7363,310,,,0,78,,7349,310,,,0,86,,7364,310,,,0,45,,7350,310,,,0,79,,7365,310,,,0,71,,7351,310,,,0,34,,7366,310,,,0,84,,7352,310,,,0,80,,7367,310,,,0,44,,7353,310,,,0,80,,7368,310,,,0,90,,7354,310,,,0,81,,7369,310,,,0,36,,7355,310,,,0,76,,7370,310,,,0,32,,7356,310,,,0,72,,7371,310,,,0,111,,7357,310,,,0
2000002500,'Semaine-01',602,,7375,260,,,0,36,,7376,310,,,0,80,,7377,310,,,0,40,,7374,310,,,0,80,,7378,310,,,0,80,,7379,310,,,0,40,,7380,310,,,0,80,,7381,310,,,0,81,,7382,310,,,0,82,,7383,310,,,0,43,,7384,310,,,0,83,,7385,310,,,0,83,,7386,310,,,0,42,,7387,310,,,0,82,,7388,310,,,0,85,,7389,310,,,0,85,,7390,310,,,0,46,,7391,310,,,0,85,,7392,310,,,0,85,,7393,310,,,0,82,,7394,310,,,0,42,,7395,310,,,0,79,,7396,310,,,0,80,,7397,310,,,0,40,,7398,310,,,0,80,,7399,310,,,0,80,,7400,310,,,0,40,,7401,310,,,0,60,,7402,310,,,0,30,,7403,310,,,0
