101,'Dimanche-02',750,,7950,380,,,0,206,,7951,380,,,0,171,,7952,380,,,0,173,,7953,380,,,0,127,,7954,380,,,0,120,,7955,380,,,0,160,,7956,380,,,0,120,,7957,380,,,0,117,,7958,380,,,0,174,,7959,380,,,0,114,,7960,380,,,0,113,,7961,380,,,0
101,'Fête-1-02',750,,7962,380,,,0,206,,7963,380,,,0,171,,7964,380,,,0,173,,7965,380,,,0,127,,7966,380,,,0,120,,7967,380,,,0,160,,7968,380,,,0,120,,7969,380,,,0,117,,7970,380,,,0,174,,7971,380,,,0,114,,7972,380,,,0,113,,7973,380,,,0
101,'Fête-2-02',649,,7974,380,,,0,101,,7983,380,,,0,70,,7985,380,,,0,90,,7986,380,,,0,111,,7987,380,,,0,105,,7988,380,,,0,95,,7990,380,,,0,104,,7989,380,,,0,106,,7991,380,,,0,81,,7975,380,,,0,104,,7976,380,,,0,96,,7977,380,,,0,106,,7978,380,,,0,34,,7979,380,,,0,103,,7980,380,,,0,83,,7981,380,,,0,173,,7982,380,,,0,135,,7984,380,,,0
101,'Samedi-02',750,,7992,380,,,0,206,,7993,380,,,0,171,,7994,380,,,0,173,,7995,380,,,0,127,,7996,380,,,0,120,,7997,380,,,0,160,,7998,380,,,0,120,,7999,380,,,0,117,,8000,380,,,0,174,,8001,380,,,0,114,,8002,380,,,0,113,,8003,380,,,0
101,'Semaine-02',644,,8022,250,,,0,5,,8004,380,,,0,101,,8013,380,,,0,70,,8015,380,,,0,90,,8016,380,,,0,111,,8017,380,,,0,105,,8018,380,,,0,95,,8020,380,,,0,104,,8019,380,,,0,106,,8021,380,,,0,81,,8005,380,,,0,104,,8006,380,,,0,96,,8007,380,,,0,106,,8008,380,,,0,34,,8009,380,,,0,103,,8010,380,,,0,83,,8011,380,,,0,173,,8012,380,,,0,135,,8014,380,,,0
2801,'Fête-2-02',1657,,8308,270,0,23,0,84,,8307,270,,,0,68,,8309,270,0,23,0
2801,'Semaine-02',1657,,8320,270,0,23,0,84,,8319,270,,,0,68,,8321,270,0,23,0
2000000100,'Dimanche-02',553,,8907,20,4,,0,170,,8908,20,4,,0,130,,8909,20,4,,0,170,,8910,20,4,,0,130,,8911,20,4,,0,170,,8912,20,4,,0,130,,8913,20,4,,0,170,,8914,20,4,,0,130,,8915,20,4,,0,170,,8916,20,4,,0,130,,8917,20,4,,0,170,,8918,20,4,,0
2000000100,'Fête-1-02',553,,8931,20,4,,0,170,,8932,20,4,,0,130,,8933,20,4,,0,170,,8934,20,4,,0,130,,8935,20,4,,0,170,,8936,20,4,,0,130,,8937,20,4,,0,170,,8938,20,4,,0,130,,8939,20,4,,0,170,,8940,20,4,,0,130,,8941,20,4,,0,170,,8942,20,4,,0
2000000100,'Fête-2-02',459,,8955,20,4,,0,100,,8956,20,4,,0,70,,8957,20,4,,0,100,,8958,20,4,,0,100,,8959,20,4,,0,101,,8960,20,4,,0,90,,8961,20,4,,0,105,,8962,20,4,,0,100,,8963,20,4,,0,100,,8964,20,4,,0,100,,8965,20,4,,0,100,,8966,20,4,,0,100,,8967,20,4,,0,34,,8968,20,4,,0,100,,8969,20,4,,0,90,,8970,20,4,,0,171,,8971,20,4,,0,184,,8972,20,4,,0
2000000100,'Samedi-02',553,,8991,20,4,,0,170,,8992,20,4,,0,130,,8993,20,4,,0,170,,8994,20,4,,0,130,,8995,20,4,,0,170,,8996,20,4,,0,130,,8997,20,4,,0,170,,8998,20,4,,0,130,,8999,20,4,,0,170,,9000,20,4,,0,130,,9001,20,4,,0,170,,9002,20,4,,0
2000000100,'Semaine-02',459,,9015,20,4,,0,100,,9016,20,4,,0,70,,9017,20,4,,0,100,,9018,20,4,,0,100,,9019,20,4,,0,101,,9020,20,4,,0,90,,9021,20,4,,0,105,,9022,20,4,,0,100,,9023,20,4,,0,100,,9024,20,4,,0,100,,9025,20,4,,0,100,,9026,20,4,,0,100,,9027,20,4,,0,34,,9028,20,4,,0,100,,9029,20,4,,0,90,,9030,20,4,,0,171,,9031,20,4,,0,184,,9032,20,4,,0
