101,'Dimanche-02',802,,7950,620,,,0,206,,7951,620,,,0,131,,7952,620,,,0,173,,7953,620,,,0,127,,7954,620,,,0,120,,7955,620,,,0,160,,7956,620,,,0,120,,7957,620,,,0,117,,7958,620,,,0,174,,7959,620,,,0,114,,7960,620,,,0,113,,7961,620,,,0
101,'Fête-1-02',802,,7962,620,,,0,206,,7963,620,,,0,131,,7964,620,,,0,173,,7965,620,,,0,127,,7966,620,,,0,120,,7967,620,,,0,160,,7968,620,,,0,120,,7969,620,,,0,117,,7970,620,,,0,174,,7971,620,,,0,114,,7972,620,,,0,113,,7973,620,,,0
101,'Fête-2-02',702,,7974,620,,,0,101,,7983,620,,,0,30,,7985,620,,,0,90,,7986,620,,,0,110,,7987,620,,,0,105,,7988,620,,,0,95,,7990,620,,,0,105,,7989,620,,,0,106,,7991,620,,,0,81,,7975,620,,,0,105,,7976,620,,,0,96,,7977,620,,,0,105,,7978,620,,,0,74,,7979,620,,,0,103,,7980,620,,,0,43,,7981,620,,,0,173,,7982,620,,,0,134,,7984,620,,,0
101,'Samedi-02',802,,7992,620,,,0,206,,7993,620,,,0,131,,7994,620,,,0,173,,7995,620,,,0,127,,7996,620,,,0,120,,7997,620,,,0,160,,7998,620,,,0,120,,7999,620,,,0,117,,8000,620,,,0,174,,8001,620,,,0,114,,8002,620,,,0,113,,8003,620,,,0
101,'Semaine-02',657,,8022,490,,,0,45,,8004,620,,,0,101,,8013,620,,,0,30,,8015,620,,,0,90,,8016,620,,,0,110,,8017,620,,,0,105,,8018,620,,,0,95,,8020,620,,,0,105,,8019,620,,,0,106,,8021,620,,,0,81,,8005,620,,,0,105,,8006,620,,,0,96,,8007,620,,,0,105,,8008,620,,,0,74,,8009,620,,,0,103,,8010,620,,,0,43,,8011,620,,,0,173,,8012,620,,,0,134,,8014,620,,,0
2001,'Dimanche-02',745,,8067,360,,,0,164,,8068,360,,,0,126,,8069,360,,,0,165,,8070,360,,,0,125,,8071,360,,,0,126,,8072,360,,,0,165,,8073,360,,,0,125,,8074,360,,,0
2001,'Fête-1-02',745,,8075,360,,,0,164,,8076,360,,,0,126,,8077,360,,,0,165,,8078,360,,,0,125,,8079,360,,,0,126,,8080,360,,,0,165,,8081,360,,,0,125,,8082,360,,,0
2001,'Fête-2-02',731,,8083,360,,,0,126,,8084,360,,,0,164,,8085,360,,,0,126,,8086,360,,,0,166,,8087,360,,,0,125,,8088,360,,,0,166,,8089,360,,,0,126,,8090,360,,,0,125,,8091,360,,,0
2001,'Samedi-02',745,,8092,360,,,0,164,,8093,360,,,0,126,,8094,360,,,0,165,,8095,360,,,0,125,,8096,360,,,0,126,,8097,360,,,0,165,,8098,360,,,0,125,,8099,360,,,0
2001,'Semaine-02',731,,8100,360,,,0,126,,8101,360,,,0,164,,8102,360,,,0,126,,8103,360,,,0,166,,8104,360,,,0,125,,8105,360,,,0,166,,8106,360,,,0,126,,8107,360,,,0,125,,8108,360,,,0
2001,'Semaine-02-0001100',2018,,8110,360,,,0,124,,8109,360,,,0
