2401,'Fête-2-02',1638,,8205,40,,,0,85,,8206,40,,,0,85,,8208,40,,,0,45,,8207,40,,,0
2401,'Semaine-02',1638,,8209,40,,,0,85,,8210,40,,,0,85,,8213,40,,,0,21,,8212,40,,,0,24,,8211,40,,,0
2501,'Fête-2-02',1555,,8226,150,,,0,80,,8227,150,,,0,74,,8228,150,,,0,39,,8229,150,,,0,80,,8230,150,,,0,28,,8231,150,,,0
2501,'Semaine-02',1555,,8232,150,,,0,80,,8233,150,,,0,74,,8234,150,,,0,39,,8235,150,,,0,80,,8236,150,,,0,28,,8237,150,,,0
2701,'Fête-2-02',608,,8262,40,,,0,40,,8263,40,,,0,81,,8264,40,,,0,80,,8265,40,,,0,744,,8269,40,,,0,81,,8266,40,,,0,84,,8270,40,,,0,86,,8267,40,,,0,45,,8268,40,,,0
2701,'Semaine-02',608,,8271,40,,,0,40,,8272,40,,,0,81,,8273,40,,,0,80,,8274,40,,,0,744,,8278,40,,,0,81,,8275,40,,,0,84,,8279,40,,,0,86,,8276,40,,,0,45,,8277,40,,,0
3200,'Dimanche-02',556,,8455,150,,,0,254,,8460,150,,,0,223,,8463,150,,,0,192,,8464,150,,,0,119,,8456,150,,,0,162,,8466,150,,,0,120,,8457,150,,,0,119,,8459,150,,,0,158,,8458,150,,,0,215,,8461,150,,,0,216,,8462,150,,,0,213,,8465,150,0,6,0
3200,'Fête-1-02',527,,8467,30,,,0,181,,8473,150,,,0,37,,8468,150,,,0,160,,8476,150,,,0,123,,8477,150,,,0,124,,8478,150,,,0,164,,8469,150,,,0,124,,8480,150,,,0,164,,8470,150,,,0,128,,8471,150,,,0,120,,8472,150,,,0,276,,8474,150,,,0,216,,8475,150,,,0,208,,8479,150,0,6,0
3200,'Fête-2-02',624,,8506,150,,,0,80,,8481,150,,,0,39,,8509,150,,,0,79,,8492,150,,,0,80,,8500,150,,,0,42,,8501,150,,,0,81,,8502,150,,,0,81,,8503,150,,,0,43,,8504,150,,,0,83,,8505,150,,,0,83,,8482,150,,,0,42,,8483,150,,,0,82,,8484,150,,,0,85,,8508,150,,,0,85,,8486,150,,,0,44,,8487,150,,,0,86,,8488,150,,,0,85,,8489,150,,,0,82,,8490,150,,,0,43,,8491,150,,,0,81,,8493,150,,,0,80,,8494,150,,,0,40,,8495,150,,,0,80,,8496,150,,,0,80,,8497,150,,,0,41,,8498,150,,,0,80,,8499,150,,,0,112,,8507,150,0,6,0
3200,'Samedi-02',527,,8512,30,,,0,181,,8518,150,,,0,37,,8513,150,,,0,160,,8521,150,,,0,123,,8522,150,,,0,124,,8523,150,,,0,164,,8514,150,,,0,124,,8525,150,,,0,164,,8515,150,,,0,128,,8516,150,,,0,120,,8517,150,,,0,276,,8519,150,,,0,216,,8520,150,,,0,208,,8524,150,0,6,0
3200,'Semaine-02',624,,8551,150,,,0,80,,8526,150,,,0,39,,8554,150,,,0,79,,8537,150,,,0,80,,8545,150,,,0,42,,8546,150,,,0,81,,8547,150,,,0,81,,8548,150,,,0,43,,8549,150,,,0,83,,8550,150,,,0,83,,8527,150,,,0,42,,8528,150,,,0,82,,8529,150,,,0,85,,8553,150,,,0,85,,8531,150,,,0,44,,8532,150,,,0,86,,8533,150,,,0,85,,8534,150,,,0,82,,8535,150,,,0,43,,8536,150,,,0,81,,8538,150,,,0,80,,8539,150,,,0,40,,8540,150,,,0,80,,8541,150,,,0,80,,8542,150,,,0,41,,8543,150,,,0,80,,8544,150,,,0,112,,8552,150,0,6,0
