100,'Dimanche-02',609,,7889,270,,,0,200,,7878,270,,,0,125,,7879,270,,,0,170,,7880,270,,,0,125,,7881,270,,,0,124,,7882,270,,,0,160,,7883,270,,,0,120,,7884,270,,,0,124,,7885,270,,,0,175,,7886,270,,,0,115,,7887,270,,,0,155,,7888,270,,,0
100,'Fête-1-02',609,,7901,270,,,0,200,,7890,270,,,0,125,,7891,270,,,0,170,,7892,270,,,0,125,,7893,270,,,0,124,,7894,270,,,0,160,,7895,270,,,0,120,,7896,270,,,0,124,,7897,270,,,0,175,,7898,270,,,0,115,,7899,270,,,0,155,,7900,270,,,0
100,'Fête-2-02',453,,7902,270,,,0,103,,7903,270,,,0,66,,7904,270,,,0,81,,7905,270,,,0,119,,7906,270,,,0,104,,7909,270,,,0,94,,7918,270,,,0,101,,7910,270,,,0,100,,7919,270,,,0,38,,7911,270,,,0,142,,7912,270,,,0,100,,7916,270,,,0,110,,7913,270,,,0,35,,7914,270,,,0,108,,7907,270,,,0,95,,7908,270,,,0,173,,7917,270,,,0,185,,7915,270,,,0
100,'Samedi-02',609,,7931,270,,,0,200,,7920,270,,,0,125,,7921,270,,,0,170,,7922,270,,,0,125,,7923,270,,,0,124,,7924,270,,,0,160,,7925,270,,,0,120,,7926,270,,,0,124,,7927,270,,,0,175,,7928,270,,,0,115,,7929,270,,,0,155,,7930,270,,,0
100,'Semaine-02',453,,7932,270,,,0,103,,7933,270,,,0,66,,7934,270,,,0,81,,7935,270,,,0,119,,7936,270,,,0,104,,7939,270,,,0,94,,7948,270,,,0,101,,7940,270,,,0,100,,7949,270,,,0,38,,7941,270,,,0,142,,7942,270,,,0,100,,7946,270,,,0,110,,7943,270,,,0,35,,7944,270,,,0,108,,7937,270,,,0,95,,7938,270,,,0,173,,7947,270,,,0,185,,7945,270,,,0
2000,'Dimanche-02',720,,8023,550,,,0,124,,8024,550,,,0,166,,8025,550,,,0,125,,8026,550,,,0,165,,8027,550,,,0,124,,8028,550,,,0,125,,8029,550,,,0,165,,8030,550,,,0
2000,'Fête-1-02',720,,8031,550,,,0,124,,8032,550,,,0,166,,8033,550,,,0,125,,8034,550,,,0,165,,8035,550,,,0,124,,8036,550,,,0,125,,8037,550,,,0,165,,8038,550,,,0
2000,'Fête-2-02',703,,8039,550,,,0,125,,8040,550,,,0,125,,8041,550,,,0,166,,8042,550,,,0,126,,8043,550,,,0,165,,8044,550,,,0,126,,8045,550,,,0,166,,8046,550,,,0,126,,8047,550,,,0
2000,'Samedi-02',720,,8048,550,,,0,124,,8049,550,,,0,166,,8050,550,,,0,125,,8051,550,,,0,165,,8052,550,,,0,124,,8053,550,,,0,125,,8054,550,,,0,165,,8055,550,,,0
2000,'Semaine-02',703,,8056,550,,,0,125,,8057,550,,,0,125,,8058,550,,,0,166,,8059,550,,,0,126,,8060,550,,,0,165,,8061,550,,,0,126,,8062,550,,,0,166,,8063,550,,,0,126,,8064,550,,,0
2000,'Semaine-02-0001100',1953,,8066,550,,,0,164,,8065,550,,,0
2800,'Fête-2-02',529,,8281,100,,,0,85,,8280,140,,,0,20,,8282,100,,,0
2800,'Semaine-02',529,,8291,100,,,0,85,,8290,140,,,0,16,,8292,100,,,0
