2500,'Fête-2-02',619,,8214,140,,,0,90,,8215,140,,,0,95,,8216,140,,,0
2500,'Semaine-02',619,,8220,140,,,0,90,,8221,140,,,0,95,,8222,140,,,0
2501,'Fête-2-02',1610,,8226,300,,,0,40,,8227,300,,,0,74,,8228,300,,,0,79,,8229,300,,,0,40,,8230,300,,,0,68,,8231,300,,,0
2501,'Semaine-02',1610,,8232,300,,,0,40,,8233,300,,,0,74,,8234,300,,,0,79,,8235,300,,,0,40,,8236,300,,,0,68,,8237,300,,,0
2600,'Fête-2-02',445,,8238,10,,,0
2600,'Semaine-02',445,,8240,10,,,0
2000002500,'Dimanche-02',536,,9868,130,,,0,87,,9870,180,,,0,78,,9871,180,,,0,35,,9872,180,,,0,68,,9873,180,,,0,34,,9874,180,,,0,78,,9875,180,,,0,37,,9876,180,,,0,76,,9877,180,,,0,72,,9878,180,,,0,45,,9879,180,,,0,85,,9880,180,,,0,95,,9881,180,,,0,23,,9882,180,,,0,62,,9883,180,,,0,45,,9884,180,,,0,80,,9885,180,,,0,80,,9886,180,,,0,40,,9887,180,,,0,75,,9888,180,,,0,81,,9889,180,,,0,39,,9890,180,,,0,80,,9891,180,,,0,70,,9892,180,,,0,35,,9893,180,,,0,75,,9894,180,,,0,35,,9895,180,,,0,75,,9896,180,,,0,35,,9897,180,,,0,70,,9898,180,,,0,75,,9899,180,,,0,35,,9900,180,,,0,76,,9901,180,,,0,102,,9869,180,,,0
2000002500,'Fête-1-02',523,,9934,130,,,0,26,,9903,180,,,0,76,,9919,180,,,0,83,,9904,180,,,0,27,,9920,180,,,0,77,,9905,180,,,0,40,,9921,180,,,0,80,,9906,180,,,0,70,,9922,180,,,0,40,,9907,180,,,0,80,,9923,180,,,0,37,,9908,180,,,0,70,,9902,180,,,0,73,,9909,180,,,0,41,,9924,180,,,0,78,,9910,180,,,0,86,,9925,180,,,0,45,,9911,180,,,0,79,,9926,180,,,0,71,,9912,180,,,0,34,,9927,180,,,0,84,,9913,180,,,0,80,,9928,180,,,0,44,,9914,180,,,0,80,,9929,180,,,0,90,,9915,180,,,0,41,,9930,180,,,0,76,,9916,180,,,0,76,,9931,180,,,0,32,,9917,180,,,0,72,,9932,180,,,0,111,,9918,180,,,0,96,,9933,180,,,0
2000002500,'Fête-2-02',556,,9936,130,,,0,76,,9937,180,,,0,80,,9938,180,,,0,40,,9935,180,,,0,80,,9939,180,,,0,80,,9940,180,,,0,40,,9941,180,,,0,80,,9942,180,,,0,81,,9943,180,,,0,42,,9944,180,,,0,83,,9945,180,,,0,83,,9946,180,,,0,83,,9947,180,,,0,42,,9948,180,,,0,82,,9949,180,,,0,85,,9950,180,,,0,45,,9951,180,,,0,86,,9952,180,,,0,85,,9953,180,,,0,85,,9954,180,,,0,42,,9955,180,,,0,82,,9956,180,,,0,79,,9957,180,,,0,40,,9958,180,,,0,80,,9959,180,,,0,80,,9960,180,,,0,40,,9961,180,,,0,80,,9962,180,,,0,20,,9963,180,,,0,70,,9964,180,,,0,82,,9965,180,,,0
2000002500,'Samedi-02',523,,9998,130,,,0,26,,9967,180,,,0,76,,9983,180,,,0,83,,9968,180,,,0,27,,9984,180,,,0,77,,9969,180,,,0,40,,9985,180,,,0,80,,9970,180,,,0,70,,9986,180,,,0,40,,9971,180,,,0,80,,9987,180,,,0,37,,9972,180,,,0,70,,9966,180,,,0,73,,9973,180,,,0,41,,9988,180,,,0,78,,9974,180,,,0,86,,9989,180,,,0,45,,9975,180,,,0,79,,9990,180,,,0,71,,9976,180,,,0,34,,9991,180,,,0,84,,9977,180,,,0,80,,9992,180,,,0,44,,9978,180,,,0,80,,9993,180,,,0,90,,9979,180,,,0,41,,9994,180,,,0,76,,9980,180,,,0,76,,9995,180,,,0,32,,9981,180,,,0,72,,9996,180,,,0,111,,9982,180,,,0,96,,9997,180,,,0
2000002500,'Semaine-02',556,,10000,130,,,0,76,,10001,180,,,0,80,,10002,180,,,0,40,,9999,180,,,0,80,,10003,180,,,0,80,,10004,180,,,0,40,,10005,180,,,0,80,,10006,180,,,0,81,,10007,180,,,0,42,,10008,180,,,0,83,,10009,180,,,0,83,,10010,180,,,0,83,,10011,180,,,0,42,,10012,180,,,0,82,,10013,180,,,0,85,,10014,180,,,0,45,,10015,180,,,0,86,,10016,180,,,0,85,,10017,180,,,0,85,,10018,180,,,0,42,,10019,180,,,0,82,,10020,180,,,0,79,,10021,180,,,0,40,,10022,180,,,0,80,,10023,180,,,0,80,,10024,180,,,0,40,,10025,180,,,0,80,,10026,180,,,0,20,,10027,180,,,0,70,,10028,180,,,0,82,,10029,180,,,0
