2000,'Dimanche-01',714,,5398,420,,,0,124,,5399,420,,,0,166,,5400,420,,,0,125,,5401,420,,,0,125,,5402,420,,,0,164,,5403,420,,,0,125,,5404,420,,,0,165,,5405,420,,,0
2000,'Fête-1-01',714,,5406,420,,,0,124,,5407,420,,,0,166,,5408,420,,,0,125,,5409,420,,,0,125,,5410,420,,,0,164,,5411,420,,,0,125,,5412,420,,,0,165,,5413,420,,,0
2000,'Fête-2-01',657,,5414,410,,,0,165,,5415,410,,,0,125,,5416,410,,,0,166,,5417,410,,,0,126,,5418,410,,,0,165,,5419,410,,,0,126,,5420,410,,,0,126,,5421,410,,,0,166,,5422,410,,,0
2000,'Samedi-01',714,,5423,420,,,0,124,,5424,420,,,0,166,,5425,420,,,0,125,,5426,420,,,0,125,,5427,420,,,0,164,,5428,420,,,0,125,,5429,420,,,0,165,,5430,420,,,0
2000,'Semaine-01',657,,5431,410,,,0,165,,5432,410,,,0,125,,5433,410,,,0,166,,5434,410,,,0,126,,5435,410,,,0,165,,5436,410,,,0,126,,5437,410,,,0,126,,5438,410,,,0,166,,5439,410,,,0
2000,'Semaine-01-0001100',1947,,5441,410,,,0,164,,5440,410,,,0
2000002000,'Dimanche-01',541,,6570,110,0,11 13,0,170,,6571,110,0,11 13,0,44,,6582,140,,,0,86,,6572,110,0,11 13,0,84,,6583,140,,,0,86,,6573,110,0,11 13,0,45,,6584,140,,,0,86,,6574,110,0,11 13,0,85,,6585,140,,,0,85,,6575,110,0,11 13,0,45,,6586,140,,,0,85,,6576,110,0,11 13,0,85,,6587,140,,,0,85,,6577,110,0,11 13,0,45,,6588,140,,,0,85,,6578,110,0,11 13,0,85,,6589,140,,,0,85,,6579,110,0,11 13,0,44,,6590,140,,,0,86,,6580,110,0,11 13,0,84,,6591,140,,,0,86,,6581,110,0,11 13,0,44,,6592,140,,,0,170,,6593,140,,,0
2000002000,'Fête-1-01',541,,6594,110,0,11 13,0,170,,6595,110,0,11 13,0,44,,6606,140,,,0,86,,6596,110,0,11 13,0,84,,6607,140,,,0,86,,6597,110,0,11 13,0,45,,6608,140,,,0,86,,6598,110,0,11 13,0,85,,6609,140,,,0,85,,6599,110,0,11 13,0,45,,6610,140,,,0,85,,6600,110,0,11 13,0,85,,6611,140,,,0,85,,6601,110,0,11 13,0,45,,6612,140,,,0,85,,6602,110,0,11 13,0,85,,6613,140,,,0,85,,6603,110,0,11 13,0,44,,6614,140,,,0,86,,6604,110,0,11 13,0,84,,6615,140,,,0,86,,6605,110,0,11 13,0,44,,6616,140,,,0,170,,6617,140,,,0
2000002000,'Fête-2-01',446,,6619,110,0,11 13,0,74,,6618,110,0,11 13,0,30,,6620,160,0,11 13,0,64,,6621,110,0,11 13,0,41,,6637,160,,,0,98,,6638,160,,,0,60,,6639,140,,,0,99,,6624,110,0,11 13,0,31,,6640,140,,,0,69,,6625,110,0,11 13,0,34,,6641,140,,,0,66,,6626,110,0,11 13,0,34,,6642,140,,,0,61,,6627,110,0,11 13,0,34,,6643,140,,,0,61,,6628,110,0,11 13,0,43,,6644,140,,,0,67,,6629,110,0,11 13,0,43,,6645,160,,,0,63,,6630,160,0,11 13,0,24,,6646,140,,,0,70,,6631,110,0,11 13,0,37,,6647,160,,,0,97,,6648,140,,,0,100,,6635,140,,,0,74,,6634,140,,,0,93,,6633,140,,,0,93,,6632,140,,,0,50,,6636,110,0,11 13,0,73,,6623,140,,,0,179,,6622,140,,,0
2000002000,'Samedi-01',541,,6649,110,0,11 13,0,170,,6650,110,0,11 13,0,44,,6661,140,,,0,86,,6651,110,0,11 13,0,84,,6662,140,,,0,86,,6652,110,0,11 13,0,45,,6663,140,,,0,86,,6653,110,0,11 13,0,85,,6664,140,,,0,85,,6654,110,0,11 13,0,45,,6665,140,,,0,85,,6655,110,0,11 13,0,85,,6666,140,,,0,85,,6656,110,0,11 13,0,45,,6667,140,,,0,85,,6657,110,0,11 13,0,85,,6668,140,,,0,85,,6658,110,0,11 13,0,44,,6669,140,,,0,86,,6659,110,0,11 13,0,84,,6670,140,,,0,86,,6660,110,0,11 13,0,44,,6671,140,,,0,170,,6672,140,,,0
2000002000,'Semaine-01',446,,6674,110,0,11 13,0,74,,6673,110,0,11 13,0,30,,6675,160,0,11 13,0,64,,6676,110,0,11 13,0,41,,6692,160,,,0,98,,6693,160,,,0,60,,6694,140,,,0,99,,6679,110,0,11 13,0,31,,6695,140,,,0,69,,6680,110,0,11 13,0,34,,6696,140,,,0,66,,6681,110,0,11 13,0,34,,6697,140,,,0,61,,6682,110,0,11 13,0,34,,6698,140,,,0,61,,6683,110,0,11 13,0,43,,6699,140,,,0,67,,6684,110,0,11 13,0,43,,6700,160,,,0,63,,6685,160,0,11 13,0,24,,6701,140,,,0,70,,6686,110,0,11 13,0,37,,6702,160,,,0,97,,6703,140,,,0,100,,6690,140,,,0,74,,6689,140,,,0,93,,6688,140,,,0,93,,6687,140,,,0,50,,6691,110,0,11 13,0,73,,6678,140,,,0,179,,6677,140,,,0
