2000002300,'Dimanche-01',549,,6971,30,,,0,79,,6973,30,,,0,74,,6974,30,,,0,101,,6975,30,,,0,41,,6976,30,,,0,75,,6977,30,,,0,107,,6978,30,,,0,97,,6979,30,,,0,95,,6980,30,,,0,82,,6981,30,,,0,37,,6982,30,,,0,83,,6983,30,,,0,39,,6984,30,,,0,82,,6985,30,,,0,78,,6986,30,,,0,40,,6987,30,,,0,79,,6988,30,,,0,82,,6989,30,,,0,36,,6990,30,,,0,146,,6991,30,,,0,109,,6992,30,,,0,112,,6993,30,,,0,104,,6994,30,,,0,111,,6995,30,,,0,102,,6972,30,,,0
2000002300,'Fête-1-01',551,,6996,30,,,0,83,,6998,30,,,0,81,,6999,30,,,0,35,,7000,30,,,0,87,,7001,30,,,0,84,,7002,30,,,0,81,,7003,30,,,0,53,,7004,30,,,0,90,,7005,30,,,0,85,,7006,30,,,0,79,,7007,30,,,0,41,,7008,30,,,0,83,,7009,30,,,0,85,,7010,30,,,0,39,,7011,30,,,0,85,,7012,30,,,0,83,,7013,30,,,0,80,,7014,30,,,0,40,,7015,30,,,0,85,,7016,30,,,0,87,,7017,30,,,0,104,,7018,30,,,0,80,,7019,30,,,0,32,,7020,30,,,0,104,,7021,30,,,0,111,,7022,30,,,0,96,,6997,30,,,0
2000002300,'Fête-2-01',558,,7023,30,,,0,80,,7024,30,,,0,80,,7048,30,,,0,41,,7049,30,,,0,79,,7025,30,,,0,80,,7047,30,,,0,40,,7045,30,,,0,81,,7044,30,,,0,82,,7046,30,,,0,83,,7043,30,,,0,43,,7040,30,,,0,83,,7042,30,,,0,82,,7041,30,,,0,42,,7039,30,,,0,85,,7038,30,,,0,85,,7037,30,,,0,86,,7036,30,,,0,45,,7035,30,,,0,85,,7034,30,,,0,82,,7033,30,,,0,82,,7032,30,,,0,39,,7031,30,,,0,80,,7030,30,,,0,80,,7029,30,,,0,40,,7028,30,,,0,80,,7027,30,,,0,80,,7026,30,,,0,121,,7050,30,,,0
2000002300,'Samedi-01',551,,7051,30,,,0,83,,7053,30,,,0,81,,7054,30,,,0,35,,7055,30,,,0,87,,7056,30,,,0,84,,7057,30,,,0,81,,7058,30,,,0,53,,7059,30,,,0,90,,7060,30,,,0,85,,7061,30,,,0,79,,7062,30,,,0,41,,7063,30,,,0,83,,7064,30,,,0,85,,7065,30,,,0,39,,7066,30,,,0,85,,7067,30,,,0,83,,7068,30,,,0,80,,7069,30,,,0,40,,7070,30,,,0,85,,7071,30,,,0,87,,7072,30,,,0,104,,7073,30,,,0,80,,7074,30,,,0,32,,7075,30,,,0,104,,7076,30,,,0,111,,7077,30,,,0,96,,7052,30,,,0
2000002300,'Semaine-01',558,,7078,30,,,0,80,,7079,30,,,0,80,,7103,30,,,0,41,,7104,30,,,0,79,,7080,30,,,0,80,,7102,30,,,0,40,,7100,30,,,0,81,,7099,30,,,0,82,,7101,30,,,0,83,,7098,30,,,0,43,,7095,30,,,0,83,,7097,30,,,0,82,,7096,30,,,0,42,,7094,30,,,0,85,,7093,30,,,0,85,,7092,30,,,0,86,,7091,30,,,0,45,,7090,30,,,0,85,,7089,30,,,0,82,,7088,30,,,0,82,,7087,30,,,0,39,,7086,30,,,0,80,,7085,30,,,0,80,,7084,30,,,0,40,,7083,30,,,0,80,,7082,30,,,0,80,,7081,30,,,0,121,,7105,30,,,0
2000002301,'Dimanche-01',611,,7106,30,,,0,34,,7116,30,,,0,80,,7111,30,,,0,101,,7121,30,,,0,76,,7117,30,,,0,40,,7110,30,,,0,107,,7112,30,,,0,97,,7113,30,,,0,95,,7120,30,,,0,75,,7114,30,,,0,84,,7109,30,,,0,38,,7122,30,,,0,84,,7115,30,,,0,37,,7119,30,,,0,83,,7118,30,,,0,79,,7108,30,,,0,80,,7123,30,,,0,37,,7124,30,,,0,81,,7129,30,,,0,106,,7126,30,,,0,109,,7125,30,,,0,112,,7130,30,,,0,104,,7128,30,,,0,151,,7127,30,,,0,102,,7107,30,,,0
2000002301,'Fête-1-01',614,,7131,30,,,0,43,,7141,30,,,0,76,,7136,30,,,0,75,,7147,30,,,0,92,,7142,30,,,0,40,,7135,30,,,0,85,,7144,30,,,0,88,,7137,30,,,0,95,,7138,30,,,0,40,,7146,30,,,0,84,,7139,30,,,0,76,,7134,30,,,0,48,,7148,30,,,0,80,,7140,30,,,0,84,,7145,30,,,0,80,,7143,30,,,0,48,,7133,30,,,0,75,,7149,30,,,0,85,,7150,30,,,0,40,,7155,30,,,0,92,,7152,30,,,0,104,,7151,30,,,0,72,,7156,30,,,0,40,,7157,30,,,0,144,,7154,30,,,0,111,,7153,30,,,0,96,,7132,30,,,0
2000002301,'Fête-2-01',621,,7186,30,,,0,80,,7183,30,,,0,40,,7184,30,,,0,80,,7185,30,,,0,80,,7181,30,,,0,40,,7182,30,,,0,80,,7179,30,,,0,81,,7178,30,,,0,42,,7180,30,,,0,83,,7176,30,,,0,83,,7173,30,,,0,43,,7177,30,,,0,82,,7175,30,,,0,82,,7174,30,,,0,85,,7172,30,,,0,45,,7171,30,,,0,86,,7170,30,,,0,85,,7169,30,,,0,85,,7168,30,,,0,42,,7167,30,,,0,82,,7166,30,,,0,79,,7165,30,,,0,40,,7164,30,,,0,80,,7163,30,,,0,80,,7162,30,,,0,40,,7161,30,,,0,80,,7160,30,,,0,74,,7159,30,,,0,58,,7158,30,,,0
2000002301,'Samedi-01',614,,7187,30,,,0,43,,7197,30,,,0,76,,7192,30,,,0,75,,7203,30,,,0,92,,7198,30,,,0,40,,7191,30,,,0,85,,7200,30,,,0,88,,7193,30,,,0,95,,7194,30,,,0,40,,7202,30,,,0,84,,7195,30,,,0,76,,7190,30,,,0,48,,7204,30,,,0,80,,7196,30,,,0,84,,7201,30,,,0,80,,7199,30,,,0,48,,7189,30,,,0,75,,7205,30,,,0,85,,7206,30,,,0,40,,7211,30,,,0,92,,7208,30,,,0,104,,7207,30,,,0,72,,7212,30,,,0,40,,7213,30,,,0,144,,7210,30,,,0,111,,7209,30,,,0,96,,7188,30,,,0
2000002301,'Semaine-01',621,,7242,30,,,0,80,,7239,30,,,0,40,,7240,30,,,0,80,,7241,30,,,0,80,,7237,30,,,0,40,,7238,30,,,0,80,,7235,30,,,0,81,,7234,30,,,0,42,,7236,30,,,0,83,,7232,30,,,0,83,,7229,30,,,0,43,,7233,30,,,0,82,,7231,30,,,0,82,,7230,30,,,0,85,,7228,30,,,0,45,,7227,30,,,0,86,,7226,30,,,0,85,,7225,30,,,0,85,,7224,30,,,0,42,,7223,30,,,0,82,,7222,30,,,0,79,,7221,30,,,0,40,,7220,30,,,0,80,,7219,30,,,0,80,,7218,30,,,0,40,,7217,30,,,0,80,,7216,30,,,0,74,,7215,30,,,0,58,,7214,30,,,0
