100,'Dimanche-01',704,,5264,800,4,,0,201,,5253,800,4,,0,130,,5254,800,4,,0,171,,5255,800,4,,0,125,,5256,800,4,,0,123,,5257,800,4,,0,157,,5258,800,4,,0,120,,5259,800,4,,0,122,,5260,800,4,,0,175,,5261,800,4,,0,115,,5262,800,4,,0,115,,5263,800,4,,0
100,'Fête-1-01',704,,5276,800,4,,0,201,,5265,800,4,,0,130,,5266,800,4,,0,171,,5267,800,4,,0,125,,5268,800,4,,0,123,,5269,800,4,,0,157,,5270,800,4,,0,120,,5271,800,4,,0,122,,5272,800,4,,0,175,,5273,800,4,,0,115,,5274,800,4,,0,115,,5275,800,4,,0
100,'Fête-2-01',552,,5277,800,4,,0,106,,5278,800,4,,0,69,,5279,800,4,,0,84,,5280,800,4,,0,115,,5281,800,4,,0,103,,5284,800,4,,0,92,,5293,800,4,,0,103,,5285,800,4,,0,105,,5294,800,4,,0,78,,5286,800,4,,0,101,,5287,800,4,,0,100,,5291,800,4,,0,110,,5288,800,4,,0,34,,5289,800,4,,0,102,,5282,800,4,,0,92,,5283,800,4,,0,171,,5292,800,4,,0,142,,5290,800,4,,0
100,'Samedi-01',704,,5306,800,4,,0,201,,5295,800,4,,0,130,,5296,800,4,,0,171,,5297,800,4,,0,125,,5298,800,4,,0,123,,5299,800,4,,0,157,,5300,800,4,,0,120,,5301,800,4,,0,122,,5302,800,4,,0,175,,5303,800,4,,0,115,,5304,800,4,,0,115,,5305,800,4,,0
100,'Semaine-01',552,,5307,800,4,,0,106,,5308,800,4,,0,69,,5309,800,4,,0,84,,5310,800,4,,0,115,,5311,800,4,,0,103,,5314,800,4,,0,92,,5323,800,4,,0,103,,5315,800,4,,0,105,,5324,800,4,,0,78,,5316,800,4,,0,101,,5317,800,4,,0,100,,5321,800,4,,0,110,,5318,800,4,,0,34,,5319,800,4,,0,102,,5312,800,4,,0,92,,5313,800,4,,0,171,,5322,800,4,,0,142,,5320,800,4,,0
101,'Dimanche-01',710,,5325,10,,,0,205,,5326,10,,,0,130,,5327,10,,,0,170,,5328,10,,,0,125,,5329,10,,,0,160,,5330,10,,,0,120,,5331,10,,,0,120,,5332,10,,,0,160,,5333,10,,,0,135,,5334,10,,,0,115,,5335,10,,,0,155,,5336,10,,,0
101,'Fête-1-01',710,,5337,10,,,0,205,,5338,10,,,0,130,,5339,10,,,0,170,,5340,10,,,0,125,,5341,10,,,0,160,,5342,10,,,0,120,,5343,10,,,0,120,,5344,10,,,0,160,,5345,10,,,0,135,,5346,10,,,0,115,,5347,10,,,0,155,,5348,10,,,0
101,'Fête-2-01',605,,5349,10,,,0,100,,5358,10,,,0,30,,5360,10,,,0,90,,5361,10,,,0,110,,5362,10,,,0,105,,5363,10,,,0,95,,5365,10,,,0,100,,5364,10,,,0,105,,5366,10,,,0,80,,5350,10,,,0,100,,5351,10,,,0,100,,5352,10,,,0,110,,5353,10,,,0,75,,5354,10,,,0,105,,5355,10,,,0,45,,5356,10,,,0,175,,5357,10,,,0,175,,5359,10,,,0
101,'Samedi-01',710,,5367,10,,,0,205,,5368,10,,,0,130,,5369,10,,,0,170,,5370,10,,,0,125,,5371,10,,,0,160,,5372,10,,,0,120,,5373,10,,,0,120,,5374,10,,,0,160,,5375,10,,,0,135,,5376,10,,,0,115,,5377,10,,,0,155,,5378,10,,,0
101,'Semaine-01',605,,5379,10,,,0,100,,5388,10,,,0,30,,5390,10,,,0,90,,5391,10,,,0,110,,5392,10,,,0,105,,5393,10,,,0,95,,5395,10,,,0,100,,5394,10,,,0,105,,5396,10,,,0,80,,5380,10,,,0,100,,5381,10,,,0,100,,5382,10,,,0,110,,5383,10,,,0,75,,5384,10,,,0,105,,5385,10,,,0,45,,5386,10,,,0,175,,5387,10,,,0,175,,5389,10,,,0
