101,'Dimanche-01',802,,5325,610,,,0,206,,5326,610,,,0,131,,5327,610,,,0,173,,5328,610,,,0,127,,5329,610,,,0,120,,5330,610,,,0,160,,5331,610,,,0,120,,5332,610,,,0,117,,5333,610,,,0,174,,5334,610,,,0,114,,5335,610,,,0,113,,5336,610,,,0
101,'Fête-1-01',802,,5337,610,,,0,206,,5338,610,,,0,131,,5339,610,,,0,173,,5340,610,,,0,127,,5341,610,,,0,120,,5342,610,,,0,160,,5343,610,,,0,120,,5344,610,,,0,117,,5345,610,,,0,174,,5346,610,,,0,114,,5347,610,,,0,113,,5348,610,,,0
101,'Fête-2-01',702,,5349,610,,,0,101,,5358,610,,,0,30,,5360,610,,,0,90,,5361,610,,,0,110,,5362,610,,,0,105,,5363,610,,,0,95,,5365,610,,,0,105,,5364,610,,,0,106,,5366,610,,,0,81,,5350,610,,,0,105,,5351,610,,,0,96,,5352,610,,,0,105,,5353,610,,,0,74,,5354,610,,,0,103,,5355,610,,,0,43,,5356,610,,,0,173,,5357,610,,,0,134,,5359,610,,,0
101,'Samedi-01',802,,5367,610,,,0,206,,5368,610,,,0,131,,5369,610,,,0,173,,5370,610,,,0,127,,5371,610,,,0,120,,5372,610,,,0,160,,5373,610,,,0,120,,5374,610,,,0,117,,5375,610,,,0,174,,5376,610,,,0,114,,5377,610,,,0,113,,5378,610,,,0
101,'Semaine-01',657,,5397,480,,,0,45,,5379,610,,,0,101,,5388,610,,,0,30,,5390,610,,,0,90,,5391,610,,,0,110,,5392,610,,,0,105,,5393,610,,,0,95,,5395,610,,,0,105,,5394,610,,,0,106,,5396,610,,,0,81,,5380,610,,,0,105,,5381,610,,,0,96,,5382,610,,,0,105,,5383,610,,,0,74,,5384,610,,,0,103,,5385,610,,,0,43,,5386,610,,,0,173,,5387,610,,,0,134,,5389,610,,,0
2001,'Dimanche-01',734,,5442,110,,,0,11,,5442,350,,,0,113,,5443,110,,,0,51,,5443,350,,,0,115,,5444,110,,,0,11,,5444,350,,,0,114,,5445,110,,,0,51,,5445,350,,,0,114,,5446,110,,,0,11,,5446,350,,,0,114,,5447,110,,,0,12,,5447,350,,,0,153,,5448,110,,,0,12,,5448,350,,,0,113,,5449,110,,,0,12,,5449,350,,,0
2001,'Fête-1-01',734,,5450,110,,,0,11,,5450,350,,,0,113,,5451,110,,,0,51,,5451,350,,,0,115,,5452,110,,,0,11,,5452,350,,,0,114,,5453,110,,,0,51,,5453,350,,,0,114,,5454,110,,,0,11,,5454,350,,,0,114,,5455,110,,,0,12,,5455,350,,,0,153,,5456,110,,,0,12,,5456,350,,,0,113,,5457,110,,,0,12,,5457,350,,,0
2001,'Fête-2-01',719,,5458,110,,,0,12,,5458,350,,,0,113,,5459,110,,,0,13,,5459,350,,,0,152,,5460,110,,,0,12,,5460,350,,,0,114,,5461,110,,,0,12,,5461,350,,,0,154,,5462,110,,,0,12,,5462,350,,,0,113,,5463,110,,,0,12,,5463,350,,,0,114,,5464,110,,,0,52,,5464,350,,,0,114,,5465,110,,,0,12,,5465,350,,,0,114,,5466,110,,,0,11,,5466,350,,,0
2001,'Samedi-01',734,,5467,110,,,0,11,,5467,350,,,0,113,,5468,110,,,0,51,,5468,350,,,0,115,,5469,110,,,0,11,,5469,350,,,0,114,,5470,110,,,0,51,,5470,350,,,0,114,,5471,110,,,0,11,,5471,350,,,0,114,,5472,110,,,0,12,,5472,350,,,0,153,,5473,110,,,0,12,,5473,350,,,0,113,,5474,110,,,0,12,,5474,350,,,0
2001,'Semaine-01',719,,5475,110,,,0,12,,5475,350,,,0,113,,5476,110,,,0,13,,5476,350,,,0,152,,5477,110,,,0,12,,5477,350,,,0,114,,5478,110,,,0,12,,5478,350,,,0,154,,5479,110,,,0,12,,5479,350,,,0,113,,5480,110,,,0,12,,5480,350,,,0,114,,5481,110,,,0,52,,5481,350,,,0,114,,5482,110,,,0,12,,5482,350,,,0,114,,5483,110,,,0,11,,5483,350,,,0
2001,'Semaine-01-0001100',2007,,5485,110,,,0,11,,5485,350,,,0,113,,5484,110,,,0,11,,5484,350,,,0
2801,'Fête-2-01',1708,,5683,500,0,23,0,44,,5682,500,,,0,68,,5684,500,0,23,0
2801,'Semaine-01',1708,,5695,500,0,23,0,44,,5694,500,,,0,68,,5696,500,0,23,0
2000002000,'Dimanche-01',743,,6582,20,,,0,170,,6583,20,,,0,131,,6584,20,,,0,171,,6585,20,,,0,130,,6586,20,,,0,170,,6587,20,,,0,130,,6588,20,,,0,170,,6589,20,,,0,129,,6590,20,,,0,170,,6591,20,,,0,130,,6592,20,,,0,170,,6593,20,,,0
2000002000,'Fête-1-01',743,,6606,20,,,0,170,,6607,20,,,0,131,,6608,20,,,0,171,,6609,20,,,0,130,,6610,20,,,0,170,,6611,20,,,0,130,,6612,20,,,0,170,,6613,20,,,0,129,,6614,20,,,0,170,,6615,20,,,0,130,,6616,20,,,0,170,,6617,20,,,0
2000002000,'Fête-2-01',530,,6620,20,0,11 13,0,105,,6637,20,,,0,98,,6638,20,,,0,68,,6639,20,,,0,130,,6640,20,,,0,103,,6641,20,,,0,100,,6642,20,,,0,95,,6643,20,,,0,104,,6644,20,,,0,102,,6645,20,,,0,23,,6630,20,0,11 13,0,72,,6646,20,,,0,99,,6647,20,,,0,105,,6648,20,,,0,100,,6635,20,,,0,74,,6634,20,,,0,93,,6633,20,,,0,53,,6632,20,,,0,163,,6623,20,,,0,139,,6622,20,,,0
2000002000,'Samedi-01',743,,6661,20,,,0,170,,6662,20,,,0,131,,6663,20,,,0,171,,6664,20,,,0,130,,6665,20,,,0,170,,6666,20,,,0,130,,6667,20,,,0,170,,6668,20,,,0,129,,6669,20,,,0,170,,6670,20,,,0,130,,6671,20,,,0,170,,6672,20,,,0
2000002000,'Semaine-01',530,,6675,20,0,11 13,0,105,,6692,20,,,0,98,,6693,20,,,0,68,,6694,20,,,0,130,,6695,20,,,0,103,,6696,20,,,0,100,,6697,20,,,0,95,,6698,20,,,0,104,,6699,20,,,0,102,,6700,20,,,0,23,,6685,20,0,11 13,0,72,,6701,20,,,0,99,,6702,20,,,0,105,,6703,20,,,0,100,,6690,20,,,0,74,,6689,20,,,0,93,,6688,20,,,0,53,,6687,20,,,0,163,,6678,20,,,0,139,,6677,20,,,0
