2000002300,'Dimanche-02',550,,9596,100,,,0,79,,9598,100,,,0,74,,9599,100,,,0,101,,9600,100,,,0,41,,9601,100,,,0,75,,9602,100,,,0,107,,9603,100,,,0,97,,9604,100,,,0,95,,9605,100,,,0,82,,9606,100,,,0,37,,9607,100,,,0,83,,9608,100,,,0,79,,9609,100,,,0,42,,9610,100,,,0,78,,9611,100,,,0,80,,9612,100,,,0,39,,9613,100,,,0,82,,9614,100,,,0,36,,9615,100,,,0,146,,9616,100,,,0,109,,9617,100,,,0,112,,9618,100,,,0,104,,9619,100,,,0,111,,9620,100,,,0,102,,9597,100,,,0
2000002300,'Fête-1-02',552,,9621,100,,,0,83,,9623,100,,,0,81,,9624,100,,,0,35,,9625,100,,,0,87,,9626,100,,,0,84,,9627,100,,,0,81,,9628,100,,,0,53,,9629,100,,,0,90,,9630,100,,,0,85,,9631,100,,,0,79,,9632,100,,,0,41,,9633,100,,,0,83,,9634,100,,,0,85,,9635,100,,,0,39,,9636,100,,,0,85,,9637,100,,,0,83,,9638,100,,,0,80,,9639,100,,,0,40,,9640,100,,,0,85,,9641,100,,,0,87,,9642,100,,,0,104,,9643,100,,,0,80,,9644,100,,,0,32,,9645,100,,,0,104,,9646,100,,,0,111,,9647,100,,,0,96,,9622,100,,,0
2000002300,'Fête-2-02',559,,9648,100,,,0,80,,9649,100,,,0,80,,9673,100,,,0,81,,9674,100,,,0,39,,9650,100,,,0,80,,9672,100,,,0,40,,9670,100,,,0,81,,9669,100,,,0,82,,9671,100,,,0,83,,9668,100,,,0,43,,9665,100,,,0,83,,9667,100,,,0,82,,9666,100,,,0,42,,9664,100,,,0,85,,9663,100,,,0,85,,9662,100,,,0,86,,9661,100,,,0,45,,9660,100,,,0,85,,9659,100,,,0,82,,9658,100,,,0,82,,9657,100,,,0,39,,9656,100,,,0,80,,9655,100,,,0,80,,9654,100,,,0,40,,9653,100,,,0,80,,9652,100,,,0,80,,9651,100,,,0,121,,9675,100,,,0
2000002300,'Samedi-02',552,,9676,100,,,0,83,,9678,100,,,0,81,,9679,100,,,0,35,,9680,100,,,0,87,,9681,100,,,0,84,,9682,100,,,0,81,,9683,100,,,0,53,,9684,100,,,0,90,,9685,100,,,0,85,,9686,100,,,0,79,,9687,100,,,0,41,,9688,100,,,0,83,,9689,100,,,0,85,,9690,100,,,0,39,,9691,100,,,0,85,,9692,100,,,0,83,,9693,100,,,0,80,,9694,100,,,0,40,,9695,100,,,0,85,,9696,100,,,0,87,,9697,100,,,0,104,,9698,100,,,0,80,,9699,100,,,0,32,,9700,100,,,0,104,,9701,100,,,0,111,,9702,100,,,0,96,,9677,100,,,0
2000002300,'Semaine-02',559,,9703,100,,,0,80,,9704,100,,,0,80,,9728,100,,,0,81,,9729,100,,,0,39,,9705,100,,,0,80,,9727,100,,,0,40,,9725,100,,,0,81,,9724,100,,,0,82,,9726,100,,,0,83,,9723,100,,,0,43,,9720,100,,,0,83,,9722,100,,,0,82,,9721,100,,,0,42,,9719,100,,,0,85,,9718,100,,,0,85,,9717,100,,,0,86,,9716,100,,,0,45,,9715,100,,,0,85,,9714,100,,,0,82,,9713,100,,,0,82,,9712,100,,,0,39,,9711,100,,,0,80,,9710,100,,,0,80,,9709,100,,,0,40,,9708,100,,,0,80,,9707,100,,,0,80,,9706,100,,,0,121,,9730,100,,,0
2000002301,'Dimanche-02',614,,9731,100,,,0,34,,9741,100,,,0,80,,9736,100,,,0,101,,9746,100,,,0,76,,9742,100,,,0,40,,9735,100,,,0,107,,9737,100,,,0,97,,9738,100,,,0,95,,9745,100,,,0,75,,9739,100,,,0,84,,9734,100,,,0,38,,9747,100,,,0,84,,9740,100,,,0,77,,9744,100,,,0,43,,9743,100,,,0,79,,9733,100,,,0,80,,9748,100,,,0,37,,9749,100,,,0,81,,9754,100,,,0,106,,9751,100,,,0,109,,9750,100,,,0,112,,9755,100,,,0,104,,9753,100,,,0,151,,9752,100,,,0,102,,9732,100,,,0
2000002301,'Fête-1-02',617,,9756,100,,,0,83,,9766,100,,,0,36,,9761,100,,,0,75,,9772,100,,,0,92,,9767,100,,,0,40,,9760,100,,,0,85,,9769,100,,,0,88,,9762,100,,,0,95,,9763,100,,,0,40,,9771,100,,,0,84,,9764,100,,,0,76,,9759,100,,,0,48,,9773,100,,,0,80,,9765,100,,,0,84,,9770,100,,,0,80,,9768,100,,,0,48,,9758,100,,,0,75,,9774,100,,,0,85,,9775,100,,,0,40,,9780,100,,,0,92,,9777,100,,,0,104,,9776,100,,,0,72,,9781,100,,,0,40,,9782,100,,,0,144,,9779,100,,,0,111,,9778,100,,,0,96,,9757,100,,,0
2000002301,'Fête-2-02',624,,9811,100,,,0,80,,9808,100,,,0,40,,9809,100,,,0,80,,9810,100,,,0,80,,9806,100,,,0,40,,9807,100,,,0,80,,9804,100,,,0,81,,9803,100,,,0,42,,9805,100,,,0,83,,9801,100,,,0,83,,9798,100,,,0,43,,9802,100,,,0,82,,9800,100,,,0,82,,9799,100,,,0,85,,9797,100,,,0,45,,9796,100,,,0,86,,9795,100,,,0,85,,9794,100,,,0,85,,9793,100,,,0,42,,9792,100,,,0,82,,9791,100,,,0,79,,9790,100,,,0,40,,9789,100,,,0,80,,9788,100,,,0,80,,9787,100,,,0,40,,9786,100,,,0,80,,9785,100,,,0,74,,9784,100,,,0,98,,9783,100,,,0
2000002301,'Samedi-02',617,,9812,100,,,0,83,,9822,100,,,0,36,,9817,100,,,0,75,,9828,100,,,0,92,,9823,100,,,0,40,,9816,100,,,0,85,,9825,100,,,0,88,,9818,100,,,0,95,,9819,100,,,0,40,,9827,100,,,0,84,,9820,100,,,0,76,,9815,100,,,0,48,,9829,100,,,0,80,,9821,100,,,0,84,,9826,100,,,0,80,,9824,100,,,0,48,,9814,100,,,0,75,,9830,100,,,0,85,,9831,100,,,0,40,,9836,100,,,0,92,,9833,100,,,0,104,,9832,100,,,0,72,,9837,100,,,0,40,,9838,100,,,0,144,,9835,100,,,0,111,,9834,100,,,0,96,,9813,100,,,0
2000002301,'Semaine-02',624,,9867,100,,,0,80,,9864,100,,,0,40,,9865,100,,,0,80,,9866,100,,,0,80,,9862,100,,,0,40,,9863,100,,,0,80,,9860,100,,,0,81,,9859,100,,,0,42,,9861,100,,,0,83,,9857,100,,,0,83,,9854,100,,,0,43,,9858,100,,,0,82,,9856,100,,,0,82,,9855,100,,,0,85,,9853,100,,,0,45,,9852,100,,,0,86,,9851,100,,,0,85,,9850,100,,,0,85,,9849,100,,,0,42,,9848,100,,,0,82,,9847,100,,,0,79,,9846,100,,,0,40,,9845,100,,,0,80,,9844,100,,,0,80,,9843,100,,,0,40,,9842,100,,,0,80,,9841,100,,,0,74,,9840,100,,,0,98,,9839,100,,,0
