100,'Dimanche-01',636,,5264,600,,,0,200,,5253,600,,,0,167,,5254,600,,,0,130,,5255,600,,,0,125,,5256,600,,,0,163,,5257,600,,,0,118,,5258,600,,,0,120,,5259,600,,,0,163,,5260,600,,,0,135,,5261,600,,,0,155,,5262,600,,,0,115,,5263,600,,,0
100,'Fête-1-01',636,,5276,600,,,0,200,,5265,600,,,0,167,,5266,600,,,0,130,,5267,600,,,0,125,,5268,600,,,0,163,,5269,600,,,0,118,,5270,600,,,0,120,,5271,600,,,0,163,,5272,600,,,0,135,,5273,600,,,0,155,,5274,600,,,0,115,,5275,600,,,0
100,'Fête-2-01',523,,5277,600,,,0,104,,5278,600,,,0,26,,5279,600,,,0,82,,5280,600,,,0,118,,5281,600,,,0,104,,5284,600,,,0,94,,5293,600,,,0,101,,5285,600,,,0,101,,5294,600,,,0,78,,5286,600,,,0,102,,5287,600,,,0,100,,5291,600,,,0,110,,5288,600,,,0,75,,5289,600,,,0,105,,5282,600,,,0,92,,5283,600,,,0,132,,5292,600,,,0,184,,5290,600,,,0
100,'Samedi-01',636,,5306,600,,,0,200,,5295,600,,,0,167,,5296,600,,,0,130,,5297,600,,,0,125,,5298,600,,,0,163,,5299,600,,,0,118,,5300,600,,,0,120,,5301,600,,,0,163,,5302,600,,,0,135,,5303,600,,,0,155,,5304,600,,,0,115,,5305,600,,,0
100,'Semaine-01',523,,5307,600,,,0,104,,5308,600,,,0,26,,5309,600,,,0,82,,5310,600,,,0,118,,5311,600,,,0,104,,5314,600,,,0,94,,5323,600,,,0,101,,5315,600,,,0,101,,5324,600,,,0,78,,5316,600,,,0,102,,5317,600,,,0,100,,5321,600,,,0,110,,5318,600,,,0,75,,5319,600,,,0,105,,5312,600,,,0,92,,5313,600,,,0,132,,5322,600,,,0,184,,5320,600,,,0
2800,'Fête-2-01',513,,5659,130,,,0,20,,5658,130,,,0,15,,5656,370,,,0,65,,5664,130,,,0,20,,5655,410,,,0,20,,5657,370,,,0,61,,5660,130,,,0,20,,5661,130,,,0,21,,5662,130,,,0,60,,5663,130,,,0
2800,'Semaine-01',513,,5669,130,,,0,20,,5668,130,,,0,15,,5666,370,,,0,55,,5680,130,,,0,10,,5676,130,,,0,10,,5677,130,,,0,10,,5665,410,,,0,8,,5678,130,,,0,8,,5667,370,,,0,8,,5681,130,,,0,49,,5679,130,,,0,8,,5670,130,,,0,10,,5671,130,,,0,11,,5672,130,,,0,10,,5673,130,,,0,10,,5674,130,,,0,60,,5675,130,,,0
3300,'Dimanche-01',611,,5934,510,,,0,42,,5932,510,,,0,91,,5943,510,,,0,81,,5953,510,,,0,83,,5955,510,,,0,93,,5956,510,,,0,40,,5957,510,,,0,80,,5958,510,,,0,80,,5959,510,,,0,40,,5935,510,,,0,80,,5936,510,,,0,79,,5937,510,,,0,40,,5938,510,,,0,80,,5939,510,,,0,39,,5940,510,,,0,79,,5941,510,,,0,79,,5942,510,,,0,39,,5944,510,,,0,79,,5945,510,,,0,80,,5946,510,,,0,87,,5947,510,,,0,45,,5948,510,,,0,85,,5949,510,,,0,87,,5950,510,,,0,86,,5951,510,,,0,43,,5952,510,,,0,88,,5933,510,,,0,83,,5954,510,,,0
3300,'Fête-1-01',631,,5963,510,,,0,81,,5961,510,,,0,42,,5972,510,,,0,82,,5982,510,,,0,82,,5984,510,,,0,84,,5985,510,,,0,41,,5986,510,,,0,82,,5987,510,,,0,82,,5988,510,,,0,42,,5964,510,,,0,82,,5965,510,,,0,82,,5966,510,,,0,42,,5967,510,,,0,82,,5968,510,,,0,82,,5969,510,,,0,82,,5970,510,,,0,42,,5971,510,,,0,85,,5973,510,,,0,79,,5974,510,,,0,42,,5975,510,,,0,82,,5976,510,,,0,79,,5977,510,,,0,41,,5978,510,,,0,81,,5979,510,,,0,82,,5980,510,,,0,43,,5981,510,,,0,86,,5983,510,,,0,86,,5962,510,,,0
3300,'Fête-2-01',638,,5990,510,,,0,80,,6018,510,,,0,41,,5999,510,,,0,80,,6009,510,,,0,80,,6012,510,,,0,40,,6013,510,,,0,80,,6014,510,,,0,82,,6015,510,,,0,81,,6016,510,,,0,43,,5991,510,,,0,83,,5992,510,,,0,83,,5993,510,,,0,43,,5994,510,,,0,84,,5995,510,,,0,86,,5996,510,,,0,84,,5997,510,,,0,45,,5998,510,,,0,84,,6000,510,,,0,81,,6001,510,,,0,83,,6002,510,,,0,42,,6003,510,,,0,80,,6004,510,,,0,80,,6005,510,,,0,39,,6006,510,,,0,80,,6007,510,,,0,80,,6008,510,,,0,40,,6010,510,,,0,80,,6011,510,,,0
3300,'Samedi-01',631,,6021,510,,,0,81,,6019,510,,,0,42,,6030,510,,,0,82,,6040,510,,,0,82,,6042,510,,,0,84,,6043,510,,,0,41,,6044,510,,,0,82,,6045,510,,,0,82,,6046,510,,,0,42,,6022,510,,,0,82,,6023,510,,,0,82,,6024,510,,,0,42,,6025,510,,,0,82,,6026,510,,,0,82,,6027,510,,,0,82,,6028,510,,,0,42,,6029,510,,,0,85,,6031,510,,,0,79,,6032,510,,,0,42,,6033,510,,,0,82,,6034,510,,,0,79,,6035,510,,,0,41,,6036,510,,,0,81,,6037,510,,,0,82,,6038,510,,,0,43,,6039,510,,,0,86,,6041,510,,,0,86,,6020,510,,,0
3300,'Semaine-01',638,,6048,510,,,0,80,,6076,510,,,0,41,,6057,510,,,0,80,,6067,510,,,0,80,,6070,510,,,0,40,,6071,510,,,0,80,,6072,510,,,0,82,,6073,510,,,0,81,,6074,510,,,0,43,,6049,510,,,0,83,,6050,510,,,0,83,,6051,510,,,0,43,,6052,510,,,0,84,,6053,510,,,0,86,,6054,510,,,0,84,,6055,510,,,0,45,,6056,510,,,0,84,,6058,510,,,0,81,,6059,510,,,0,83,,6060,510,,,0,42,,6061,510,,,0,80,,6062,510,,,0,80,,6063,510,,,0,39,,6064,510,,,0,80,,6065,510,,,0,80,,6066,510,,,0,40,,6068,510,,,0,80,,6069,510,,,0
