100,'Dimanche-02',608,,7889,230,,,0,200,,7878,230,,,0,125,,7879,230,,,0,170,,7880,230,,,0,125,,7881,230,,,0,124,,7882,230,,,0,160,,7883,230,,,0,120,,7884,230,,,0,124,,7885,230,,,0,175,,7886,230,,,0,115,,7887,230,,,0,155,,7888,230,,,0
100,'Fête-1-02',608,,7901,230,,,0,200,,7890,230,,,0,125,,7891,230,,,0,170,,7892,230,,,0,125,,7893,230,,,0,124,,7894,230,,,0,160,,7895,230,,,0,120,,7896,230,,,0,124,,7897,230,,,0,175,,7898,230,,,0,115,,7899,230,,,0,155,,7900,230,,,0
100,'Fête-2-02',452,,7902,230,,,0,103,,7903,230,,,0,65,,7904,230,,,0,81,,7905,230,,,0,119,,7906,230,,,0,105,,7909,230,,,0,94,,7918,230,,,0,101,,7910,230,,,0,100,,7919,230,,,0,38,,7911,230,,,0,142,,7912,230,,,0,100,,7916,230,,,0,110,,7913,230,,,0,35,,7914,230,,,0,108,,7907,230,,,0,95,,7908,230,,,0,173,,7917,230,,,0,185,,7915,230,,,0
100,'Samedi-02',608,,7931,230,,,0,200,,7920,230,,,0,125,,7921,230,,,0,170,,7922,230,,,0,125,,7923,230,,,0,124,,7924,230,,,0,160,,7925,230,,,0,120,,7926,230,,,0,124,,7927,230,,,0,175,,7928,230,,,0,115,,7929,230,,,0,155,,7930,230,,,0
100,'Semaine-02',452,,7932,230,,,0,103,,7933,230,,,0,65,,7934,230,,,0,81,,7935,230,,,0,119,,7936,230,,,0,105,,7939,230,,,0,94,,7948,230,,,0,101,,7940,230,,,0,100,,7949,230,,,0,38,,7941,230,,,0,142,,7942,230,,,0,100,,7946,230,,,0,110,,7943,230,,,0,35,,7944,230,,,0,108,,7937,230,,,0,95,,7938,230,,,0,173,,7947,230,,,0,185,,7945,230,,,0
2000,'Dimanche-02',718,,8023,510,,,0,124,,8024,510,,,0,166,,8025,510,,,0,125,,8026,510,,,0,125,,8027,510,,,0,164,,8028,510,,,0,125,,8029,510,,,0,165,,8030,510,,,0
2000,'Fête-1-02',718,,8031,510,,,0,124,,8032,510,,,0,166,,8033,510,,,0,125,,8034,510,,,0,125,,8035,510,,,0,164,,8036,510,,,0,125,,8037,510,,,0,165,,8038,510,,,0
2000,'Fête-2-02',701,,8039,510,,,0,125,,8040,510,,,0,125,,8041,510,,,0,166,,8042,510,,,0,126,,8043,510,,,0,165,,8044,510,,,0,126,,8045,510,,,0,166,,8046,510,,,0,126,,8047,510,,,0
2000,'Samedi-02',718,,8048,510,,,0,124,,8049,510,,,0,166,,8050,510,,,0,125,,8051,510,,,0,125,,8052,510,,,0,164,,8053,510,,,0,125,,8054,510,,,0,165,,8055,510,,,0
2000,'Semaine-02',701,,8056,510,,,0,125,,8057,510,,,0,125,,8058,510,,,0,166,,8059,510,,,0,126,,8060,510,,,0,165,,8061,510,,,0,126,,8062,510,,,0,166,,8063,510,,,0,126,,8064,510,,,0
2000,'Semaine-02-0001100',1951,,8066,510,,,0,164,,8065,510,,,0
2800,'Fête-2-02',528,,8281,60,,,0,85,,8280,100,,,0,20,,8282,60,,,0
2800,'Semaine-02',528,,8291,60,,,0,85,,8290,100,,,0,16,,8292,60,,,0
