100,'Dimanche-01',644,,5264,660,,,0,200,,5253,660,,,0,167,,5254,660,,,0,131,,5255,660,,,0,165,,5256,660,,,0,123,,5257,660,,,0,118,,5258,660,,,0,160,,5259,660,,,0,123,,5260,660,,,0,175,,5261,660,,,0,115,,5262,660,,,0,115,,5263,660,,,0
100,'Fête-1-01',644,,5276,660,,,0,200,,5265,660,,,0,167,,5266,660,,,0,131,,5267,660,,,0,165,,5268,660,,,0,123,,5269,660,,,0,118,,5270,660,,,0,160,,5271,660,,,0,123,,5272,660,,,0,175,,5273,660,,,0,115,,5274,660,,,0,115,,5275,660,,,0
100,'Fête-2-01',532,,5277,660,,,0,105,,5278,660,,,0,66,,5279,660,,,0,42,,5280,660,,,0,158,,5281,660,,,0,103,,5284,660,,,0,53,,5293,660,,,0,142,,5285,660,,,0,102,,5294,660,,,0,38,,5286,660,,,0,102,,5287,660,,,0,100,,5291,660,,,0,110,,5288,660,,,0,75,,5289,660,,,0,104,,5282,660,,,0,92,,5283,660,,,0,131,,5292,660,,,0,184,,5290,660,,,0
100,'Samedi-01',644,,5306,660,,,0,200,,5295,660,,,0,167,,5296,660,,,0,131,,5297,660,,,0,165,,5298,660,,,0,123,,5299,660,,,0,118,,5300,660,,,0,160,,5301,660,,,0,123,,5302,660,,,0,175,,5303,660,,,0,115,,5304,660,,,0,115,,5305,660,,,0
100,'Semaine-01',532,,5307,660,,,0,105,,5308,660,,,0,66,,5309,660,,,0,42,,5310,660,,,0,158,,5311,660,,,0,103,,5314,660,,,0,53,,5323,660,,,0,142,,5315,660,,,0,102,,5324,660,,,0,38,,5316,660,,,0,102,,5317,660,,,0,100,,5321,660,,,0,110,,5318,660,,,0,75,,5319,660,,,0,104,,5312,660,,,0,92,,5313,660,,,0,131,,5322,660,,,0,184,,5320,660,,,0
2100,'Fête-2-01',551,,5486,300,,,0,70,,5487,300,,,0,31,,5488,300,,,0,75,,5489,300,,,0,30,,5490,300,,,0,75,,5491,300,,,0
2100,'Semaine-01',551,,5492,300,,,0,70,,5493,300,,,0,31,,5494,300,,,0,75,,5495,300,,,0,30,,5496,300,,,0,75,,5497,300,,,0
2300,'Fête-2-01',551,,5539,340,,,0,66,,5540,340,,,0,15,,5541,340,,,0,75,,5542,340,,,0,26,,5543,340,,,0,20,,5544,340,,,0,60,,5545,340,,,0,20,,5546,340,,,0
2300,'Semaine-01',551,,5547,340,,,0,66,,5548,340,,,0,15,,5549,340,,,0,75,,5550,340,,,0,26,,5551,340,,,0,20,,5552,340,,,0,60,,5553,340,,,0,20,,5554,340,,,0
2500,'Fête-2-01',608,,5592,320,,,0,34,,5589,340,,,0,61,,5593,320,,,0,29,,5590,340,,,0,26,,5594,320,,,0,69,,5591,340,,,0
2500,'Semaine-01',608,,5598,320,,,0,34,,5595,340,,,0,61,,5599,320,,,0,29,,5596,340,,,0,26,,5600,320,,,0,69,,5597,340,,,0
2600,'Fête-2-01',506,,5613,290,,,0,17,,5614,300,,,0
2600,'Semaine-01',506,,5615,290,,,0,17,,5616,300,,,0
2800,'Fête-2-01',525,,5659,190,,,0,20,,5658,190,,,0,55,,5656,430,,,0,25,,5664,190,,,0,20,,5655,470,,,0,60,,5657,430,,,0,21,,5660,190,,,0,20,,5661,190,,,0,61,,5662,190,,,0,20,,5663,190,,,0
2800,'Semaine-01',525,,5669,190,,,0,20,,5668,190,,,0,55,,5666,430,,,0,15,,5680,190,,,0,10,,5676,190,,,0,10,,5677,190,,,0,10,,5665,470,,,0,8,,5678,190,,,0,48,,5667,430,,,0,8,,5681,190,,,0,9,,5679,190,,,0,8,,5670,190,,,0,10,,5671,190,,,0,11,,5672,190,,,0,10,,5673,190,,,0,50,,5674,190,,,0,20,,5675,190,,,0
3100,'Dimanche-01',728,,5744,380,,,0,218,,5745,380,,,0,278,,5743,380,,,0,123,,5736,380,,,0,160,,5737,380,,,0,118,,5738,380,,,0,118,,5739,380,,,0,159,,5740,380,,,0,127,,5741,380,,,0,221,,5735,380,,,0,254,,5742,380,,,0
3100,'Fête-1-01',617,,5747,380,,,0,83,,5758,380,,,0,204,,5759,380,,,0,125,,5756,380,,,0,124,,5746,380,,,0,164,,5757,380,,,0,124,,5748,380,,,0,164,,5749,380,,,0,124,,5750,380,,,0,124,,5751,380,,,0,164,,5752,380,,,0,27,,5753,380,,,0,256,,5754,380,,,0,214,,5755,380,,,0
3100,'Fête-2-01',627,,5784,380,,,0,80,,5760,380,,,0,40,,5770,380,,,0,80,,5785,380,,,0,80,,5779,380,,,0,40,,5780,380,,,0,80,,5781,380,,,0,80,,5787,380,,,0,43,,5782,380,,,0,83,,5783,380,,,0,83,,5761,380,,,0,43,,5762,380,,,0,82,,5763,380,,,0,82,,5764,380,,,0,85,,5765,380,,,0,45,,5766,380,,,0,86,,5767,380,,,0,85,,5768,380,,,0,84,,5769,380,,,0,42,,5771,380,,,0,82,,5772,380,,,0,79,,5773,380,,,0,40,,5774,380,,,0,79,,5775,380,,,0,80,,5776,380,,,0,40,,5777,380,,,0,80,,5778,380,,,0
3100,'Samedi-01',617,,5789,380,,,0,83,,5800,380,,,0,204,,5801,380,,,0,125,,5798,380,,,0,124,,5788,380,,,0,164,,5799,380,,,0,124,,5790,380,,,0,164,,5791,380,,,0,124,,5792,380,,,0,124,,5793,380,,,0,164,,5794,380,,,0,27,,5795,380,,,0,256,,5796,380,,,0,214,,5797,380,,,0
3100,'Semaine-01',627,,5826,380,,,0,80,,5802,380,,,0,40,,5812,380,,,0,80,,5827,380,,,0,80,,5821,380,,,0,40,,5822,380,,,0,80,,5823,380,,,0,80,,5829,380,,,0,43,,5824,380,,,0,83,,5825,380,,,0,83,,5803,380,,,0,43,,5804,380,,,0,82,,5805,380,,,0,82,,5806,380,,,0,85,,5807,380,,,0,45,,5808,380,,,0,86,,5809,380,,,0,85,,5810,380,,,0,84,,5811,380,,,0,42,,5813,380,,,0,82,,5814,380,,,0,79,,5815,380,,,0,40,,5816,380,,,0,79,,5817,380,,,0,80,,5818,380,,,0,40,,5819,380,,,0,80,,5820,380,,,0
3200,'Dimanche-01',622,,5830,390,,,0,214,,5835,390,,,0,223,,5838,390,,,0,192,,5839,390,,,0,159,,5831,390,,,0,122,,5841,390,,,0,120,,5832,390,,,0,159,,5834,390,,,0,118,,5833,390,,,0,214,,5836,390,,,0,216,,5837,390,,,0
3200,'Fête-1-01',553,,5842,270,,,0,181,,5848,390,,,0,77,,5843,390,,,0,120,,5851,390,,,0,123,,5852,390,,,0,164,,5853,390,,,0,124,,5844,390,,,0,164,,5855,390,,,0,124,,5845,390,,,0,128,,5846,390,,,0,160,,5847,390,,,0,235,,5849,390,,,0,256,,5850,390,,,0
3200,'Fête-2-01',649,,5881,390,,,0,80,,5856,390,,,0,80,,5884,390,,,0,40,,5867,390,,,0,80,,5875,390,,,0,79,,5876,390,,,0,41,,5877,390,,,0,81,,5878,390,,,0,83,,5879,390,,,0,43,,5880,390,,,0,83,,5857,390,,,0,82,,5858,390,,,0,83,,5859,390,,,0,45,,5883,390,,,0,60,,5860,40,,,0,25,,5861,390,,,0,21,,5885,40,,,0,64,,5862,390,,,0,20,,5886,40,,,0,65,,5863,390,,,0,44,,5864,390,,,0,82,,5865,390,,,0,83,,5866,390,,,0,40,,5868,390,,,0,80,,5869,390,,,0,80,,5870,390,,,0,40,,5871,390,,,0,80,,5872,390,,,0,80,,5873,390,,,0,40,,5874,390,,,0
3200,'Samedi-01',553,,5887,270,,,0,181,,5893,390,,,0,77,,5888,390,,,0,120,,5896,390,,,0,123,,5897,390,,,0,164,,5898,390,,,0,124,,5889,390,,,0,164,,5900,390,,,0,124,,5890,390,,,0,128,,5891,390,,,0,160,,5892,390,,,0,235,,5894,390,,,0,256,,5895,390,,,0
3200,'Semaine-01',649,,5926,390,,,0,80,,5901,390,,,0,80,,5929,390,,,0,40,,5912,390,,,0,80,,5920,390,,,0,79,,5921,390,,,0,41,,5922,390,,,0,81,,5923,390,,,0,83,,5924,390,,,0,43,,5925,390,,,0,83,,5902,390,,,0,82,,5903,390,,,0,83,,5904,390,,,0,45,,5928,390,,,0,60,,5905,40,,,0,25,,5906,390,,,0,21,,5930,40,,,0,64,,5907,390,,,0,20,,5931,40,,,0,65,,5908,390,,,0,44,,5909,390,,,0,82,,5910,390,,,0,83,,5911,390,,,0,40,,5913,390,,,0,80,,5914,390,,,0,80,,5915,390,,,0,40,,5916,390,,,0,80,,5917,390,,,0,80,,5918,390,,,0,40,,5919,390,,,0
9000,'Semaine-01',659,,6077,200,,,0,63,,6078,200,,,0
11100,'Dimanche-01',830,,6109,410,0,5 10,0,188,,6108,410,0,5 10,0,290,,6110,410,0,5 10,0,249,,6111,410,0,5 10,0,345,,6112,410,0,5 10,0
11100,'Fête-1-01',830,,6117,410,0,5 10,0,188,,6116,410,0,5 10,0,290,,6118,410,0,5 10,0,249,,6119,410,0,5 10,0,345,,6120,410,0,5 10,0
11100,'Fête-2-01',539,,6128,410,0,5 14,0,70,,6126,410,0,5 14,0,30,,6129,410,0,5 14,0,70,,6127,410,0,5 14,0,30,,6133,410,0,5 14,0,70,,6134,410,0,5 14,0,36,,6125,410,0,5 10,0,100,,6135,410,0,5 10,0,372,,6124,410,0,5 10,0,397,,6130,410,0,5 14,0,30,,6132,410,0,5 14,0,70,,6131,410,0,5 14,0,130,,6136,410,0,5 10,0
11100,'Samedi-01',830,,6139,410,0,5 10,0,188,,6138,410,0,5 10,0,290,,6140,410,0,5 10,0,249,,6141,410,0,5 10,0,345,,6142,410,0,5 10,0
11100,'Semaine-01',542,,6154,410,0,5 15,0,15,,6148,410,0,5 10,0,60,,6152,410,0,5 15,0,27,,6155,410,0,5 15,0,6,,6149,410,0,5 10,0,54,,6153,410,0,5 15,0,11,,6167,410,0,16 17,0,20,,6161,410,0,5 15,0,20,,6156,410,0,5 15,0,45,,6150,410,0,16 17,0,15,,6163,410,0,5 15,0,40,,6151,410,0,16 17,0,157,,6164,410,0,16 17,0,35,,6146,410,0,16 17,0,265,,6147,410,0,5 10,0,341,,6158,410,0,5 10,0,5,,6157,340,0,5 15,0,92,,6160,410,0,5 10,0,60,,6159,340,0,5 15,0,336,,6162,340,0,5 10,0
