101,'Dimanche-01',738,,5325,240,,,0,206,,5326,240,,,0,170,,5327,240,,,0,133,,5328,240,,,0,167,,5329,240,,,0,120,,5330,240,,,0,120,,5331,240,,,0,160,,5332,240,,,0,118,,5333,240,,,0,174,,5334,240,,,0,114,,5335,240,,,0,113,,5336,240,,,0
101,'Fête-1-01',738,,5337,240,,,0,206,,5338,240,,,0,170,,5339,240,,,0,133,,5340,240,,,0,167,,5341,240,,,0,120,,5342,240,,,0,120,,5343,240,,,0,160,,5344,240,,,0,118,,5345,240,,,0,174,,5346,240,,,0,114,,5347,240,,,0,113,,5348,240,,,0
101,'Fête-2-01',637,,5349,240,,,0,101,,5358,240,,,0,70,,5360,240,,,0,50,,5361,240,,,0,151,,5362,240,,,0,105,,5363,240,,,0,95,,5365,240,,,0,102,,5364,240,,,0,106,,5366,240,,,0,41,,5350,240,,,0,143,,5351,240,,,0,56,,5352,240,,,0,148,,5353,240,,,0,34,,5354,240,,,0,103,,5355,240,,,0,84,,5356,240,,,0,133,,5357,240,,,0,175,,5359,240,,,0
101,'Samedi-01',738,,5367,240,,,0,206,,5368,240,,,0,170,,5369,240,,,0,133,,5370,240,,,0,167,,5371,240,,,0,120,,5372,240,,,0,120,,5373,240,,,0,160,,5374,240,,,0,118,,5375,240,,,0,174,,5376,240,,,0,114,,5377,240,,,0,113,,5378,240,,,0
101,'Semaine-01',632,,5397,110,,,0,5,,5379,240,,,0,101,,5388,240,,,0,70,,5390,240,,,0,50,,5391,240,,,0,151,,5392,240,,,0,105,,5393,240,,,0,95,,5395,240,,,0,102,,5394,240,,,0,106,,5396,240,,,0,41,,5380,240,,,0,143,,5381,240,,,0,56,,5382,240,,,0,148,,5383,240,,,0,34,,5384,240,,,0,103,,5385,240,,,0,84,,5386,240,,,0,133,,5387,240,,,0,175,,5389,240,,,0
2301,'Fête-2-01',1558,,5555,250,,,0,65,,5556,250,,,0,30,,5557,250,,,0,70,,5558,250,,,0,29,,5559,250,,,0,69,,5560,250,,,0,29,,5561,250,,,0
2301,'Semaine-01',1558,,5562,250,,,0,65,,5563,250,,,0,30,,5564,250,,,0,70,,5565,250,,,0,29,,5566,250,,,0,69,,5567,250,,,0,29,,5568,250,,,0
2401,'Fête-2-01',1646,,5580,150,,,0,85,,5581,150,,,0,85,,5583,150,,,0,85,,5582,150,,,0
2401,'Semaine-01',1646,,5584,150,,,0,85,,5585,150,,,0,85,,5588,150,,,0,21,,5587,150,,,0,64,,5586,150,,,0
2801,'Fête-2-01',1402,,5685,180,0,22,0,149,,5688,180,0,22,0,72,,5692,180,0,22,0,27,,5683,180,0,23,0,55,,5691,180,0,22,0,19,,5686,180,0,22,0,10,,5682,180,,,0,10,,5687,180,0,22,0,58,,5684,180,0,23,0,19,,5689,180,0,22,0,15,,5693,180,0,22,0,15,,5690,180,0,22,0
2801,'Semaine-01',1402,,5697,180,0,22,0,149,,5703,180,0,22,0,57,,5706,180,0,22,0,15,,5710,180,0,22,0,12,,5707,180,0,22,0,15,,5695,180,0,23,0,5,,5708,180,0,22,0,50,,5709,180,0,22,0,10,,5698,180,0,22,0,9,,5699,180,0,22,0,10,,5694,180,,,0,10,,5700,180,0,22,0,8,,5701,180,0,22,0,50,,5696,180,0,23,0,14,,5702,180,0,22,0,10,,5704,180,0,22,0,25,,5705,180,0,22,0
3300,'Dimanche-01',545,,5934,120,,,0,82,,5932,120,,,0,90,,5943,120,,,0,41,,5953,120,,,0,83,,5955,120,,,0,93,,5956,120,,,0,80,,5957,120,,,0,40,,5958,120,,,0,80,,5959,120,,,0,80,,5935,120,,,0,40,,5936,120,,,0,79,,5937,120,,,0,80,,5938,120,,,0,40,,5939,120,,,0,79,,5940,120,,,0,79,,5941,120,,,0,39,,5942,120,,,0,79,,5944,120,,,0,79,,5945,120,,,0,40,,5946,120,,,0,87,,5947,120,,,0,85,,5948,120,,,0,86,,5949,120,,,0,47,,5950,120,,,0,86,,5951,120,,,0,83,,5952,120,,,0,88,,5933,120,,,0,43,,5954,120,,,0,159,,5960,120,0,8 6,0
3300,'Fête-1-01',605,,5963,120,,,0,41,,5961,120,,,0,81,,5972,120,,,0,82,,5982,120,,,0,42,,5984,120,,,0,84,,5985,120,,,0,81,,5986,120,,,0,42,,5987,120,,,0,82,,5988,120,,,0,82,,5964,120,,,0,82,,5965,120,,,0,42,,5966,120,,,0,82,,5967,120,,,0,82,,5968,120,,,0,42,,5969,120,,,0,82,,5970,120,,,0,82,,5971,120,,,0,85,,5973,120,,,0,39,,5974,120,,,0,82,,5975,120,,,0,82,,5976,120,,,0,39,,5977,120,,,0,82,,5978,120,,,0,81,,5979,120,,,0,42,,5980,120,,,0,83,,5981,120,,,0,86,,5983,120,,,0,86,,5962,120,,,0,113,,5989,120,0,8 6,0
3300,'Fête-2-01',612,,5990,120,,,0,40,,6018,120,,,0,81,,5999,120,,,0,80,,6009,120,,,0,40,,6012,120,,,0,79,,6013,120,,,0,80,,6014,120,,,0,42,,6015,120,,,0,81,,6016,120,,,0,83,,5991,120,,,0,83,,5992,120,,,0,43,,5993,120,,,0,82,,5994,120,,,0,82,,5995,120,,,0,46,,5996,120,,,0,85,,5997,120,,,0,85,,5998,120,,,0,84,,6000,120,,,0,44,,6001,120,,,0,83,,6002,120,,,0,82,,6003,120,,,0,40,,6004,120,,,0,80,,6005,120,,,0,80,,6006,120,,,0,40,,6007,120,,,0,80,,6008,120,,,0,80,,6010,120,,,0,40,,6011,120,,,0,96,,6017,70,0,8 6,0
3300,'Samedi-01',605,,6021,120,,,0,41,,6019,120,,,0,81,,6030,120,,,0,82,,6040,120,,,0,42,,6042,120,,,0,84,,6043,120,,,0,81,,6044,120,,,0,42,,6045,120,,,0,82,,6046,120,,,0,82,,6022,120,,,0,82,,6023,120,,,0,42,,6024,120,,,0,82,,6025,120,,,0,82,,6026,120,,,0,42,,6027,120,,,0,82,,6028,120,,,0,82,,6029,120,,,0,85,,6031,120,,,0,39,,6032,120,,,0,82,,6033,120,,,0,82,,6034,120,,,0,39,,6035,120,,,0,82,,6036,120,,,0,81,,6037,120,,,0,42,,6038,120,,,0,83,,6039,120,,,0,86,,6041,120,,,0,86,,6020,120,,,0,113,,6047,120,0,8 6,0
3300,'Semaine-01',612,,6048,120,,,0,40,,6076,120,,,0,81,,6057,120,,,0,80,,6067,120,,,0,40,,6070,120,,,0,79,,6071,120,,,0,80,,6072,120,,,0,42,,6073,120,,,0,81,,6074,120,,,0,83,,6049,120,,,0,83,,6050,120,,,0,43,,6051,120,,,0,82,,6052,120,,,0,82,,6053,120,,,0,46,,6054,120,,,0,85,,6055,120,,,0,85,,6056,120,,,0,84,,6058,120,,,0,44,,6059,120,,,0,83,,6060,120,,,0,82,,6061,120,,,0,40,,6062,120,,,0,80,,6063,120,,,0,80,,6064,120,,,0,40,,6065,120,,,0,80,,6066,120,,,0,80,,6068,120,,,0,40,,6069,120,,,0,96,,6075,70,0,8 6,0
9001,'Semaine-01',1844,,6080,150,,,0
