2401,'Fête-2-01',1640,,5580,70,,,0,85,,5581,70,,,0,85,,5583,70,,,0,45,,5582,70,,,0
2401,'Semaine-01',1640,,5584,70,,,0,85,,5585,70,,,0,85,,5588,70,,,0,21,,5587,70,,,0,24,,5586,70,,,0
2501,'Fête-2-01',1557,,5601,180,,,0,80,,5602,180,,,0,74,,5603,180,,,0,39,,5604,180,,,0,80,,5605,180,,,0,28,,5606,180,,,0
2501,'Semaine-01',1557,,5607,180,,,0,80,,5608,180,,,0,74,,5609,180,,,0,39,,5610,180,,,0,80,,5611,180,,,0,28,,5612,180,,,0
2701,'Fête-2-01',610,,5637,70,,,0,40,,5638,70,,,0,81,,5639,70,,,0,80,,5640,70,,,0,744,,5644,70,,,0,81,,5641,70,,,0,84,,5645,70,,,0,86,,5642,70,,,0,45,,5643,70,,,0
2701,'Semaine-01',610,,5646,70,,,0,40,,5647,70,,,0,81,,5648,70,,,0,80,,5649,70,,,0,744,,5653,70,,,0,81,,5650,70,,,0,84,,5654,70,,,0,86,,5651,70,,,0,45,,5652,70,,,0
3200,'Dimanche-01',559,,5830,180,,,0,254,,5835,180,,,0,223,,5838,180,,,0,192,,5839,180,,,0,119,,5831,180,,,0,162,,5841,180,,,0,120,,5832,180,,,0,119,,5834,180,,,0,158,,5833,180,,,0,215,,5836,180,,,0,216,,5837,180,,,0,213,,5840,180,0,6,0
3200,'Fête-1-01',530,,5842,60,,,0,181,,5848,180,,,0,37,,5843,180,,,0,160,,5851,180,,,0,123,,5852,180,,,0,124,,5853,180,,,0,164,,5844,180,,,0,124,,5855,180,,,0,164,,5845,180,,,0,128,,5846,180,,,0,120,,5847,180,,,0,276,,5849,180,,,0,216,,5850,180,,,0,207,,5854,180,0,6,0
3200,'Fête-2-01',626,,5881,180,,,0,80,,5856,180,,,0,39,,5884,180,,,0,80,,5867,180,,,0,80,,5875,180,,,0,41,,5876,180,,,0,81,,5877,180,,,0,81,,5878,180,,,0,43,,5879,180,,,0,84,,5880,180,,,0,83,,5857,180,,,0,82,,5858,180,,,0,42,,5859,180,,,0,85,,5883,180,,,0,85,,5861,180,,,0,44,,5862,180,,,0,86,,5863,180,,,0,85,,5864,180,,,0,82,,5865,180,,,0,43,,5866,180,,,0,81,,5868,180,,,0,80,,5869,180,,,0,40,,5870,180,,,0,80,,5871,180,,,0,80,,5872,180,,,0,40,,5873,180,,,0,80,,5874,180,,,0,112,,5882,180,0,6,0
3200,'Samedi-01',530,,5887,60,,,0,181,,5893,180,,,0,37,,5888,180,,,0,160,,5896,180,,,0,123,,5897,180,,,0,124,,5898,180,,,0,164,,5889,180,,,0,124,,5900,180,,,0,164,,5890,180,,,0,128,,5891,180,,,0,120,,5892,180,,,0,276,,5894,180,,,0,216,,5895,180,,,0,207,,5899,180,0,6,0
3200,'Semaine-01',626,,5926,180,,,0,80,,5901,180,,,0,39,,5929,180,,,0,80,,5912,180,,,0,80,,5920,180,,,0,41,,5921,180,,,0,81,,5922,180,,,0,81,,5923,180,,,0,43,,5924,180,,,0,84,,5925,180,,,0,83,,5902,180,,,0,82,,5903,180,,,0,42,,5904,180,,,0,85,,5928,180,,,0,85,,5906,180,,,0,44,,5907,180,,,0,86,,5908,180,,,0,85,,5909,180,,,0,82,,5910,180,,,0,43,,5911,180,,,0,81,,5913,180,,,0,80,,5914,180,,,0,40,,5915,180,,,0,80,,5916,180,,,0,80,,5917,180,,,0,40,,5918,180,,,0,80,,5919,180,,,0,112,,5927,180,0,6,0
