2000,'Dimanche-01',721,,5398,590,,,0,124,,5399,590,,,0,166,,5400,590,,,0,125,,5401,590,,,0,165,,5402,590,,,0,124,,5403,590,,,0,125,,5404,590,,,0,165,,5405,590,,,0
2000,'Fête-1-01',721,,5406,590,,,0,124,,5407,590,,,0,166,,5408,590,,,0,125,,5409,590,,,0,165,,5410,590,,,0,124,,5411,590,,,0,125,,5412,590,,,0,165,,5413,590,,,0
2000,'Fête-2-01',705,,5414,580,,,0,125,,5415,580,,,0,125,,5416,580,,,0,166,,5417,580,,,0,126,,5418,580,,,0,165,,5419,580,,,0,126,,5420,580,,,0,166,,5421,580,,,0,126,,5422,580,,,0
2000,'Samedi-01',721,,5423,590,,,0,124,,5424,590,,,0,166,,5425,590,,,0,125,,5426,590,,,0,165,,5427,590,,,0,124,,5428,590,,,0,125,,5429,590,,,0,165,,5430,590,,,0
2000,'Semaine-01',705,,5431,580,,,0,125,,5432,580,,,0,125,,5433,580,,,0,166,,5434,580,,,0,126,,5435,580,,,0,165,,5436,580,,,0,126,,5437,580,,,0,166,,5438,580,,,0,126,,5439,580,,,0
2000,'Semaine-01-0001100',1955,,5441,580,,,0,164,,5440,580,,,0
2000001901,'Dimanche-01',740,,6498,20,0,19,0,170,,6499,20,0,19,0,131,,6500,20,0,19,0,171,,6501,20,0,19,0,130,,6502,20,0,19,0,170,,6503,20,0,19,0,130,,6504,20,0,19,0,170,,6505,20,0,19,0,129,,6506,20,0,19,0,170,,6507,20,0,19,0,130,,6508,20,0,19,0,170,,6509,20,0,19,0
2000001901,'Fête-1-01',740,,6510,20,0,19,0,170,,6511,20,0,19,0,131,,6512,20,0,19,0,171,,6513,20,0,19,0,130,,6514,20,0,19,0,170,,6515,20,0,19,0,130,,6516,20,0,19,0,170,,6517,20,0,19,0,129,,6518,20,0,19,0,170,,6519,20,0,19,0,130,,6520,20,0,19,0,170,,6521,20,0,19,0
2000001901,'Fête-2-01',656,,6522,20,0,19,0,100,,6523,20,0,19,0,70,,6524,20,0,19,0,101,,6525,20,0,19,0,100,,6526,20,0,19,0,95,,6527,20,0,19,0,100,,6528,20,0,19,0,100,,6529,20,0,19,0,100,,6530,20,0,19,0,100,,6531,20,0,19,0,103,,6532,20,0,19,0,101,,6533,20,0,19,0,100,,6534,20,0,19,0,30,,6535,20,0,19,0,96,,6536,20,0,19,0,99,,6537,20,0,19,0,160,,6538,20,0,19,0,139,,6539,20,0,19,0
2000001901,'Samedi-01',740,,6540,20,0,19,0,170,,6541,20,0,19,0,131,,6542,20,0,19,0,171,,6543,20,0,19,0,130,,6544,20,0,19,0,170,,6545,20,0,19,0,130,,6546,20,0,19,0,170,,6547,20,0,19,0,129,,6548,20,0,19,0,170,,6549,20,0,19,0,130,,6550,20,0,19,0,170,,6551,20,0,19,0
2000001901,'Semaine-01',656,,6552,20,0,19,0,100,,6553,20,0,19,0,70,,6554,20,0,19,0,101,,6555,20,0,19,0,100,,6556,20,0,19,0,95,,6557,20,0,19,0,100,,6558,20,0,19,0,100,,6559,20,0,19,0,100,,6560,20,0,19,0,100,,6561,20,0,19,0,103,,6562,20,0,19,0,101,,6563,20,0,19,0,100,,6564,20,0,19,0,30,,6565,20,0,19,0,96,,6566,20,0,19,0,99,,6567,20,0,19,0,160,,6568,20,0,19,0,139,,6569,20,0,19,0
