101,'Dimanche-02',728,,7950,120,,,0,205,,7951,120,,,0,170,,7952,120,,,0,132,,7953,120,,,0,166,,7954,120,,,0,120,,7955,120,,,0,120,,7956,120,,,0,160,,7957,120,,,0,119,,7958,120,,,0,134,,7959,120,,,0,154,,7960,120,,,0,115,,7961,120,,,0
101,'Fête-1-02',728,,7962,120,,,0,205,,7963,120,,,0,170,,7964,120,,,0,132,,7965,120,,,0,166,,7966,120,,,0,120,,7967,120,,,0,120,,7968,120,,,0,160,,7969,120,,,0,119,,7970,120,,,0,134,,7971,120,,,0,154,,7972,120,,,0,115,,7973,120,,,0
101,'Fête-2-02',626,,7974,120,,,0,100,,7983,120,,,0,30,,7985,120,,,0,90,,7986,120,,,0,111,,7987,120,,,0,145,,7988,120,,,0,55,,7990,120,,,0,101,,7989,120,,,0,146,,7991,120,,,0,40,,7975,120,,,0,102,,7976,120,,,0,97,,7977,120,,,0,109,,7978,120,,,0,74,,7979,120,,,0,104,,7980,120,,,0,84,,7981,120,,,0,134,,7982,120,,,0,175,,7984,120,,,0
101,'Samedi-02',728,,7992,120,,,0,205,,7993,120,,,0,170,,7994,120,,,0,132,,7995,120,,,0,166,,7996,120,,,0,120,,7997,120,,,0,120,,7998,120,,,0,160,,7999,120,,,0,119,,8000,120,,,0,134,,8001,120,,,0,154,,8002,120,,,0,115,,8003,120,,,0
101,'Semaine-02',626,,8004,120,,,0,100,,8013,120,,,0,30,,8015,120,,,0,90,,8016,120,,,0,111,,8017,120,,,0,145,,8018,120,,,0,55,,8020,120,,,0,101,,8019,120,,,0,146,,8021,120,,,0,40,,8005,120,,,0,102,,8006,120,,,0,97,,8007,120,,,0,109,,8008,120,,,0,74,,8009,120,,,0,104,,8010,120,,,0,84,,8011,120,,,0,134,,8012,120,,,0,175,,8014,120,,,0
2101,'Fête-2-02',658,,8128,120,0,5 6,0,79,,8129,120,0,5 6,0,81,,8130,120,0,5 6,0,796,,8123,120,,,0,30,,8124,120,,,0,69,,8125,120,,,0,30,,8126,120,,,0,70,,8127,120,,,0
2101,'Semaine-02',658,,8137,120,0,5 6,0,79,,8138,120,0,5 6,0,81,,8139,120,0,5 6,0,796,,8131,120,,,0,23,,8132,120,,,0,66,,8133,120,,,0,25,,8134,120,,,0,25,,8135,120,,,0,68,,8136,120,,,0
2301,'Fête-2-02',1548,,8180,120,,,0,65,,8181,120,,,0,30,,8182,120,,,0,70,,8183,120,,,0,29,,8184,120,,,0,69,,8185,120,,,0,30,,8186,120,,,0
2301,'Semaine-02',1548,,8187,120,,,0,65,,8188,120,,,0,30,,8189,120,,,0,70,,8190,120,,,0,29,,8191,120,,,0,69,,8192,120,,,0,30,,8193,120,,,0
2501,'Fête-2-02',1552,,8226,120,,,0,80,,8227,120,,,0,74,,8228,120,,,0,39,,8229,120,,,0,80,,8230,120,,,0,28,,8231,120,,,0
2501,'Semaine-02',1552,,8232,120,,,0,80,,8233,120,,,0,74,,8234,120,,,0,39,,8235,120,,,0,80,,8236,120,,,0,28,,8237,120,,,0
2801,'Fête-2-02',1352,,8310,60,0,22,0,186,,8313,60,0,22,0,72,,8317,60,0,22,0,27,,8308,60,0,23,0,15,,8316,60,0,22,0,59,,8311,60,0,22,0,10,,8307,60,,,0,10,,8312,60,0,22,0,18,,8309,60,0,23,0,59,,8314,60,0,22,0,16,,8318,60,0,22,0,15,,8315,60,0,22,0
2801,'Semaine-02',1352,,8322,60,0,22,0,186,,8328,60,0,22,0,17,,8331,60,0,22,0,55,,8335,60,0,22,0,12,,8332,60,0,22,0,15,,8320,60,0,23,0,5,,8333,60,0,22,0,10,,8334,60,0,22,0,50,,8323,60,0,22,0,9,,8324,60,0,22,0,10,,8319,60,,,0,10,,8325,60,0,22,0,8,,8326,60,0,22,0,10,,8321,60,0,23,0,54,,8327,60,0,22,0,11,,8329,60,0,22,0,25,,8330,60,0,22,0
3100,'Dimanche-02',702,,8369,120,,,0,217,,8370,120,,,0,238,,8368,120,,,0,163,,8361,120,,,0,120,,8362,120,,,0,118,,8363,120,,,0,158,,8364,120,,,0,119,,8365,120,,,0,167,,8366,120,,,0,221,,8360,120,,,0,215,,8367,120,,,0
3100,'Fête-1-02',551,,8372,120,,,0,83,,8383,120,,,0,203,,8384,120,,,0,165,,8381,120,,,0,124,,8371,120,,,0,124,,8382,120,,,0,164,,8373,120,,,0,124,,8374,120,,,0,164,,8375,120,,,0,124,,8376,120,,,0,124,,8377,120,,,0,67,,8378,120,,,0,216,,8379,120,,,0,215,,8380,120,,,0
3100,'Fête-2-02',558,,8409,120,,,0,80,,8385,120,,,0,80,,8395,120,,,0,40,,8410,120,,,0,80,,8404,120,,,0,80,,8405,120,,,0,40,,8406,120,,,0,81,,8412,120,,,0,81,,8407,120,,,0,83,,8408,120,,,0,43,,8386,120,,,0,83,,8387,120,,,0,82,,8388,120,,,0,42,,8389,120,,,0,85,,8390,120,,,0,85,,8391,120,,,0,85,,8392,120,,,0,45,,8393,120,,,0,85,,8394,120,,,0,83,,8396,120,,,0,82,,8397,120,,,0,40,,8398,120,,,0,80,,8399,120,,,0,80,,8400,120,,,0,40,,8401,120,,,0,80,,8402,120,,,0,80,,8403,120,,,0,121,,8411,120,0,5 6,0
3100,'Samedi-02',551,,8414,120,,,0,83,,8425,120,,,0,203,,8426,120,,,0,165,,8423,120,,,0,124,,8413,120,,,0,124,,8424,120,,,0,164,,8415,120,,,0,124,,8416,120,,,0,164,,8417,120,,,0,124,,8418,120,,,0,124,,8419,120,,,0,67,,8420,120,,,0,216,,8421,120,,,0,215,,8422,120,,,0
3100,'Semaine-02',558,,8451,120,,,0,80,,8427,120,,,0,80,,8437,120,,,0,40,,8452,120,,,0,80,,8446,120,,,0,80,,8447,120,,,0,40,,8448,120,,,0,81,,8454,120,,,0,81,,8449,120,,,0,83,,8450,120,,,0,43,,8428,120,,,0,83,,8429,120,,,0,82,,8430,120,,,0,42,,8431,120,,,0,85,,8432,120,,,0,85,,8433,120,,,0,85,,8434,120,,,0,45,,8435,120,,,0,85,,8436,120,,,0,83,,8438,120,,,0,82,,8439,120,,,0,40,,8440,120,,,0,80,,8441,120,,,0,80,,8442,120,,,0,40,,8443,120,,,0,80,,8444,120,,,0,80,,8445,120,,,0,121,,8453,120,0,5 6,0
3200,'Dimanche-02',553,,8455,120,,,0,254,,8460,120,,,0,223,,8463,120,,,0,192,,8464,120,,,0,119,,8456,120,,,0,162,,8466,120,,,0,120,,8457,120,,,0,119,,8459,120,,,0,158,,8458,120,,,0,215,,8461,120,,,0,216,,8462,120,,,0,213,,8465,120,0,6,0
3200,'Fête-1-02',705,,8473,120,,,0,37,,8468,120,,,0,160,,8476,120,,,0,123,,8477,120,,,0,124,,8478,120,,,0,164,,8469,120,,,0,124,,8480,120,,,0,164,,8470,120,,,0,128,,8471,120,,,0,120,,8472,120,,,0,276,,8474,120,,,0,216,,8475,120,,,0,208,,8479,120,0,6,0
3200,'Fête-2-02',621,,8506,120,,,0,80,,8481,120,,,0,39,,8509,120,,,0,79,,8492,120,,,0,40,,8500,120,,,0,82,,8501,120,,,0,81,,8502,120,,,0,81,,8503,120,,,0,43,,8504,120,,,0,83,,8505,120,,,0,83,,8482,120,,,0,42,,8483,120,,,0,82,,8484,120,,,0,85,,8508,120,,,0,85,,8486,120,,,0,44,,8487,120,,,0,86,,8488,120,,,0,85,,8489,120,,,0,82,,8490,120,,,0,43,,8491,120,,,0,81,,8493,120,,,0,80,,8494,120,,,0,40,,8495,120,,,0,80,,8496,120,,,0,80,,8497,120,,,0,41,,8498,120,,,0,80,,8499,120,,,0,112,,8507,120,0,6,0
3200,'Samedi-02',705,,8518,120,,,0,37,,8513,120,,,0,160,,8521,120,,,0,123,,8522,120,,,0,124,,8523,120,,,0,164,,8514,120,,,0,124,,8525,120,,,0,164,,8515,120,,,0,128,,8516,120,,,0,120,,8517,120,,,0,276,,8519,120,,,0,216,,8520,120,,,0,208,,8524,120,0,6,0
3200,'Semaine-02',621,,8551,120,,,0,80,,8526,120,,,0,39,,8554,120,,,0,79,,8537,120,,,0,40,,8545,120,,,0,82,,8546,120,,,0,81,,8547,120,,,0,81,,8548,120,,,0,43,,8549,120,,,0,83,,8550,120,,,0,83,,8527,120,,,0,42,,8528,120,,,0,82,,8529,120,,,0,85,,8553,120,,,0,85,,8531,120,,,0,44,,8532,120,,,0,86,,8533,120,,,0,85,,8534,120,,,0,82,,8535,120,,,0,43,,8536,120,,,0,81,,8538,120,,,0,80,,8539,120,,,0,40,,8540,120,,,0,80,,8541,120,,,0,80,,8542,120,,,0,41,,8543,120,,,0,80,,8544,120,,,0,112,,8552,120,0,6,0
9001,'Semaine-02',1652,,8706,30,0,5 6,0,95,,8704,30,0,5 6,0,87,,8705,30,,,0
11101,'Dimanche-02',911,,8794,120,,,0,148,,8793,120,,,0,296,,8795,120,,,0,288,,8796,120,,,0,304,,8797,120,,,0
11101,'Fête-1-02',911,,8802,120,,,0,148,,8801,120,,,0,296,,8803,120,,,0,288,,8804,120,,,0,304,,8805,120,,,0
11101,'Fête-2-02',720,,8817,130,,,0,100,,8820,130,,,0,100,,8821,130,,,0,11,,8819,120,,,0,275,,8823,120,,,0,200,,8809,120,,,0,151,,8810,130,,,0,70,,8812,130,,,0,30,,8813,130,,,0,70,,8814,130,,,0,30,,8815,130,,,0,70,,8816,130,,,0,30,,8818,130,,,0,70,,8811,130,,,0,110,,8822,120,,,0
11101,'Samedi-02',911,,8826,120,,,0,148,,8825,120,,,0,296,,8827,120,,,0,288,,8828,120,,,0,304,,8829,120,,,0
11101,'Semaine-02',640,,8843,60,,,0,2,,8842,120,,,0,95,,8849,120,,,0,169,,8850,120,,,0,95,,8847,120,,,0,155,,8852,120,,,0,265,,8833,130,,,0,110,,8834,60,,,0,10,,8836,130,,,0,91,,8837,60,,,0,19,,8844,130,,,0,56,,8839,60,,,0,30,,8840,60,,,0,13,,8838,60,,,0,51,,8845,130,,,0,9,,8841,60,,,0,45,,8846,130,,,0,77,,8835,130,,,0,302,,8848,120,,,0
