2000,'Dimanche-01',707,,5398,310,,,0,124,,5399,310,,,0,126,,5400,310,,,0,165,,5401,310,,,0,125,,5402,310,,,0,164,,5403,310,,,0,125,,5404,310,,,0,165,,5405,310,,,0
2000,'Fête-1-01',707,,5406,310,,,0,124,,5407,310,,,0,126,,5408,310,,,0,165,,5409,310,,,0,125,,5410,310,,,0,164,,5411,310,,,0,125,,5412,310,,,0,165,,5413,310,,,0
2000,'Fête-2-01',650,,5414,300,,,0,165,,5415,300,,,0,125,,5416,300,,,0,166,,5417,300,,,0,126,,5418,300,,,0,125,,5419,300,,,0,166,,5420,300,,,0,126,,5421,300,,,0,166,,5422,300,,,0
2000,'Samedi-01',707,,5423,310,,,0,124,,5424,310,,,0,126,,5425,310,,,0,165,,5426,310,,,0,125,,5427,310,,,0,164,,5428,310,,,0,125,,5429,310,,,0,165,,5430,310,,,0
2000,'Semaine-01',650,,5431,300,,,0,165,,5432,300,,,0,125,,5433,300,,,0,166,,5434,300,,,0,126,,5435,300,,,0,125,,5436,300,,,0,166,,5437,300,,,0,126,,5438,300,,,0,166,,5439,300,,,0
2000,'Semaine-01-0001100',1940,,5441,300,,,0,164,,5440,300,,,0
2000002000,'Dimanche-01',533,,6570,30,0,11 13,0,170,,6571,30,0,11 13,0,44,,6582,60,,,0,86,,6572,30,0,11 13,0,84,,6583,60,,,0,86,,6573,30,0,11 13,0,45,,6584,60,,,0,86,,6574,30,0,11 13,0,85,,6585,60,,,0,85,,6575,30,0,11 13,0,45,,6586,60,,,0,85,,6576,30,0,11 13,0,85,,6587,60,,,0,85,,6577,30,0,11 13,0,45,,6588,60,,,0,85,,6578,30,0,11 13,0,85,,6589,60,,,0,85,,6579,30,0,11 13,0,44,,6590,60,,,0,86,,6580,30,0,11 13,0,84,,6591,60,,,0,86,,6581,30,0,11 13,0,44,,6592,60,,,0,170,,6593,60,,,0
2000002000,'Fête-1-01',533,,6594,30,0,11 13,0,170,,6595,30,0,11 13,0,44,,6606,60,,,0,86,,6596,30,0,11 13,0,84,,6607,60,,,0,86,,6597,30,0,11 13,0,45,,6608,60,,,0,86,,6598,30,0,11 13,0,85,,6609,60,,,0,85,,6599,30,0,11 13,0,45,,6610,60,,,0,85,,6600,30,0,11 13,0,85,,6611,60,,,0,85,,6601,30,0,11 13,0,45,,6612,60,,,0,85,,6602,30,0,11 13,0,85,,6613,60,,,0,85,,6603,30,0,11 13,0,44,,6614,60,,,0,86,,6604,30,0,11 13,0,84,,6615,60,,,0,86,,6605,30,0,11 13,0,44,,6616,60,,,0,170,,6617,60,,,0
2000002000,'Fête-2-01',438,,6619,30,0,11 13,0,74,,6618,30,0,11 13,0,22,,6620,60,0,11 13,0,72,,6621,30,0,11 13,0,33,,6637,60,,,0,98,,6638,60,,,0,68,,6639,60,,,0,99,,6624,30,0,11 13,0,31,,6640,60,,,0,69,,6625,30,0,11 13,0,34,,6641,60,,,0,66,,6626,30,0,11 13,0,34,,6642,60,,,0,21,,6627,30,0,11 13,0,74,,6643,60,,,0,21,,6628,30,0,11 13,0,83,,6644,60,,,0,67,,6629,30,0,11 13,0,35,,6645,60,,,0,63,,6630,60,0,11 13,0,32,,6646,60,,,0,70,,6631,30,0,11 13,0,29,,6647,60,,,0,105,,6648,60,,,0,100,,6635,60,,,0,74,,6634,60,,,0,93,,6633,60,,,0,53,,6632,60,,,0,90,,6636,30,0,11 13,0,73,,6623,60,,,0,179,,6622,60,,,0
2000002000,'Samedi-01',533,,6649,30,0,11 13,0,170,,6650,30,0,11 13,0,44,,6661,60,,,0,86,,6651,30,0,11 13,0,84,,6662,60,,,0,86,,6652,30,0,11 13,0,45,,6663,60,,,0,86,,6653,30,0,11 13,0,85,,6664,60,,,0,85,,6654,30,0,11 13,0,45,,6665,60,,,0,85,,6655,30,0,11 13,0,85,,6666,60,,,0,85,,6656,30,0,11 13,0,45,,6667,60,,,0,85,,6657,30,0,11 13,0,85,,6668,60,,,0,85,,6658,30,0,11 13,0,44,,6669,60,,,0,86,,6659,30,0,11 13,0,84,,6670,60,,,0,86,,6660,30,0,11 13,0,44,,6671,60,,,0,170,,6672,60,,,0
2000002000,'Semaine-01',438,,6674,30,0,11 13,0,74,,6673,30,0,11 13,0,22,,6675,60,0,11 13,0,72,,6676,30,0,11 13,0,33,,6692,60,,,0,98,,6693,60,,,0,68,,6694,60,,,0,99,,6679,30,0,11 13,0,31,,6695,60,,,0,69,,6680,30,0,11 13,0,34,,6696,60,,,0,66,,6681,30,0,11 13,0,34,,6697,60,,,0,21,,6682,30,0,11 13,0,74,,6698,60,,,0,21,,6683,30,0,11 13,0,83,,6699,60,,,0,67,,6684,30,0,11 13,0,35,,6700,60,,,0,63,,6685,60,0,11 13,0,32,,6701,60,,,0,70,,6686,30,0,11 13,0,29,,6702,60,,,0,105,,6703,60,,,0,100,,6690,60,,,0,74,,6689,60,,,0,93,,6688,60,,,0,53,,6687,60,,,0,90,,6691,30,0,11 13,0,73,,6678,60,,,0,179,,6677,60,,,0
