2400,'Fête-2-02',634,,8194,240,,,0,80,,8195,240,,,0,40,,8197,240,,,0,80,,8198,240,,,0,80,,8196,240,,,0
2400,'Semaine-02',612,,8199,240,,,0,22,,8200,240,,,0,74,,8201,240,,,0,92,,8203,240,,,0,34,,8204,240,,,0,80,,8202,240,,,0
2500,'Fête-2-02',602,,8217,280,,,0,34,,8214,300,,,0,21,,8218,280,,,0,69,,8215,300,,,0,26,,8219,280,,,0,69,,8216,300,,,0
2500,'Semaine-02',602,,8223,280,,,0,34,,8220,300,,,0,21,,8224,280,,,0,69,,8221,300,,,0,26,,8225,280,,,0,69,,8222,300,,,0
2700,'Fête-2-02',554,,8242,200,,,0,80,,8243,200,,,0,80,,8244,200,,,0,40,,8245,200,,,0,80,,8246,200,,,0,787,,8247,200,,,0,83,,8248,200,,,0,46,,8249,200,,,0,84,,8250,200,,,0,86,,8251,200,,,0
2700,'Semaine-02',554,,8252,200,,,0,80,,8253,200,,,0,80,,8254,200,,,0,40,,8255,200,,,0,80,,8256,200,,,0,787,,8257,200,,,0,83,,8258,200,,,0,46,,8259,200,,,0,84,,8260,200,,,0,86,,8261,200,,,0
3100,'Dimanche-02',723,,8369,340,,,0,218,,8370,340,,,0,278,,8368,340,,,0,123,,8361,340,,,0,160,,8362,340,,,0,118,,8363,340,,,0,118,,8364,340,,,0,119,,8365,340,,,0,167,,8366,340,,,0,221,,8360,340,,,0,214,,8367,340,,,0
3100,'Fête-1-02',612,,8372,340,,,0,43,,8383,340,,,0,204,,8384,340,,,0,165,,8381,340,,,0,124,,8371,340,,,0,164,,8382,340,,,0,124,,8373,340,,,0,164,,8374,340,,,0,124,,8375,340,,,0,124,,8376,340,,,0,164,,8377,340,,,0,27,,8378,340,,,0,216,,8379,340,,,0,254,,8380,340,,,0
3100,'Fête-2-02',620,,8409,340,,,0,80,,8385,340,,,0,40,,8395,340,,,0,80,,8410,340,,,0,80,,8404,340,,,0,40,,8405,340,,,0,80,,8406,340,,,0,81,,8412,340,,,0,43,,8407,340,,,0,83,,8408,340,,,0,83,,8386,340,,,0,43,,8387,340,,,0,82,,8388,340,,,0,82,,8389,340,,,0,85,,8390,340,,,0,45,,8391,340,,,0,86,,8392,340,,,0,85,,8393,340,,,0,84,,8394,340,,,0,42,,8396,340,,,0,82,,8397,340,,,0,79,,8398,340,,,0,40,,8399,340,,,0,79,,8400,340,,,0,80,,8401,340,,,0,40,,8402,340,,,0,80,,8403,340,,,0,121,,8411,340,0,5 6,0
3100,'Samedi-02',612,,8414,340,,,0,43,,8425,340,,,0,204,,8426,340,,,0,165,,8423,340,,,0,124,,8413,340,,,0,164,,8424,340,,,0,124,,8415,340,,,0,164,,8416,340,,,0,124,,8417,340,,,0,124,,8418,340,,,0,164,,8419,340,,,0,27,,8420,340,,,0,216,,8421,340,,,0,254,,8422,340,,,0
3100,'Semaine-02',620,,8451,340,,,0,80,,8427,340,,,0,40,,8437,340,,,0,80,,8452,340,,,0,80,,8446,340,,,0,40,,8447,340,,,0,80,,8448,340,,,0,81,,8454,340,,,0,43,,8449,340,,,0,83,,8450,340,,,0,83,,8428,340,,,0,43,,8429,340,,,0,82,,8430,340,,,0,82,,8431,340,,,0,85,,8432,340,,,0,45,,8433,340,,,0,86,,8434,340,,,0,85,,8435,340,,,0,84,,8436,340,,,0,42,,8438,340,,,0,82,,8439,340,,,0,79,,8440,340,,,0,40,,8441,340,,,0,79,,8442,340,,,0,80,,8443,340,,,0,40,,8444,340,,,0,80,,8445,340,,,0,121,,8453,340,0,5 6,0
