101,'Dimanche-01',741,,5325,290,,,0,206,,5326,290,,,0,171,,5327,290,,,0,133,,5328,290,,,0,167,,5329,290,,,0,120,,5330,290,,,0,120,,5331,290,,,0,160,,5332,290,,,0,117,,5333,290,,,0,174,,5334,290,,,0,114,,5335,290,,,0,113,,5336,290,,,0
101,'Fête-1-01',741,,5337,290,,,0,206,,5338,290,,,0,171,,5339,290,,,0,133,,5340,290,,,0,167,,5341,290,,,0,120,,5342,290,,,0,120,,5343,290,,,0,160,,5344,290,,,0,117,,5345,290,,,0,174,,5346,290,,,0,114,,5347,290,,,0,113,,5348,290,,,0
101,'Fête-2-01',640,,5349,290,,,0,101,,5358,290,,,0,70,,5360,290,,,0,90,,5361,290,,,0,111,,5362,290,,,0,105,,5363,290,,,0,95,,5365,290,,,0,103,,5364,290,,,0,106,,5366,290,,,0,81,,5350,290,,,0,103,,5351,290,,,0,96,,5352,290,,,0,107,,5353,290,,,0,34,,5354,290,,,0,103,,5355,290,,,0,84,,5356,290,,,0,173,,5357,290,,,0,135,,5359,290,,,0
101,'Samedi-01',741,,5367,290,,,0,206,,5368,290,,,0,171,,5369,290,,,0,133,,5370,290,,,0,167,,5371,290,,,0,120,,5372,290,,,0,120,,5373,290,,,0,160,,5374,290,,,0,117,,5375,290,,,0,174,,5376,290,,,0,114,,5377,290,,,0,113,,5378,290,,,0
101,'Semaine-01',635,,5397,160,,,0,5,,5379,290,,,0,101,,5388,290,,,0,70,,5390,290,,,0,90,,5391,290,,,0,111,,5392,290,,,0,105,,5393,290,,,0,95,,5395,290,,,0,103,,5394,290,,,0,106,,5396,290,,,0,81,,5380,290,,,0,103,,5381,290,,,0,96,,5382,290,,,0,107,,5383,290,,,0,34,,5384,290,,,0,103,,5385,290,,,0,84,,5386,290,,,0,173,,5387,290,,,0,135,,5389,290,,,0
2301,'Fête-2-01',1601,,5555,300,,,0,25,,5556,300,,,0,30,,5557,300,,,0,70,,5558,300,,,0,28,,5559,300,,,0,69,,5560,300,,,0,29,,5561,300,,,0
2301,'Semaine-01',1601,,5562,300,,,0,25,,5563,300,,,0,30,,5564,300,,,0,70,,5565,300,,,0,28,,5566,300,,,0,69,,5567,300,,,0,29,,5568,300,,,0
2801,'Fête-2-01',1406,,5685,230,0,22,0,150,,5688,230,0,22,0,71,,5692,230,0,22,0,27,,5683,230,0,23,0,55,,5691,230,0,22,0,19,,5686,230,0,22,0,10,,5682,230,,,0,10,,5687,230,0,22,0,58,,5684,230,0,23,0,19,,5689,230,0,22,0,15,,5693,230,0,22,0,15,,5690,230,0,22,0
2801,'Semaine-01',1406,,5697,230,0,22,0,150,,5703,230,0,22,0,56,,5706,230,0,22,0,15,,5710,230,0,22,0,12,,5707,230,0,22,0,15,,5695,230,0,23,0,5,,5708,230,0,22,0,50,,5709,230,0,22,0,10,,5698,230,0,22,0,9,,5699,230,0,22,0,10,,5694,230,,,0,10,,5700,230,0,22,0,8,,5701,230,0,22,0,50,,5696,230,0,23,0,14,,5702,230,0,22,0,10,,5704,230,0,22,0,25,,5705,230,0,22,0
3300,'Dimanche-01',547,,5934,170,,,0,82,,5932,170,,,0,90,,5943,170,,,0,81,,5953,170,,,0,43,,5955,170,,,0,93,,5956,170,,,0,80,,5957,170,,,0,40,,5958,170,,,0,80,,5959,170,,,0,80,,5935,170,,,0,40,,5936,170,,,0,79,,5937,170,,,0,80,,5938,170,,,0,40,,5939,170,,,0,79,,5940,170,,,0,79,,5941,170,,,0,39,,5942,170,,,0,79,,5944,170,,,0,79,,5945,170,,,0,40,,5946,170,,,0,87,,5947,170,,,0,85,,5948,170,,,0,86,,5949,170,,,0,47,,5950,170,,,0,86,,5951,170,,,0,83,,5952,170,,,0,88,,5933,170,,,0,43,,5954,170,,,0,159,,5960,170,0,8 6,0
3300,'Fête-1-01',607,,5963,170,,,0,41,,5961,170,,,0,81,,5972,170,,,0,82,,5982,170,,,0,42,,5984,170,,,0,84,,5985,170,,,0,81,,5986,170,,,0,82,,5987,170,,,0,42,,5988,170,,,0,82,,5964,170,,,0,82,,5965,170,,,0,42,,5966,170,,,0,82,,5967,170,,,0,82,,5968,170,,,0,42,,5969,170,,,0,82,,5970,170,,,0,82,,5971,170,,,0,85,,5973,170,,,0,39,,5974,170,,,0,82,,5975,170,,,0,82,,5976,170,,,0,39,,5977,170,,,0,82,,5978,170,,,0,81,,5979,170,,,0,42,,5980,170,,,0,83,,5981,170,,,0,86,,5983,170,,,0,86,,5962,170,,,0,113,,5989,170,0,8 6,0
3300,'Fête-2-01',614,,5990,170,,,0,40,,6018,170,,,0,81,,5999,170,,,0,80,,6009,170,,,0,40,,6012,170,,,0,79,,6013,170,,,0,80,,6014,170,,,0,42,,6015,170,,,0,81,,6016,170,,,0,83,,5991,170,,,0,83,,5992,170,,,0,43,,5993,170,,,0,82,,5994,170,,,0,83,,5995,170,,,0,46,,5996,170,,,0,85,,5997,170,,,0,85,,5998,170,,,0,84,,6000,170,,,0,43,,6001,170,,,0,83,,6002,170,,,0,82,,6003,170,,,0,40,,6004,170,,,0,80,,6005,170,,,0,80,,6006,170,,,0,40,,6007,170,,,0,80,,6008,170,,,0,80,,6010,170,,,0,40,,6011,170,,,0,96,,6017,120,0,8 6,0
3300,'Samedi-01',607,,6021,170,,,0,41,,6019,170,,,0,81,,6030,170,,,0,82,,6040,170,,,0,42,,6042,170,,,0,84,,6043,170,,,0,81,,6044,170,,,0,82,,6045,170,,,0,42,,6046,170,,,0,82,,6022,170,,,0,82,,6023,170,,,0,42,,6024,170,,,0,82,,6025,170,,,0,82,,6026,170,,,0,42,,6027,170,,,0,82,,6028,170,,,0,82,,6029,170,,,0,85,,6031,170,,,0,39,,6032,170,,,0,82,,6033,170,,,0,82,,6034,170,,,0,39,,6035,170,,,0,82,,6036,170,,,0,81,,6037,170,,,0,42,,6038,170,,,0,83,,6039,170,,,0,86,,6041,170,,,0,86,,6020,170,,,0,113,,6047,170,0,8 6,0
3300,'Semaine-01',614,,6048,170,,,0,40,,6076,170,,,0,81,,6057,170,,,0,80,,6067,170,,,0,40,,6070,170,,,0,79,,6071,170,,,0,80,,6072,170,,,0,42,,6073,170,,,0,81,,6074,170,,,0,83,,6049,170,,,0,83,,6050,170,,,0,43,,6051,170,,,0,82,,6052,170,,,0,83,,6053,170,,,0,46,,6054,170,,,0,85,,6055,170,,,0,85,,6056,170,,,0,84,,6058,170,,,0,43,,6059,170,,,0,83,,6060,170,,,0,82,,6061,170,,,0,40,,6062,170,,,0,80,,6063,170,,,0,80,,6064,170,,,0,40,,6065,170,,,0,80,,6066,170,,,0,80,,6068,170,,,0,40,,6069,170,,,0,96,,6075,120,0,8 6,0
9001,'Semaine-01',1847,,6080,200,,,0
