101,'Dimanche-01',757,,5325,500,,,0,246,,5326,500,,,0,131,,5327,500,,,0,173,,5328,500,,,0,127,,5329,500,,,0,120,,5330,500,,,0,160,,5331,500,,,0,120,,5332,500,,,0,117,,5333,500,,,0,174,,5334,500,,,0,114,,5335,500,,,0,113,,5336,500,,,0
101,'Fête-1-01',757,,5337,500,,,0,246,,5338,500,,,0,131,,5339,500,,,0,173,,5340,500,,,0,127,,5341,500,,,0,120,,5342,500,,,0,160,,5343,500,,,0,120,,5344,500,,,0,117,,5345,500,,,0,174,,5346,500,,,0,114,,5347,500,,,0,113,,5348,500,,,0
101,'Fête-2-01',657,,5349,500,,,0,101,,5358,500,,,0,70,,5360,500,,,0,90,,5361,500,,,0,110,,5362,500,,,0,105,,5363,500,,,0,95,,5365,500,,,0,105,,5364,500,,,0,106,,5366,500,,,0,81,,5350,500,,,0,105,,5351,500,,,0,96,,5352,500,,,0,105,,5353,500,,,0,74,,5354,500,,,0,103,,5355,500,,,0,43,,5356,500,,,0,173,,5357,500,,,0,134,,5359,500,,,0
101,'Samedi-01',757,,5367,500,,,0,246,,5368,500,,,0,131,,5369,500,,,0,173,,5370,500,,,0,127,,5371,500,,,0,120,,5372,500,,,0,160,,5373,500,,,0,120,,5374,500,,,0,117,,5375,500,,,0,174,,5376,500,,,0,114,,5377,500,,,0,113,,5378,500,,,0
101,'Semaine-01',652,,5397,370,,,0,5,,5379,500,,,0,101,,5388,500,,,0,70,,5390,500,,,0,90,,5391,500,,,0,110,,5392,500,,,0,105,,5393,500,,,0,95,,5395,500,,,0,105,,5394,500,,,0,106,,5396,500,,,0,81,,5380,500,,,0,105,,5381,500,,,0,96,,5382,500,,,0,105,,5383,500,,,0,74,,5384,500,,,0,103,,5385,500,,,0,43,,5386,500,,,0,173,,5387,500,,,0,134,,5389,500,,,0
2000,'Dimanche-01',726,,5398,690,,,0,124,,5399,690,,,0,166,,5400,690,,,0,125,,5401,690,,,0,165,,5402,690,,,0,125,,5403,690,,,0,125,,5404,690,,,0,165,,5405,690,,,0
2000,'Fête-1-01',726,,5406,690,,,0,124,,5407,690,,,0,166,,5408,690,,,0,125,,5409,690,,,0,165,,5410,690,,,0,125,,5411,690,,,0,125,,5412,690,,,0,165,,5413,690,,,0
2000,'Fête-2-01',711,,5414,680,,,0,125,,5415,680,,,0,165,,5416,680,,,0,126,,5417,680,,,0,126,,5418,680,,,0,165,,5419,680,,,0,126,,5420,680,,,0,166,,5421,680,,,0,126,,5422,680,,,0
2000,'Samedi-01',726,,5423,690,,,0,124,,5424,690,,,0,166,,5425,690,,,0,125,,5426,690,,,0,165,,5427,690,,,0,125,,5428,690,,,0,125,,5429,690,,,0,165,,5430,690,,,0
2000,'Semaine-01',711,,5431,680,,,0,125,,5432,680,,,0,165,,5433,680,,,0,126,,5434,680,,,0,126,,5435,680,,,0,165,,5436,680,,,0,126,,5437,680,,,0,166,,5438,680,,,0,126,,5439,680,,,0
2000,'Semaine-01-0001100',1959,,5441,680,,,0,164,,5440,680,,,0
2801,'Fête-2-01',1704,,5683,390,0,23,0,44,,5682,390,,,0,68,,5684,390,0,23,0
2801,'Semaine-01',1704,,5695,390,0,23,0,44,,5694,390,,,0,68,,5696,390,0,23,0
