100,'Dimanche-02',700,,7889,770,4,,0,200,,7878,770,4,,0,130,,7879,770,4,,0,171,,7880,770,4,,0,125,,7881,770,4,,0,123,,7882,770,4,,0,157,,7883,770,4,,0,120,,7884,770,4,,0,122,,7885,770,4,,0,175,,7886,770,4,,0,115,,7887,770,4,,0,115,,7888,770,4,,0
100,'Fête-1-02',700,,7901,770,4,,0,200,,7890,770,4,,0,130,,7891,770,4,,0,171,,7892,770,4,,0,125,,7893,770,4,,0,123,,7894,770,4,,0,157,,7895,770,4,,0,120,,7896,770,4,,0,122,,7897,770,4,,0,175,,7898,770,4,,0,115,,7899,770,4,,0,115,,7900,770,4,,0
100,'Fête-2-02',548,,7902,770,4,,0,106,,7903,770,4,,0,68,,7904,770,4,,0,84,,7905,770,4,,0,115,,7906,770,4,,0,103,,7909,770,4,,0,92,,7918,770,4,,0,103,,7910,770,4,,0,105,,7919,770,4,,0,78,,7911,770,4,,0,101,,7912,770,4,,0,100,,7916,770,4,,0,110,,7913,770,4,,0,34,,7914,770,4,,0,102,,7907,770,4,,0,92,,7908,770,4,,0,171,,7917,770,4,,0,143,,7915,770,4,,0
100,'Samedi-02',700,,7931,770,4,,0,200,,7920,770,4,,0,130,,7921,770,4,,0,171,,7922,770,4,,0,125,,7923,770,4,,0,123,,7924,770,4,,0,157,,7925,770,4,,0,120,,7926,770,4,,0,122,,7927,770,4,,0,175,,7928,770,4,,0,115,,7929,770,4,,0,115,,7930,770,4,,0
100,'Semaine-02',548,,7932,770,4,,0,106,,7933,770,4,,0,68,,7934,770,4,,0,84,,7935,770,4,,0,115,,7936,770,4,,0,103,,7939,770,4,,0,92,,7948,770,4,,0,103,,7940,770,4,,0,105,,7949,770,4,,0,78,,7941,770,4,,0,101,,7942,770,4,,0,100,,7946,770,4,,0,110,,7943,770,4,,0,34,,7944,770,4,,0,102,,7937,770,4,,0,92,,7938,770,4,,0,171,,7947,770,4,,0,143,,7945,770,4,,0
2100,'Fête-2-02',605,,8111,410,4,,0,30,,8112,410,4,,0,73,,8113,410,4,,0,38,,8114,410,4,,0,70,,8115,410,4,,0,36,,8116,410,4,,0
2100,'Semaine-02',605,,8117,410,4,,0,30,,8118,410,4,,0,73,,8119,410,4,,0,38,,8120,410,4,,0,70,,8121,410,4,,0,36,,8122,410,4,,0
2300,'Fête-2-02',606,,8164,450,4,,0,27,,8165,450,4,,0,17,,8166,450,4,,0,75,,8167,450,4,,0,26,,8168,450,4,,0,61,,8169,450,4,,0,21,,8170,450,4,,0,20,,8171,450,4,,0
2300,'Semaine-02',606,,8172,450,4,,0,27,,8173,450,4,,0,17,,8174,450,4,,0,75,,8175,450,4,,0,26,,8176,450,4,,0,61,,8177,450,4,,0,21,,8178,450,4,,0,20,,8179,450,4,,0
2500,'Fête-2-02',623,,8217,430,4,,0,34,,8214,450,4,,0,61,,8218,430,4,,0,29,,8215,450,4,,0,66,,8219,430,4,,0,29,,8216,450,4,,0
2500,'Semaine-02',623,,8223,430,4,,0,34,,8220,450,4,,0,61,,8224,430,4,,0,29,,8221,450,4,,0,66,,8225,430,4,,0,29,,8222,450,4,,0
2600,'Fête-2-02',520,,8238,400,4,,0,16,,8239,410,4,,0
2600,'Semaine-02',520,,8240,400,4,,0,16,,8241,410,4,,0
3100,'Dimanche-02',740,,8369,490,4,,0,219,,8370,490,4,,0,278,,8368,490,4,,0,163,,8361,490,4,,0,120,,8362,490,4,,0,118,,8363,490,4,,0,118,,8364,490,4,,0,159,,8365,490,4,,0,127,,8366,490,4,,0,261,,8360,490,4,,0,213,,8367,490,4,,0
3100,'Fête-1-02',629,,8372,490,4,,0,83,,8383,490,4,,0,205,,8384,490,4,,0,125,,8381,490,4,,0,164,,8371,490,4,,0,124,,8382,490,4,,0,124,,8373,490,4,,0,164,,8374,490,4,,0,124,,8375,490,4,,0,164,,8376,490,4,,0,124,,8377,490,4,,0,27,,8378,490,4,,0,256,,8379,490,4,,0,213,,8380,490,4,,0
3100,'Fête-2-02',643,,8409,490,4,,0,80,,8385,490,4,,0,82,,8395,490,4,,0,40,,8410,490,4,,0,80,,8404,490,4,,0,80,,8405,490,4,,0,37,,8406,490,4,,0,79,,8412,490,4,,0,84,,8407,490,4,,0,43,,8408,490,4,,0,83,,8386,490,4,,0,83,,8387,490,4,,0,42,,8388,490,4,,0,84,,8389,490,4,,0,84,,8390,490,4,,0,85,,8391,490,4,,0,46,,8392,490,4,,0,83,,8393,490,4,,0,84,,8394,490,4,,0,82,,8396,490,4,,0,42,,8397,490,4,,0,79,,8398,490,4,,0,80,,8399,490,4,,0,37,,8400,490,4,,0,80,,8401,490,4,,0,80,,8402,490,4,,0,40,,8403,490,4,,0
3100,'Samedi-02',629,,8414,490,4,,0,83,,8425,490,4,,0,205,,8426,490,4,,0,125,,8423,490,4,,0,164,,8413,490,4,,0,124,,8424,490,4,,0,124,,8415,490,4,,0,164,,8416,490,4,,0,124,,8417,490,4,,0,164,,8418,490,4,,0,124,,8419,490,4,,0,27,,8420,490,4,,0,256,,8421,490,4,,0,213,,8422,490,4,,0
3100,'Semaine-02',643,,8451,490,4,,0,80,,8427,490,4,,0,82,,8437,490,4,,0,40,,8452,490,4,,0,80,,8446,490,4,,0,80,,8447,490,4,,0,37,,8448,490,4,,0,79,,8454,490,4,,0,84,,8449,490,4,,0,43,,8450,490,4,,0,83,,8428,490,4,,0,83,,8429,490,4,,0,42,,8430,490,4,,0,84,,8431,490,4,,0,84,,8432,490,4,,0,85,,8433,490,4,,0,46,,8434,490,4,,0,83,,8435,490,4,,0,84,,8436,490,4,,0,82,,8438,490,4,,0,42,,8439,490,4,,0,79,,8440,490,4,,0,80,,8441,490,4,,0,37,,8442,490,4,,0,80,,8443,490,4,,0,80,,8444,490,4,,0,40,,8445,490,4,,0
3200,'Dimanche-02',635,,8455,500,4,,0,214,,8460,500,4,,0,263,,8463,500,4,,0,192,,8464,500,4,,0,119,,8456,500,4,,0,122,,8466,500,4,,0,160,,8457,500,4,,0,119,,8459,500,4,,0,118,,8458,500,4,,0,213,,8461,500,4,,0,256,,8462,500,4,,0
3200,'Fête-1-02',606,,8467,380,4,,0,141,,8473,500,4,,0,77,,8468,500,4,,0,120,,8476,500,4,,0,163,,8477,500,4,,0,124,,8478,500,4,,0,124,,8469,500,4,,0,164,,8480,500,4,,0,124,,8470,500,4,,0,168,,8471,500,4,,0,120,,8472,500,4,,0,274,,8474,500,4,,0,216,,8475,500,4,,0
3200,'Fête-2-02',707,,8506,500,4,,0,41,,8481,500,4,,0,80,,8509,500,4,,0,80,,8492,500,4,,0,40,,8500,500,4,,0,77,,8501,500,4,,0,81,,8502,500,4,,0,41,,8503,500,4,,0,83,,8504,500,4,,0,83,,8505,500,4,,0,43,,8482,500,4,,0,82,,8483,500,4,,0,84,,8484,500,4,,0,86,,8508,500,4,,0,17,,8485,150,4,,0,28,,8486,500,4,,0,58,,8510,150,4,,0,24,,8487,500,4,,0,20,,8511,150,4,,0,65,,8488,500,4,,0,84,,8489,500,4,,0,41,,8490,500,4,,0,83,,8491,500,4,,0,80,,8493,500,4,,0,40,,8494,500,4,,0,80,,8495,500,4,,0,80,,8496,500,4,,0,40,,8497,500,4,,0,80,,8498,500,4,,0,80,,8499,500,4,,0
3200,'Samedi-02',606,,8512,380,4,,0,141,,8518,500,4,,0,77,,8513,500,4,,0,120,,8521,500,4,,0,163,,8522,500,4,,0,124,,8523,500,4,,0,124,,8514,500,4,,0,164,,8525,500,4,,0,124,,8515,500,4,,0,168,,8516,500,4,,0,120,,8517,500,4,,0,274,,8519,500,4,,0,216,,8520,500,4,,0
3200,'Semaine-02',707,,8551,500,4,,0,41,,8526,500,4,,0,80,,8554,500,4,,0,80,,8537,500,4,,0,40,,8545,500,4,,0,77,,8546,500,4,,0,81,,8547,500,4,,0,41,,8548,500,4,,0,83,,8549,500,4,,0,83,,8550,500,4,,0,43,,8527,500,4,,0,82,,8528,500,4,,0,84,,8529,500,4,,0,86,,8553,500,4,,0,17,,8530,150,4,,0,28,,8531,500,4,,0,58,,8555,150,4,,0,24,,8532,500,4,,0,20,,8556,150,4,,0,65,,8533,500,4,,0,84,,8534,500,4,,0,41,,8535,500,4,,0,83,,8536,500,4,,0,80,,8538,500,4,,0,40,,8539,500,4,,0,80,,8540,500,4,,0,80,,8541,500,4,,0,40,,8542,500,4,,0,80,,8543,500,4,,0,80,,8544,500,4,,0
9800,'Fête-2-02',708,,8719,290,4,,0,102,,8707,390,4,,0,104,,8711,390,4,,0,105,,8712,390,4,,0,506,,8713,390,4,,0,105,,8714,390,4,,0,105,,8715,390,4,,0,104,,8716,390,4,,0,102,,8717,390,4,,0,97,,8718,390,4,,0,94,,8708,390,4,,0,90,,8709,390,4,,0
9800,'Semaine-02',708,,8732,290,4,,0,102,,8720,390,4,,0,104,,8724,390,4,,0,105,,8725,390,4,,0,506,,8726,390,4,,0,105,,8727,390,4,,0,105,,8728,390,4,,0,104,,8729,390,4,,0,102,,8730,390,4,,0,97,,8731,390,4,,0,94,,8721,390,4,,0,90,,8722,390,4,,0
11100,'Dimanche-02',846,,8734,520,4,,0,187,,8733,520,4,,0,291,,8735,520,4,,0,290,,8736,520,4,,0,305,,8737,520,4,,0
11100,'Fête-1-02',846,,8742,520,4,,0,187,,8741,520,4,,0,291,,8743,520,4,,0,290,,8744,520,4,,0,305,,8745,520,4,,0
11100,'Fête-2-02',604,,8753,520,4,,0,30,,8751,520,4,,0,70,,8754,520,4,,0,30,,8752,520,4,,0,70,,8758,520,4,,0,30,,8759,520,4,,0,70,,8750,520,4,,0,100,,8760,520,4,,0,329,,8749,520,4,,0,397,,8755,520,4,,0,70,,8757,520,4,,0,30,,8756,520,4,,0,170,,8761,520,4,,0
11100,'Samedi-02',846,,8764,520,4,,0,187,,8763,520,4,,0,291,,8765,520,4,,0,290,,8766,520,4,,0,305,,8767,520,4,,0
11100,'Semaine-02',611,,8773,520,4,,0,97,,8774,520,4,,0,111,,8775,520,4,,0,95,,8776,520,4,,0,114,,8789,520,4,,0,75,,8771,520,4,,0,225,,8772,520,4,,0,380,,8783,520,4,,0,97,,8785,520,4,,0,396,,8787,450,4,,0
