11101,'Dimanche-02',739,,8798,120,,,0,184,,8794,250,,,0,189,,8793,250,,,0,297,,8795,250,,,0,249,,8796,250,,,0,152,,8799,120,,,0,149,,8797,250,,,0,292,,8800,120,,,0
11101,'Fête-1-02',739,,8806,120,,,0,184,,8802,250,,,0,189,,8801,250,,,0,297,,8803,250,,,0,249,,8804,250,,,0,152,,8807,120,,,0,149,,8805,250,,,0,292,,8808,120,,,0
11101,'Fête-2-02',731,,8817,260,,,0,100,,8820,260,,,0,100,,8821,260,,,0,271,,8824,120,,,0,16,,8823,250,,,0,202,,8809,250,,,0,190,,8810,260,,,0,30,,8812,260,,,0,70,,8813,260,,,0,30,,8814,260,,,0,70,,8815,260,,,0,30,,8816,260,,,0,70,,8818,260,,,0,30,,8811,260,,,0,110,,8822,250,,,0
11101,'Samedi-02',739,,8830,120,,,0,184,,8826,250,,,0,189,,8825,250,,,0,297,,8827,250,,,0,249,,8828,250,,,0,152,,8831,120,,,0,149,,8829,250,,,0,292,,8832,120,,,0
11101,'Semaine-02',654,,8842,250,,,0,97,,8849,250,,,0,450,,8853,120,,,0,7,,8852,250,,,0,227,,8833,260,,,0,111,,8834,190,,,0,10,,8836,260,,,0,91,,8837,190,,,0,59,,8844,260,,,0,16,,8839,190,,,0,29,,8840,190,,,0,53,,8838,190,,,0,11,,8845,260,,,0,9,,8841,190,,,0,84,,8846,260,,,0,37,,8835,260,,,0,107,,8851,120,,,0,194,,8848,250,,,0
14001,'Dimanche-02',837,,8856,130,,,0,115,,8857,130,,,0,155,,8858,130,,,0,115,,8859,130,,,0,115,,8860,130,,,0,115,,8861,130,,,0,160,,8862,130,,,0,120,,8855,130,,,0
14001,'Fête-1-02',837,,8865,130,,,0,115,,8866,130,,,0,155,,8867,130,,,0,115,,8868,130,,,0,115,,8869,130,,,0,115,,8870,130,,,0,160,,8871,130,,,0,120,,8864,130,,,0
14001,'Fête-2-02',750,,8872,80,,,0,161,,8874,130,,,0,120,,8875,130,,,0,121,,8876,130,,,0,165,,8877,130,,,0,125,,8878,130,,,0,165,,8879,130,,,0,125,,8880,130,,,0,126,,8881,130,,,0,160,,8882,130,,,0,113,,8883,130,,,0
14001,'Samedi-02',837,,8887,130,,,0,115,,8888,130,,,0,155,,8889,130,,,0,115,,8890,130,,,0,115,,8891,130,,,0,115,,8892,130,,,0,160,,8893,130,,,0,120,,8886,130,,,0
14001,'Semaine-02',750,,8894,80,,,0,161,,8896,130,,,0,120,,8897,130,,,0,121,,8898,130,,,0,165,,8899,130,,,0,125,,8900,130,,,0,165,,8901,130,,,0,125,,8902,130,,,0,126,,8903,130,,,0,160,,8904,130,,,0,113,,8905,130,,,0
