2000,'Dimanche-02',707,,8023,290,,,0,124,,8024,290,,,0,126,,8025,290,,,0,165,,8026,290,,,0,125,,8027,290,,,0,164,,8028,290,,,0,125,,8029,290,,,0,165,,8030,290,,,0
2000,'Fête-1-02',707,,8031,290,,,0,124,,8032,290,,,0,126,,8033,290,,,0,165,,8034,290,,,0,125,,8035,290,,,0,164,,8036,290,,,0,125,,8037,290,,,0,165,,8038,290,,,0
2000,'Fête-2-02',650,,8039,290,,,0,165,,8040,290,,,0,125,,8041,290,,,0,166,,8042,290,,,0,126,,8043,290,,,0,125,,8044,290,,,0,166,,8045,290,,,0,126,,8046,290,,,0,166,,8047,290,,,0
2000,'Samedi-02',707,,8048,290,,,0,124,,8049,290,,,0,126,,8050,290,,,0,165,,8051,290,,,0,125,,8052,290,,,0,164,,8053,290,,,0,125,,8054,290,,,0,165,,8055,290,,,0
2000,'Semaine-02',650,,8056,290,,,0,165,,8057,290,,,0,125,,8058,290,,,0,166,,8059,290,,,0,126,,8060,290,,,0,125,,8061,290,,,0,166,,8062,290,,,0,126,,8063,290,,,0,166,,8064,290,,,0
2000,'Semaine-02-0001100',1940,,8066,290,,,0,164,,8065,290,,,0
2000002000,'Dimanche-02',532,,9195,20,0,11 13,0,170,,9196,20,0,11 13,0,44,,9207,50,,,0,86,,9197,20,0,11 13,0,84,,9208,50,,,0,86,,9198,20,0,11 13,0,45,,9209,50,,,0,86,,9199,20,0,11 13,0,85,,9210,50,,,0,85,,9200,20,0,11 13,0,45,,9211,50,,,0,85,,9201,20,0,11 13,0,85,,9212,50,,,0,85,,9202,20,0,11 13,0,45,,9213,50,,,0,85,,9203,20,0,11 13,0,85,,9214,50,,,0,85,,9204,20,0,11 13,0,44,,9215,50,,,0,86,,9205,20,0,11 13,0,84,,9216,50,,,0,86,,9206,20,0,11 13,0,44,,9217,50,,,0,170,,9218,50,,,0
2000002000,'Fête-1-02',532,,9219,20,0,11 13,0,170,,9220,20,0,11 13,0,44,,9231,50,,,0,86,,9221,20,0,11 13,0,84,,9232,50,,,0,86,,9222,20,0,11 13,0,45,,9233,50,,,0,86,,9223,20,0,11 13,0,85,,9234,50,,,0,85,,9224,20,0,11 13,0,45,,9235,50,,,0,85,,9225,20,0,11 13,0,85,,9236,50,,,0,85,,9226,20,0,11 13,0,45,,9237,50,,,0,85,,9227,20,0,11 13,0,85,,9238,50,,,0,85,,9228,20,0,11 13,0,44,,9239,50,,,0,86,,9229,20,0,11 13,0,84,,9240,50,,,0,86,,9230,20,0,11 13,0,44,,9241,50,,,0,170,,9242,50,,,0
2000002000,'Fête-2-02',437,,9244,20,0,11 13,0,74,,9243,20,0,11 13,0,22,,9245,50,0,11 13,0,72,,9246,20,0,11 13,0,33,,9262,50,,,0,98,,9263,50,,,0,68,,9264,50,,,0,99,,9249,20,0,11 13,0,31,,9265,50,,,0,69,,9250,20,0,11 13,0,34,,9266,50,,,0,66,,9251,20,0,11 13,0,34,,9267,50,,,0,21,,9252,20,0,11 13,0,74,,9268,50,,,0,21,,9253,20,0,11 13,0,83,,9269,50,,,0,67,,9254,20,0,11 13,0,35,,9270,50,,,0,63,,9255,50,0,11 13,0,32,,9271,50,,,0,70,,9256,20,0,11 13,0,29,,9272,50,,,0,105,,9273,50,,,0,100,,9260,50,,,0,74,,9259,50,,,0,93,,9258,50,,,0,53,,9257,50,,,0,90,,9261,20,0,11 13,0,73,,9248,50,,,0,139,,9247,50,,,0
2000002000,'Samedi-02',532,,9274,20,0,11 13,0,170,,9275,20,0,11 13,0,44,,9286,50,,,0,86,,9276,20,0,11 13,0,84,,9287,50,,,0,86,,9277,20,0,11 13,0,45,,9288,50,,,0,86,,9278,20,0,11 13,0,85,,9289,50,,,0,85,,9279,20,0,11 13,0,45,,9290,50,,,0,85,,9280,20,0,11 13,0,85,,9291,50,,,0,85,,9281,20,0,11 13,0,45,,9292,50,,,0,85,,9282,20,0,11 13,0,85,,9293,50,,,0,85,,9283,20,0,11 13,0,44,,9294,50,,,0,86,,9284,20,0,11 13,0,84,,9295,50,,,0,86,,9285,20,0,11 13,0,44,,9296,50,,,0,170,,9297,50,,,0
2000002000,'Semaine-02',437,,9299,20,0,11 13,0,74,,9298,20,0,11 13,0,22,,9300,50,0,11 13,0,72,,9301,20,0,11 13,0,33,,9317,50,,,0,98,,9318,50,,,0,68,,9319,50,,,0,99,,9304,20,0,11 13,0,31,,9320,50,,,0,69,,9305,20,0,11 13,0,34,,9321,50,,,0,66,,9306,20,0,11 13,0,34,,9322,50,,,0,21,,9307,20,0,11 13,0,74,,9323,50,,,0,21,,9308,20,0,11 13,0,83,,9324,50,,,0,67,,9309,20,0,11 13,0,35,,9325,50,,,0,63,,9310,50,0,11 13,0,32,,9326,50,,,0,70,,9311,20,0,11 13,0,29,,9327,50,,,0,105,,9328,50,,,0,100,,9315,50,,,0,74,,9314,50,,,0,93,,9313,50,,,0,53,,9312,50,,,0,90,,9316,20,0,11 13,0,73,,9303,50,,,0,139,,9302,50,,,0
