100,'Dimanche-01',558,,5264,80,,,0,200,,5253,80,,,0,165,,5254,80,,,0,130,,5255,80,,,0,165,,5256,80,,,0,124,,5257,80,,,0,160,,5258,80,,,0,120,,5259,80,,,0,124,,5260,80,,,0,175,,5261,80,,,0,115,,5262,80,,,0,115,,5263,80,,,0
100,'Fête-1-01',558,,5276,80,,,0,200,,5265,80,,,0,165,,5266,80,,,0,130,,5267,80,,,0,165,,5268,80,,,0,124,,5269,80,,,0,160,,5270,80,,,0,120,,5271,80,,,0,124,,5272,80,,,0,175,,5273,80,,,0,115,,5274,80,,,0,115,,5275,80,,,0
100,'Fête-2-01',441,,5277,80,,,0,103,,5278,80,,,0,65,,5279,80,,,0,41,,5280,80,,,0,159,,5281,80,,,0,106,,5284,80,,,0,94,,5293,80,,,0,101,,5285,80,,,0,99,,5294,80,,,0,38,,5286,80,,,0,102,,5287,80,,,0,100,,5291,80,,,0,110,,5288,80,,,0,75,,5289,80,,,0,109,,5282,80,,,0,95,,5283,80,,,0,174,,5292,80,,,0,145,,5290,80,,,0
100,'Samedi-01',558,,5306,80,,,0,200,,5295,80,,,0,165,,5296,80,,,0,130,,5297,80,,,0,165,,5298,80,,,0,124,,5299,80,,,0,160,,5300,80,,,0,120,,5301,80,,,0,124,,5302,80,,,0,175,,5303,80,,,0,115,,5304,80,,,0,115,,5305,80,,,0
100,'Semaine-01',441,,5307,80,,,0,103,,5308,80,,,0,65,,5309,80,,,0,41,,5310,80,,,0,159,,5311,80,,,0,106,,5314,80,,,0,94,,5323,80,,,0,101,,5315,80,,,0,99,,5324,80,,,0,38,,5316,80,,,0,102,,5317,80,,,0,100,,5321,80,,,0,110,,5318,80,,,0,75,,5319,80,,,0,109,,5312,80,,,0,95,,5313,80,,,0,174,,5322,80,,,0,145,,5320,80,,,0
2000,'Dimanche-01',649,,5398,40,,,0,164,,5399,40,,,0,125,,5400,40,,,0,165,,5401,40,,,0,125,,5402,40,,,0,125,,5403,40,,,0,165,,5404,40,,,0,125,,5405,40,,,0
2000,'Fête-1-01',649,,5406,40,,,0,164,,5407,40,,,0,125,,5408,40,,,0,165,,5409,40,,,0,125,,5410,40,,,0,125,,5411,40,,,0,165,,5412,40,,,0,125,,5413,40,,,0
2000,'Fête-2-01',631,,5414,40,,,0,125,,5415,40,,,0,165,,5416,40,,,0,126,,5417,40,,,0,166,,5418,40,,,0,125,,5419,40,,,0,166,,5420,40,,,0,126,,5421,40,,,0,126,,5422,40,,,0
2000,'Samedi-01',649,,5423,40,,,0,164,,5424,40,,,0,125,,5425,40,,,0,165,,5426,40,,,0,125,,5427,40,,,0,125,,5428,40,,,0,165,,5429,40,,,0,125,,5430,40,,,0
2000,'Semaine-01',631,,5431,40,,,0,125,,5432,40,,,0,165,,5433,40,,,0,126,,5434,40,,,0,166,,5435,40,,,0,125,,5436,40,,,0,166,,5437,40,,,0,126,,5438,40,,,0,126,,5439,40,,,0
2000,'Semaine-01-0001100',1922,,5441,40,,,0,124,,5440,40,,,0
