2000002300,'Dimanche-02',549,,9596,40,,,0,79,,9598,40,,,0,74,,9599,40,,,0,101,,9600,40,,,0,41,,9601,40,,,0,75,,9602,40,,,0,107,,9603,40,,,0,97,,9604,40,,,0,95,,9605,40,,,0,82,,9606,40,,,0,37,,9607,40,,,0,83,,9608,40,,,0,39,,9609,40,,,0,82,,9610,40,,,0,78,,9611,40,,,0,40,,9612,40,,,0,79,,9613,40,,,0,82,,9614,40,,,0,36,,9615,40,,,0,146,,9616,40,,,0,109,,9617,40,,,0,112,,9618,40,,,0,104,,9619,40,,,0,111,,9620,40,,,0,102,,9597,40,,,0
2000002300,'Fête-1-02',551,,9621,40,,,0,83,,9623,40,,,0,81,,9624,40,,,0,35,,9625,40,,,0,87,,9626,40,,,0,84,,9627,40,,,0,81,,9628,40,,,0,53,,9629,40,,,0,90,,9630,40,,,0,85,,9631,40,,,0,79,,9632,40,,,0,41,,9633,40,,,0,83,,9634,40,,,0,85,,9635,40,,,0,39,,9636,40,,,0,85,,9637,40,,,0,83,,9638,40,,,0,80,,9639,40,,,0,40,,9640,40,,,0,85,,9641,40,,,0,87,,9642,40,,,0,104,,9643,40,,,0,80,,9644,40,,,0,32,,9645,40,,,0,104,,9646,40,,,0,111,,9647,40,,,0,96,,9622,40,,,0
2000002300,'Fête-2-02',558,,9648,40,,,0,80,,9649,40,,,0,80,,9673,40,,,0,41,,9674,40,,,0,79,,9650,40,,,0,80,,9672,40,,,0,40,,9670,40,,,0,81,,9669,40,,,0,82,,9671,40,,,0,83,,9668,40,,,0,43,,9665,40,,,0,83,,9667,40,,,0,82,,9666,40,,,0,42,,9664,40,,,0,85,,9663,40,,,0,85,,9662,40,,,0,86,,9661,40,,,0,45,,9660,40,,,0,85,,9659,40,,,0,82,,9658,40,,,0,82,,9657,40,,,0,39,,9656,40,,,0,80,,9655,40,,,0,80,,9654,40,,,0,40,,9653,40,,,0,80,,9652,40,,,0,80,,9651,40,,,0,121,,9675,40,,,0
2000002300,'Samedi-02',551,,9676,40,,,0,83,,9678,40,,,0,81,,9679,40,,,0,35,,9680,40,,,0,87,,9681,40,,,0,84,,9682,40,,,0,81,,9683,40,,,0,53,,9684,40,,,0,90,,9685,40,,,0,85,,9686,40,,,0,79,,9687,40,,,0,41,,9688,40,,,0,83,,9689,40,,,0,85,,9690,40,,,0,39,,9691,40,,,0,85,,9692,40,,,0,83,,9693,40,,,0,80,,9694,40,,,0,40,,9695,40,,,0,85,,9696,40,,,0,87,,9697,40,,,0,104,,9698,40,,,0,80,,9699,40,,,0,32,,9700,40,,,0,104,,9701,40,,,0,111,,9702,40,,,0,96,,9677,40,,,0
2000002300,'Semaine-02',558,,9703,40,,,0,80,,9704,40,,,0,80,,9728,40,,,0,41,,9729,40,,,0,79,,9705,40,,,0,80,,9727,40,,,0,40,,9725,40,,,0,81,,9724,40,,,0,82,,9726,40,,,0,83,,9723,40,,,0,43,,9720,40,,,0,83,,9722,40,,,0,82,,9721,40,,,0,42,,9719,40,,,0,85,,9718,40,,,0,85,,9717,40,,,0,86,,9716,40,,,0,45,,9715,40,,,0,85,,9714,40,,,0,82,,9713,40,,,0,82,,9712,40,,,0,39,,9711,40,,,0,80,,9710,40,,,0,80,,9709,40,,,0,40,,9708,40,,,0,80,,9707,40,,,0,80,,9706,40,,,0,121,,9730,40,,,0
2000002301,'Dimanche-02',612,,9731,40,,,0,34,,9741,40,,,0,80,,9736,40,,,0,101,,9746,40,,,0,76,,9742,40,,,0,40,,9735,40,,,0,107,,9737,40,,,0,97,,9738,40,,,0,95,,9745,40,,,0,75,,9739,40,,,0,84,,9734,40,,,0,38,,9747,40,,,0,84,,9740,40,,,0,77,,9744,40,,,0,43,,9743,40,,,0,79,,9733,40,,,0,80,,9748,40,,,0,37,,9749,40,,,0,81,,9754,40,,,0,106,,9751,40,,,0,109,,9750,40,,,0,112,,9755,40,,,0,104,,9753,40,,,0,151,,9752,40,,,0,102,,9732,40,,,0
2000002301,'Fête-1-02',615,,9756,40,,,0,43,,9766,40,,,0,76,,9761,40,,,0,75,,9772,40,,,0,92,,9767,40,,,0,40,,9760,40,,,0,85,,9769,40,,,0,88,,9762,40,,,0,95,,9763,40,,,0,40,,9771,40,,,0,84,,9764,40,,,0,76,,9759,40,,,0,48,,9773,40,,,0,80,,9765,40,,,0,84,,9770,40,,,0,80,,9768,40,,,0,48,,9758,40,,,0,75,,9774,40,,,0,85,,9775,40,,,0,40,,9780,40,,,0,92,,9777,40,,,0,104,,9776,40,,,0,72,,9781,40,,,0,40,,9782,40,,,0,144,,9779,40,,,0,111,,9778,40,,,0,96,,9757,40,,,0
2000002301,'Fête-2-02',622,,9811,40,,,0,80,,9808,40,,,0,40,,9809,40,,,0,80,,9810,40,,,0,80,,9806,40,,,0,40,,9807,40,,,0,80,,9804,40,,,0,81,,9803,40,,,0,42,,9805,40,,,0,83,,9801,40,,,0,83,,9798,40,,,0,43,,9802,40,,,0,82,,9800,40,,,0,82,,9799,40,,,0,85,,9797,40,,,0,45,,9796,40,,,0,86,,9795,40,,,0,85,,9794,40,,,0,85,,9793,40,,,0,42,,9792,40,,,0,82,,9791,40,,,0,79,,9790,40,,,0,40,,9789,40,,,0,80,,9788,40,,,0,80,,9787,40,,,0,40,,9786,40,,,0,80,,9785,40,,,0,74,,9784,40,,,0,58,,9783,40,,,0
2000002301,'Samedi-02',615,,9812,40,,,0,43,,9822,40,,,0,76,,9817,40,,,0,75,,9828,40,,,0,92,,9823,40,,,0,40,,9816,40,,,0,85,,9825,40,,,0,88,,9818,40,,,0,95,,9819,40,,,0,40,,9827,40,,,0,84,,9820,40,,,0,76,,9815,40,,,0,48,,9829,40,,,0,80,,9821,40,,,0,84,,9826,40,,,0,80,,9824,40,,,0,48,,9814,40,,,0,75,,9830,40,,,0,85,,9831,40,,,0,40,,9836,40,,,0,92,,9833,40,,,0,104,,9832,40,,,0,72,,9837,40,,,0,40,,9838,40,,,0,144,,9835,40,,,0,111,,9834,40,,,0,96,,9813,40,,,0
2000002301,'Semaine-02',622,,9867,40,,,0,80,,9864,40,,,0,40,,9865,40,,,0,80,,9866,40,,,0,80,,9862,40,,,0,40,,9863,40,,,0,80,,9860,40,,,0,81,,9859,40,,,0,42,,9861,40,,,0,83,,9857,40,,,0,83,,9854,40,,,0,43,,9858,40,,,0,82,,9856,40,,,0,82,,9855,40,,,0,85,,9853,40,,,0,45,,9852,40,,,0,86,,9851,40,,,0,85,,9850,40,,,0,85,,9849,40,,,0,42,,9848,40,,,0,82,,9847,40,,,0,79,,9846,40,,,0,40,,9845,40,,,0,80,,9844,40,,,0,80,,9843,40,,,0,40,,9842,40,,,0,80,,9841,40,,,0,74,,9840,40,,,0,58,,9839,40,,,0
