100,'Dimanche-02',609,,7889,260,,,0,200,,7878,260,,,0,125,,7879,260,,,0,170,,7880,260,,,0,125,,7881,260,,,0,124,,7882,260,,,0,160,,7883,260,,,0,120,,7884,260,,,0,124,,7885,260,,,0,175,,7886,260,,,0,115,,7887,260,,,0,155,,7888,260,,,0
100,'Fête-1-02',609,,7901,260,,,0,200,,7890,260,,,0,125,,7891,260,,,0,170,,7892,260,,,0,125,,7893,260,,,0,124,,7894,260,,,0,160,,7895,260,,,0,120,,7896,260,,,0,124,,7897,260,,,0,175,,7898,260,,,0,115,,7899,260,,,0,155,,7900,260,,,0
100,'Fête-2-02',453,,7902,260,,,0,103,,7903,260,,,0,65,,7904,260,,,0,81,,7905,260,,,0,119,,7906,260,,,0,105,,7909,260,,,0,94,,7918,260,,,0,101,,7910,260,,,0,100,,7919,260,,,0,38,,7911,260,,,0,142,,7912,260,,,0,100,,7916,260,,,0,110,,7913,260,,,0,35,,7914,260,,,0,108,,7907,260,,,0,95,,7908,260,,,0,173,,7917,260,,,0,185,,7915,260,,,0
100,'Samedi-02',609,,7931,260,,,0,200,,7920,260,,,0,125,,7921,260,,,0,170,,7922,260,,,0,125,,7923,260,,,0,124,,7924,260,,,0,160,,7925,260,,,0,120,,7926,260,,,0,124,,7927,260,,,0,175,,7928,260,,,0,115,,7929,260,,,0,155,,7930,260,,,0
100,'Semaine-02',453,,7932,260,,,0,103,,7933,260,,,0,65,,7934,260,,,0,81,,7935,260,,,0,119,,7936,260,,,0,105,,7939,260,,,0,94,,7948,260,,,0,101,,7940,260,,,0,100,,7949,260,,,0,38,,7941,260,,,0,142,,7942,260,,,0,100,,7946,260,,,0,110,,7943,260,,,0,35,,7944,260,,,0,108,,7937,260,,,0,95,,7938,260,,,0,173,,7947,260,,,0,185,,7945,260,,,0
2000,'Dimanche-02',719,,8023,540,,,0,124,,8024,540,,,0,166,,8025,540,,,0,125,,8026,540,,,0,125,,8027,540,,,0,164,,8028,540,,,0,125,,8029,540,,,0,165,,8030,540,,,0
2000,'Fête-1-02',719,,8031,540,,,0,124,,8032,540,,,0,166,,8033,540,,,0,125,,8034,540,,,0,125,,8035,540,,,0,164,,8036,540,,,0,125,,8037,540,,,0,165,,8038,540,,,0
2000,'Fête-2-02',703,,8039,540,,,0,125,,8040,540,,,0,125,,8041,540,,,0,166,,8042,540,,,0,126,,8043,540,,,0,165,,8044,540,,,0,126,,8045,540,,,0,166,,8046,540,,,0,126,,8047,540,,,0
2000,'Samedi-02',719,,8048,540,,,0,124,,8049,540,,,0,166,,8050,540,,,0,125,,8051,540,,,0,125,,8052,540,,,0,164,,8053,540,,,0,125,,8054,540,,,0,165,,8055,540,,,0
2000,'Semaine-02',703,,8056,540,,,0,125,,8057,540,,,0,125,,8058,540,,,0,166,,8059,540,,,0,126,,8060,540,,,0,165,,8061,540,,,0,126,,8062,540,,,0,166,,8063,540,,,0,126,,8064,540,,,0
2000,'Semaine-02-0001100',1953,,8066,540,,,0,164,,8065,540,,,0
2800,'Fête-2-02',529,,8281,90,,,0,85,,8280,130,,,0,20,,8282,90,,,0
2800,'Semaine-02',529,,8291,90,,,0,85,,8290,130,,,0,16,,8292,90,,,0
