11101,'Dimanche-01',739,,6173,110,,,0,184,,6169,240,,,0,189,,6168,240,,,0,297,,6170,240,,,0,249,,6171,240,,,0,152,,6174,110,,,0,149,,6172,240,,,0,292,,6175,110,,,0
11101,'Fête-1-01',739,,6181,110,,,0,184,,6177,240,,,0,189,,6176,240,,,0,297,,6178,240,,,0,249,,6179,240,,,0,152,,6182,110,,,0,149,,6180,240,,,0,292,,6183,110,,,0
11101,'Fête-2-01',731,,6192,250,,,0,100,,6195,250,,,0,100,,6196,250,,,0,271,,6199,110,,,0,16,,6198,240,,,0,202,,6184,240,,,0,190,,6185,250,,,0,30,,6187,250,,,0,70,,6188,250,,,0,30,,6189,250,,,0,70,,6190,250,,,0,30,,6191,250,,,0,70,,6193,250,,,0,30,,6186,250,,,0,110,,6197,240,,,0
11101,'Samedi-01',739,,6205,110,,,0,184,,6201,240,,,0,189,,6200,240,,,0,297,,6202,240,,,0,249,,6203,240,,,0,152,,6206,110,,,0,149,,6204,240,,,0,292,,6207,110,,,0
11101,'Semaine-01',654,,6217,240,,,0,97,,6224,240,,,0,450,,6228,110,,,0,7,,6227,240,,,0,227,,6208,250,,,0,110,,6209,180,,,0,10,,6211,250,,,0,91,,6212,180,,,0,59,,6219,250,,,0,16,,6214,180,,,0,30,,6215,180,,,0,53,,6213,180,,,0,11,,6220,250,,,0,9,,6216,180,,,0,84,,6221,250,,,0,37,,6210,250,,,0,107,,6226,110,,,0,194,,6223,240,,,0
14001,'Dimanche-01',836,,6231,120,,,0,115,,6232,120,,,0,155,,6233,120,,,0,115,,6234,120,,,0,115,,6235,120,,,0,115,,6236,120,,,0,160,,6237,120,,,0,120,,6230,120,,,0
14001,'Fête-1-01',836,,6240,120,,,0,115,,6241,120,,,0,155,,6242,120,,,0,115,,6243,120,,,0,115,,6244,120,,,0,115,,6245,120,,,0,160,,6246,120,,,0,120,,6239,120,,,0
14001,'Fête-2-01',749,,6247,70,,,0,161,,6249,120,,,0,120,,6250,120,,,0,121,,6251,120,,,0,165,,6252,120,,,0,125,,6253,120,,,0,165,,6254,120,,,0,125,,6255,120,,,0,126,,6256,120,,,0,160,,6257,120,,,0,113,,6258,120,,,0
14001,'Samedi-01',836,,6262,120,,,0,115,,6263,120,,,0,155,,6264,120,,,0,115,,6265,120,,,0,115,,6266,120,,,0,115,,6267,120,,,0,160,,6268,120,,,0,120,,6261,120,,,0
14001,'Semaine-01',749,,6269,70,,,0,161,,6271,120,,,0,120,,6272,120,,,0,121,,6273,120,,,0,165,,6274,120,,,0,125,,6275,120,,,0,165,,6276,120,,,0,125,,6277,120,,,0,126,,6278,120,,,0,160,,6279,120,,,0,113,,6280,120,,,0
