11100,'Dimanche-01',710,,6113,170,0,5 6,0,100,,6109,170,0,5 10,0,145,,6108,170,0,5 10,0,290,,6110,170,0,5 10,0,290,,6111,170,0,5 10,0,200,,6114,170,0,5 6,0,106,,6112,170,0,5 10,0,380,,6115,170,0,5 6,0
11100,'Fête-1-01',710,,6121,170,0,5 6,0,100,,6117,170,0,5 10,0,145,,6116,170,0,5 10,0,290,,6118,170,0,5 10,0,290,,6119,170,0,5 10,0,200,,6122,170,0,5 6,0,106,,6120,170,0,5 10,0,380,,6123,170,0,5 6,0
11100,'Fête-2-01',520,,6128,170,0,5 14,0,30,,6126,170,0,5 14,0,70,,6129,170,0,5 14,0,30,,6127,170,0,5 14,0,70,,6133,170,0,5 14,0,30,,6134,170,0,5 14,0,70,,6125,170,0,5 10,0,100,,6135,170,0,5 10,0,210,,6137,170,0,5 6,0,125,,6124,170,0,5 10,0,401,,6130,170,0,5 14,0,70,,6132,170,0,5 14,0,30,,6131,170,0,5 14,0,170,,6136,170,0,5 10,0
11100,'Samedi-01',710,,6143,170,0,5 6,0,100,,6139,170,0,5 10,0,145,,6138,170,0,5 10,0,290,,6140,170,0,5 10,0,290,,6141,170,0,5 10,0,200,,6144,170,0,5 6,0,106,,6142,170,0,5 10,0,380,,6145,170,0,5 6,0
11100,'Semaine-01',520,,6154,170,0,5 15,0,15,,6148,170,0,5 10,0,20,,6152,170,0,5 15,0,65,,6155,170,0,5 15,0,5,,6149,170,0,5 10,0,15,,6153,170,0,5 15,0,10,,6167,170,0,16 17,0,60,,6161,170,0,5 15,0,20,,6156,170,0,5 15,0,5,,6150,170,0,16 17,0,15,,6163,170,0,5 15,0,80,,6151,170,0,16 17,0,120,,6164,170,0,16 17,0,75,,6146,170,0,16 17,0,105,,6166,170,0,5 6,0,120,,6147,170,0,5 10,0,380,,6158,170,0,5 10,0,12,,6157,170,0,5 15,0,88,,6160,170,0,5 10,0,22,,6159,170,0,5 15,0,273,,6165,170,0,5 6,0,105,,6162,170,0,5 10,0
14001,'Dimanche-01',745,,6229,230,,,0,112,,6231,380,,,0,155,,6232,380,,,0,116,,6233,380,,,0,116,,6234,380,,,0,115,,6235,380,,,0,155,,6236,380,,,0,120,,6237,380,,,0,119,,6230,380,,,0
14001,'Fête-1-01',745,,6238,230,,,0,112,,6240,380,,,0,155,,6241,380,,,0,116,,6242,380,,,0,116,,6243,380,,,0,115,,6244,380,,,0,155,,6245,380,,,0,120,,6246,380,,,0,119,,6239,380,,,0
14001,'Fête-2-01',610,,6248,230,,,0,97,,6259,250,,,0,103,,6247,330,,,0,121,,6249,380,,,0,120,,6250,380,,,0,162,,6251,380,,,0,125,,6252,380,,,0,165,,6253,380,,,0,125,,6254,380,,,0,124,,6255,380,,,0,166,,6256,380,,,0,119,,6257,380,,,0,113,,6258,380,,,0
14001,'Samedi-01',745,,6260,230,,,0,112,,6262,380,,,0,155,,6263,380,,,0,116,,6264,380,,,0,116,,6265,380,,,0,115,,6266,380,,,0,155,,6267,380,,,0,120,,6268,380,,,0,119,,6261,380,,,0
14001,'Semaine-01',610,,6270,230,,,0,97,,6281,250,,,0,103,,6269,330,,,0,121,,6271,380,,,0,120,,6272,380,,,0,162,,6273,380,,,0,125,,6274,380,,,0,165,,6275,380,,,0,125,,6276,380,,,0,124,,6277,380,,,0,166,,6278,380,,,0,119,,6279,380,,,0,113,,6280,380,,,0
