100,'Dimanche-02',629,,7889,500,,,0,200,,7878,500,,,0,125,,7879,500,,,0,170,,7880,500,,,0,125,,7881,500,,,0,164,,7882,500,,,0,119,,7883,500,,,0,120,,7884,500,,,0,163,,7885,500,,,0,135,,7886,500,,,0,155,,7887,500,,,0,115,,7888,500,,,0
100,'Fête-1-02',629,,7901,500,,,0,200,,7890,500,,,0,125,,7891,500,,,0,170,,7892,500,,,0,125,,7893,500,,,0,164,,7894,500,,,0,119,,7895,500,,,0,120,,7896,500,,,0,163,,7897,500,,,0,135,,7898,500,,,0,155,,7899,500,,,0,115,,7900,500,,,0
100,'Fête-2-02',514,,7902,500,,,0,104,,7903,500,,,0,26,,7904,500,,,0,81,,7905,500,,,0,119,,7906,500,,,0,104,,7909,500,,,0,94,,7918,500,,,0,101,,7910,500,,,0,100,,7919,500,,,0,78,,7911,500,,,0,102,,7912,500,,,0,100,,7916,500,,,0,110,,7913,500,,,0,75,,7914,500,,,0,107,,7907,500,,,0,93,,7908,500,,,0,133,,7917,500,,,0,184,,7915,500,,,0
100,'Samedi-02',629,,7931,500,,,0,200,,7920,500,,,0,125,,7921,500,,,0,170,,7922,500,,,0,125,,7923,500,,,0,164,,7924,500,,,0,119,,7925,500,,,0,120,,7926,500,,,0,163,,7927,500,,,0,135,,7928,500,,,0,155,,7929,500,,,0,115,,7930,500,,,0
100,'Semaine-02',514,,7932,500,,,0,104,,7933,500,,,0,26,,7934,500,,,0,81,,7935,500,,,0,119,,7936,500,,,0,104,,7939,500,,,0,94,,7948,500,,,0,101,,7940,500,,,0,100,,7949,500,,,0,78,,7941,500,,,0,102,,7942,500,,,0,100,,7946,500,,,0,110,,7943,500,,,0,75,,7944,500,,,0,107,,7937,500,,,0,93,,7938,500,,,0,133,,7947,500,,,0,184,,7945,500,,,0
2300,'Fête-2-02',534,,8164,170,,,0,25,,8165,170,,,0,55,,8166,170,,,0,35,,8167,170,,,0,65,,8168,170,,,0,20,,8169,170,,,0,20,,8170,170,,,0,60,,8171,170,,,0
2300,'Semaine-02',534,,8172,170,,,0,25,,8173,170,,,0,55,,8174,170,,,0,35,,8175,170,,,0,65,,8176,170,,,0,20,,8177,170,,,0,20,,8178,170,,,0,60,,8179,170,,,0
2800,'Fête-2-02',506,,8284,30,,,0,20,,8283,30,,,0,15,,8281,270,,,0,65,,8289,30,,,0,20,,8280,310,,,0,20,,8282,270,,,0,60,,8285,30,,,0,20,,8286,30,,,0,20,,8287,30,,,0,60,,8288,30,,,0
2800,'Semaine-02',506,,8294,30,,,0,20,,8293,30,,,0,15,,8291,270,,,0,15,,8305,30,,,0,50,,8301,30,,,0,10,,8302,30,,,0,10,,8290,310,,,0,8,,8303,30,,,0,8,,8292,270,,,0,8,,8306,30,,,0,8,,8304,30,,,0,48,,8295,30,,,0,10,,8296,30,,,0,11,,8297,30,,,0,9,,8298,30,,,0,10,,8299,30,,,0,60,,8300,30,,,0
9000,'Semaine-02',640,,8702,50,,,0,63,,8703,50,,,0
