101,'Dimanche-01',739,,5325,250,,,0,205,,5326,250,,,0,171,,5327,250,,,0,133,,5328,250,,,0,167,,5329,250,,,0,120,,5330,250,,,0,120,,5331,250,,,0,160,,5332,250,,,0,117,,5333,250,,,0,174,,5334,250,,,0,114,,5335,250,,,0,114,,5336,250,,,0
101,'Fête-1-01',739,,5337,250,,,0,205,,5338,250,,,0,171,,5339,250,,,0,133,,5340,250,,,0,167,,5341,250,,,0,120,,5342,250,,,0,120,,5343,250,,,0,160,,5344,250,,,0,117,,5345,250,,,0,174,,5346,250,,,0,114,,5347,250,,,0,114,,5348,250,,,0
101,'Fête-2-01',638,,5349,250,,,0,100,,5358,250,,,0,70,,5360,250,,,0,50,,5361,250,,,0,151,,5362,250,,,0,105,,5363,250,,,0,95,,5365,250,,,0,103,,5364,250,,,0,106,,5366,250,,,0,41,,5350,250,,,0,143,,5351,250,,,0,56,,5352,250,,,0,147,,5353,250,,,0,34,,5354,250,,,0,103,,5355,250,,,0,84,,5356,250,,,0,174,,5357,250,,,0,135,,5359,250,,,0
101,'Samedi-01',739,,5367,250,,,0,205,,5368,250,,,0,171,,5369,250,,,0,133,,5370,250,,,0,167,,5371,250,,,0,120,,5372,250,,,0,120,,5373,250,,,0,160,,5374,250,,,0,117,,5375,250,,,0,174,,5376,250,,,0,114,,5377,250,,,0,114,,5378,250,,,0
101,'Semaine-01',633,,5397,120,,,0,5,,5379,250,,,0,100,,5388,250,,,0,70,,5390,250,,,0,50,,5391,250,,,0,151,,5392,250,,,0,105,,5393,250,,,0,95,,5395,250,,,0,103,,5394,250,,,0,106,,5396,250,,,0,41,,5380,250,,,0,143,,5381,250,,,0,56,,5382,250,,,0,147,,5383,250,,,0,34,,5384,250,,,0,103,,5385,250,,,0,84,,5386,250,,,0,174,,5387,250,,,0,135,,5389,250,,,0
2301,'Fête-2-01',1559,,5555,260,,,0,65,,5556,260,,,0,30,,5557,260,,,0,70,,5558,260,,,0,28,,5559,260,,,0,69,,5560,260,,,0,30,,5561,260,,,0
2301,'Semaine-01',1559,,5562,260,,,0,65,,5563,260,,,0,30,,5564,260,,,0,70,,5565,260,,,0,28,,5566,260,,,0,69,,5567,260,,,0,30,,5568,260,,,0
2401,'Fête-2-01',1646,,5580,160,,,0,85,,5581,160,,,0,85,,5583,160,,,0,85,,5582,160,,,0
2401,'Semaine-01',1646,,5584,160,,,0,85,,5585,160,,,0,85,,5588,160,,,0,21,,5587,160,,,0,64,,5586,160,,,0
2801,'Fête-2-01',1403,,5685,190,0,22,0,150,,5688,190,0,22,0,71,,5692,190,0,22,0,27,,5683,190,0,23,0,55,,5691,190,0,22,0,19,,5686,190,0,22,0,10,,5682,190,,,0,10,,5687,190,0,22,0,58,,5684,190,0,23,0,19,,5689,190,0,22,0,15,,5693,190,0,22,0,15,,5690,190,0,22,0
2801,'Semaine-01',1403,,5697,190,0,22,0,150,,5703,190,0,22,0,56,,5706,190,0,22,0,15,,5710,190,0,22,0,12,,5707,190,0,22,0,15,,5695,190,0,23,0,5,,5708,190,0,22,0,50,,5709,190,0,22,0,10,,5698,190,0,22,0,9,,5699,190,0,22,0,10,,5694,190,,,0,10,,5700,190,0,22,0,8,,5701,190,0,22,0,50,,5696,190,0,23,0,14,,5702,190,0,22,0,10,,5704,190,0,22,0,25,,5705,190,0,22,0
3300,'Dimanche-01',545,,5934,130,,,0,82,,5932,130,,,0,90,,5943,130,,,0,41,,5953,130,,,0,83,,5955,130,,,0,93,,5956,130,,,0,80,,5957,130,,,0,40,,5958,130,,,0,80,,5959,130,,,0,80,,5935,130,,,0,40,,5936,130,,,0,79,,5937,130,,,0,80,,5938,130,,,0,40,,5939,130,,,0,79,,5940,130,,,0,79,,5941,130,,,0,39,,5942,130,,,0,79,,5944,130,,,0,79,,5945,130,,,0,40,,5946,130,,,0,87,,5947,130,,,0,85,,5948,130,,,0,86,,5949,130,,,0,47,,5950,130,,,0,86,,5951,130,,,0,83,,5952,130,,,0,88,,5933,130,,,0,43,,5954,130,,,0,159,,5960,130,0,8 6,0
3300,'Fête-1-01',605,,5963,130,,,0,41,,5961,130,,,0,81,,5972,130,,,0,82,,5982,130,,,0,42,,5984,130,,,0,84,,5985,130,,,0,81,,5986,130,,,0,42,,5987,130,,,0,82,,5988,130,,,0,82,,5964,130,,,0,82,,5965,130,,,0,42,,5966,130,,,0,82,,5967,130,,,0,82,,5968,130,,,0,42,,5969,130,,,0,82,,5970,130,,,0,82,,5971,130,,,0,85,,5973,130,,,0,39,,5974,130,,,0,82,,5975,130,,,0,82,,5976,130,,,0,39,,5977,130,,,0,82,,5978,130,,,0,81,,5979,130,,,0,42,,5980,130,,,0,83,,5981,130,,,0,86,,5983,130,,,0,86,,5962,130,,,0,113,,5989,130,0,8 6,0
3300,'Fête-2-01',612,,5990,130,,,0,40,,6018,130,,,0,81,,5999,130,,,0,80,,6009,130,,,0,40,,6012,130,,,0,79,,6013,130,,,0,80,,6014,130,,,0,42,,6015,130,,,0,81,,6016,130,,,0,83,,5991,130,,,0,83,,5992,130,,,0,43,,5993,130,,,0,82,,5994,130,,,0,83,,5995,130,,,0,46,,5996,130,,,0,85,,5997,130,,,0,85,,5998,130,,,0,84,,6000,130,,,0,43,,6001,130,,,0,83,,6002,130,,,0,82,,6003,130,,,0,40,,6004,130,,,0,80,,6005,130,,,0,80,,6006,130,,,0,40,,6007,130,,,0,80,,6008,130,,,0,80,,6010,130,,,0,40,,6011,130,,,0,96,,6017,80,0,8 6,0
3300,'Samedi-01',605,,6021,130,,,0,41,,6019,130,,,0,81,,6030,130,,,0,82,,6040,130,,,0,42,,6042,130,,,0,84,,6043,130,,,0,81,,6044,130,,,0,42,,6045,130,,,0,82,,6046,130,,,0,82,,6022,130,,,0,82,,6023,130,,,0,42,,6024,130,,,0,82,,6025,130,,,0,82,,6026,130,,,0,42,,6027,130,,,0,82,,6028,130,,,0,82,,6029,130,,,0,85,,6031,130,,,0,39,,6032,130,,,0,82,,6033,130,,,0,82,,6034,130,,,0,39,,6035,130,,,0,82,,6036,130,,,0,81,,6037,130,,,0,42,,6038,130,,,0,83,,6039,130,,,0,86,,6041,130,,,0,86,,6020,130,,,0,113,,6047,130,0,8 6,0
3300,'Semaine-01',612,,6048,130,,,0,40,,6076,130,,,0,81,,6057,130,,,0,80,,6067,130,,,0,40,,6070,130,,,0,79,,6071,130,,,0,80,,6072,130,,,0,42,,6073,130,,,0,81,,6074,130,,,0,83,,6049,130,,,0,83,,6050,130,,,0,43,,6051,130,,,0,82,,6052,130,,,0,83,,6053,130,,,0,46,,6054,130,,,0,85,,6055,130,,,0,85,,6056,130,,,0,84,,6058,130,,,0,43,,6059,130,,,0,83,,6060,130,,,0,82,,6061,130,,,0,40,,6062,130,,,0,80,,6063,130,,,0,80,,6064,130,,,0,40,,6065,130,,,0,80,,6066,130,,,0,80,,6068,130,,,0,40,,6069,130,,,0,96,,6075,80,0,8 6,0
9001,'Semaine-01',1845,,6080,160,,,0
