101,'Dimanche-01',745,,5325,340,,,0,206,,5326,340,,,0,171,,5327,340,,,0,133,,5328,340,,,0,167,,5329,340,,,0,120,,5330,340,,,0,160,,5331,340,,,0,120,,5332,340,,,0,117,,5333,340,,,0,174,,5334,340,,,0,114,,5335,340,,,0,113,,5336,340,,,0
101,'Fête-1-01',745,,5337,340,,,0,206,,5338,340,,,0,171,,5339,340,,,0,133,,5340,340,,,0,167,,5341,340,,,0,120,,5342,340,,,0,160,,5343,340,,,0,120,,5344,340,,,0,117,,5345,340,,,0,174,,5346,340,,,0,114,,5347,340,,,0,113,,5348,340,,,0
101,'Fête-2-01',644,,5349,340,,,0,101,,5358,340,,,0,70,,5360,340,,,0,90,,5361,340,,,0,111,,5362,340,,,0,105,,5363,340,,,0,95,,5365,340,,,0,104,,5364,340,,,0,106,,5366,340,,,0,81,,5350,340,,,0,103,,5351,340,,,0,96,,5352,340,,,0,107,,5353,340,,,0,34,,5354,340,,,0,103,,5355,340,,,0,83,,5356,340,,,0,173,,5357,340,,,0,135,,5359,340,,,0
101,'Samedi-01',745,,5367,340,,,0,206,,5368,340,,,0,171,,5369,340,,,0,133,,5370,340,,,0,167,,5371,340,,,0,120,,5372,340,,,0,160,,5373,340,,,0,120,,5374,340,,,0,117,,5375,340,,,0,174,,5376,340,,,0,114,,5377,340,,,0,113,,5378,340,,,0
101,'Semaine-01',639,,5397,210,,,0,5,,5379,340,,,0,101,,5388,340,,,0,70,,5390,340,,,0,90,,5391,340,,,0,111,,5392,340,,,0,105,,5393,340,,,0,95,,5395,340,,,0,104,,5394,340,,,0,106,,5396,340,,,0,81,,5380,340,,,0,103,,5381,340,,,0,96,,5382,340,,,0,107,,5383,340,,,0,34,,5384,340,,,0,103,,5385,340,,,0,83,,5386,340,,,0,173,,5387,340,,,0,135,,5389,340,,,0
3300,'Dimanche-01',554,,5934,250,,,0,82,,5932,250,,,0,91,,5943,250,,,0,81,,5953,250,,,0,43,,5955,250,,,0,93,,5956,250,,,0,80,,5957,250,,,0,80,,5958,250,,,0,40,,5959,250,,,0,80,,5935,250,,,0,80,,5936,250,,,0,39,,5937,250,,,0,80,,5938,250,,,0,80,,5939,250,,,0,39,,5940,250,,,0,79,,5941,250,,,0,79,,5942,250,,,0,39,,5944,250,,,0,79,,5945,250,,,0,40,,5946,250,,,0,87,,5947,250,,,0,85,,5948,250,,,0,85,,5949,250,,,0,87,,5950,250,,,0,46,,5951,250,,,0,83,,5952,250,,,0,88,,5933,250,,,0,83,,5954,250,,,0,119,,5960,250,0,8 6,0
3300,'Fête-1-01',614,,5963,250,,,0,41,,5961,250,,,0,82,,5972,250,,,0,82,,5982,250,,,0,82,,5984,250,,,0,44,,5985,250,,,0,81,,5986,250,,,0,82,,5987,250,,,0,42,,5988,250,,,0,82,,5964,250,,,0,82,,5965,250,,,0,42,,5966,250,,,0,82,,5967,250,,,0,82,,5968,250,,,0,82,,5969,250,,,0,42,,5970,250,,,0,82,,5971,250,,,0,85,,5973,250,,,0,39,,5974,250,,,0,82,,5975,250,,,0,82,,5976,250,,,0,39,,5977,250,,,0,81,,5978,250,,,0,81,,5979,250,,,0,42,,5980,250,,,0,83,,5981,250,,,0,86,,5983,250,,,0,86,,5962,250,,,0,113,,5989,250,0,8 6,0
3300,'Fête-2-01',622,,5990,250,,,0,80,,6018,250,,,0,41,,5999,250,,,0,80,,6009,250,,,0,80,,6012,250,,,0,40,,6013,250,,,0,80,,6014,250,,,0,82,,6015,250,,,0,41,,6016,250,,,0,83,,5991,250,,,0,83,,5992,250,,,0,43,,5993,250,,,0,82,,5994,250,,,0,83,,5995,250,,,0,86,,5996,250,,,0,45,,5997,250,,,0,85,,5998,250,,,0,84,,6000,250,,,0,82,,6001,250,,,0,43,,6002,250,,,0,82,,6003,250,,,0,80,,6004,250,,,0,40,,6005,250,,,0,79,,6006,250,,,0,80,,6007,250,,,0,40,,6008,250,,,0,80,,6010,250,,,0,80,,6011,250,,,0,96,,6017,200,0,8 6,0
3300,'Samedi-01',614,,6021,250,,,0,41,,6019,250,,,0,82,,6030,250,,,0,82,,6040,250,,,0,82,,6042,250,,,0,44,,6043,250,,,0,81,,6044,250,,,0,82,,6045,250,,,0,42,,6046,250,,,0,82,,6022,250,,,0,82,,6023,250,,,0,42,,6024,250,,,0,82,,6025,250,,,0,82,,6026,250,,,0,82,,6027,250,,,0,42,,6028,250,,,0,82,,6029,250,,,0,85,,6031,250,,,0,39,,6032,250,,,0,82,,6033,250,,,0,82,,6034,250,,,0,39,,6035,250,,,0,81,,6036,250,,,0,81,,6037,250,,,0,42,,6038,250,,,0,83,,6039,250,,,0,86,,6041,250,,,0,86,,6020,250,,,0,113,,6047,250,0,8 6,0
3300,'Semaine-01',622,,6048,250,,,0,80,,6076,250,,,0,41,,6057,250,,,0,80,,6067,250,,,0,80,,6070,250,,,0,40,,6071,250,,,0,80,,6072,250,,,0,82,,6073,250,,,0,41,,6074,250,,,0,83,,6049,250,,,0,83,,6050,250,,,0,43,,6051,250,,,0,82,,6052,250,,,0,83,,6053,250,,,0,86,,6054,250,,,0,45,,6055,250,,,0,85,,6056,250,,,0,84,,6058,250,,,0,82,,6059,250,,,0,43,,6060,250,,,0,82,,6061,250,,,0,80,,6062,250,,,0,40,,6063,250,,,0,79,,6064,250,,,0,80,,6065,250,,,0,40,,6066,250,,,0,80,,6068,250,,,0,80,,6069,250,,,0,96,,6075,200,0,8 6,0
14001,'Dimanche-01',826,,6231,40,,,0,114,,6232,40,,,0,115,,6233,40,,,0,155,,6234,40,,,0,115,,6235,40,,,0,115,,6236,40,,,0,160,,6237,40,,,0,120,,6230,40,,,0
14001,'Fête-1-01',826,,6240,40,,,0,114,,6241,40,,,0,115,,6242,40,,,0,155,,6243,40,,,0,115,,6244,40,,,0,115,,6245,40,,,0,160,,6246,40,,,0,120,,6239,40,,,0
14001,'Fête-2-01',735,,6259,500,,,0,165,,6249,40,,,0,120,,6250,40,,,0,121,,6251,40,,,0,165,,6252,40,,,0,125,,6253,40,,,0,125,,6254,40,,,0,165,,6255,40,,,0,125,,6256,40,,,0,160,,6257,40,,,0,114,,6258,40,,,0
14001,'Samedi-01',826,,6262,40,,,0,114,,6263,40,,,0,115,,6264,40,,,0,155,,6265,40,,,0,115,,6266,40,,,0,115,,6267,40,,,0,160,,6268,40,,,0,120,,6261,40,,,0
14001,'Semaine-01',735,,6281,500,,,0,165,,6271,40,,,0,120,,6272,40,,,0,121,,6273,40,,,0,165,,6274,40,,,0,125,,6275,40,,,0,125,,6276,40,,,0,165,,6277,40,,,0,125,,6278,40,,,0,160,,6279,40,,,0,114,,6280,40,,,0
