100,'Dimanche-02',559,,7889,90,,,0,200,,7878,90,,,0,165,,7879,90,,,0,130,,7880,90,,,0,165,,7881,90,,,0,124,,7882,90,,,0,160,,7883,90,,,0,120,,7884,90,,,0,124,,7885,90,,,0,175,,7886,90,,,0,115,,7887,90,,,0,115,,7888,90,,,0
100,'Fête-1-02',559,,7901,90,,,0,200,,7890,90,,,0,165,,7891,90,,,0,130,,7892,90,,,0,165,,7893,90,,,0,124,,7894,90,,,0,160,,7895,90,,,0,120,,7896,90,,,0,124,,7897,90,,,0,175,,7898,90,,,0,115,,7899,90,,,0,115,,7900,90,,,0
100,'Fête-2-02',441,,7902,90,,,0,103,,7903,90,,,0,65,,7904,90,,,0,41,,7905,90,,,0,160,,7906,90,,,0,106,,7909,90,,,0,94,,7918,90,,,0,101,,7910,90,,,0,99,,7919,90,,,0,38,,7911,90,,,0,102,,7912,90,,,0,100,,7916,90,,,0,150,,7913,90,,,0,35,,7914,90,,,0,109,,7907,90,,,0,95,,7908,90,,,0,174,,7917,90,,,0,145,,7915,90,,,0
100,'Samedi-02',559,,7931,90,,,0,200,,7920,90,,,0,165,,7921,90,,,0,130,,7922,90,,,0,165,,7923,90,,,0,124,,7924,90,,,0,160,,7925,90,,,0,120,,7926,90,,,0,124,,7927,90,,,0,175,,7928,90,,,0,115,,7929,90,,,0,115,,7930,90,,,0
100,'Semaine-02',441,,7932,90,,,0,103,,7933,90,,,0,65,,7934,90,,,0,41,,7935,90,,,0,160,,7936,90,,,0,106,,7939,90,,,0,94,,7948,90,,,0,101,,7940,90,,,0,99,,7949,90,,,0,38,,7941,90,,,0,102,,7942,90,,,0,100,,7946,90,,,0,150,,7943,90,,,0,35,,7944,90,,,0,109,,7937,90,,,0,95,,7938,90,,,0,174,,7947,90,,,0,145,,7945,90,,,0
2000,'Dimanche-02',650,,8023,50,,,0,164,,8024,50,,,0,125,,8025,50,,,0,165,,8026,50,,,0,125,,8027,50,,,0,125,,8028,50,,,0,165,,8029,50,,,0,125,,8030,50,,,0
2000,'Fête-1-02',650,,8031,50,,,0,164,,8032,50,,,0,125,,8033,50,,,0,165,,8034,50,,,0,125,,8035,50,,,0,125,,8036,50,,,0,165,,8037,50,,,0,125,,8038,50,,,0
2000,'Fête-2-02',632,,8039,50,,,0,125,,8040,50,,,0,165,,8041,50,,,0,126,,8042,50,,,0,166,,8043,50,,,0,125,,8044,50,,,0,166,,8045,50,,,0,126,,8046,50,,,0,126,,8047,50,,,0
2000,'Samedi-02',650,,8048,50,,,0,164,,8049,50,,,0,125,,8050,50,,,0,165,,8051,50,,,0,125,,8052,50,,,0,125,,8053,50,,,0,165,,8054,50,,,0,125,,8055,50,,,0
2000,'Semaine-02',632,,8056,50,,,0,125,,8057,50,,,0,165,,8058,50,,,0,126,,8059,50,,,0,166,,8060,50,,,0,125,,8061,50,,,0,166,,8062,50,,,0,126,,8063,50,,,0,126,,8064,50,,,0
2000,'Semaine-02-0001100',1923,,8066,50,,,0,124,,8065,50,,,0
