100,'Dimanche-02',656,,7889,740,4,,0,200,,7878,740,4,,0,169,,7879,740,4,,0,131,,7880,740,4,,0,165,,7881,740,4,,0,123,,7882,740,4,,0,158,,7883,740,4,,0,120,,7884,740,4,,0,122,,7885,740,4,,0,175,,7886,740,4,,0,115,,7887,740,4,,0,115,,7888,740,4,,0
100,'Fête-1-02',656,,7901,740,4,,0,200,,7890,740,4,,0,169,,7891,740,4,,0,131,,7892,740,4,,0,165,,7893,740,4,,0,123,,7894,740,4,,0,158,,7895,740,4,,0,120,,7896,740,4,,0,122,,7897,740,4,,0,175,,7898,740,4,,0,115,,7899,740,4,,0,115,,7900,740,4,,0
100,'Fête-2-02',545,,7902,740,4,,0,105,,7903,740,4,,0,68,,7904,740,4,,0,83,,7905,740,4,,0,116,,7906,740,4,,0,103,,7909,740,4,,0,92,,7918,740,4,,0,103,,7910,740,4,,0,104,,7919,740,4,,0,38,,7911,740,4,,0,101,,7912,740,4,,0,100,,7916,740,4,,0,150,,7913,740,4,,0,34,,7914,740,4,,0,103,,7907,740,4,,0,92,,7908,740,4,,0,171,,7917,740,4,,0,143,,7915,740,4,,0
100,'Samedi-02',656,,7931,740,4,,0,200,,7920,740,4,,0,169,,7921,740,4,,0,131,,7922,740,4,,0,165,,7923,740,4,,0,123,,7924,740,4,,0,158,,7925,740,4,,0,120,,7926,740,4,,0,122,,7927,740,4,,0,175,,7928,740,4,,0,115,,7929,740,4,,0,115,,7930,740,4,,0
100,'Semaine-02',545,,7932,740,4,,0,105,,7933,740,4,,0,68,,7934,740,4,,0,83,,7935,740,4,,0,116,,7936,740,4,,0,103,,7939,740,4,,0,92,,7948,740,4,,0,103,,7940,740,4,,0,104,,7949,740,4,,0,38,,7941,740,4,,0,101,,7942,740,4,,0,100,,7946,740,4,,0,150,,7943,740,4,,0,34,,7944,740,4,,0,103,,7937,740,4,,0,92,,7938,740,4,,0,171,,7947,740,4,,0,143,,7945,740,4,,0
2100,'Fête-2-02',602,,8111,380,4,,0,30,,8112,380,4,,0,73,,8113,380,4,,0,37,,8114,380,4,,0,70,,8115,380,4,,0,36,,8116,380,4,,0
2100,'Semaine-02',602,,8117,380,4,,0,30,,8118,380,4,,0,73,,8119,380,4,,0,37,,8120,380,4,,0,70,,8121,380,4,,0,36,,8122,380,4,,0
2300,'Fête-2-02',603,,8164,420,4,,0,26,,8165,420,4,,0,17,,8166,420,4,,0,75,,8167,420,4,,0,26,,8168,420,4,,0,61,,8169,420,4,,0,21,,8170,420,4,,0,20,,8171,420,4,,0
2300,'Semaine-02',603,,8172,420,4,,0,26,,8173,420,4,,0,17,,8174,420,4,,0,75,,8175,420,4,,0,26,,8176,420,4,,0,61,,8177,420,4,,0,21,,8178,420,4,,0,20,,8179,420,4,,0
2500,'Fête-2-02',620,,8217,400,4,,0,34,,8214,420,4,,0,61,,8218,400,4,,0,29,,8215,420,4,,0,66,,8219,400,4,,0,29,,8216,420,4,,0
2500,'Semaine-02',620,,8223,400,4,,0,34,,8220,420,4,,0,61,,8224,400,4,,0,29,,8221,420,4,,0,66,,8225,400,4,,0,29,,8222,420,4,,0
2600,'Fête-2-02',517,,8238,370,4,,0,16,,8239,380,4,,0
2600,'Semaine-02',517,,8240,370,4,,0,16,,8241,380,4,,0
3100,'Dimanche-02',737,,8369,460,4,,0,219,,8370,460,4,,0,278,,8368,460,4,,0,123,,8361,460,4,,0,160,,8362,460,4,,0,118,,8363,460,4,,0,118,,8364,460,4,,0,159,,8365,460,4,,0,127,,8366,460,4,,0,261,,8360,460,4,,0,213,,8367,460,4,,0
3100,'Fête-1-02',626,,8372,460,4,,0,83,,8383,460,4,,0,205,,8384,460,4,,0,125,,8381,460,4,,0,164,,8371,460,4,,0,124,,8382,460,4,,0,124,,8373,460,4,,0,164,,8374,460,4,,0,124,,8375,460,4,,0,164,,8376,460,4,,0,124,,8377,460,4,,0,27,,8378,460,4,,0,256,,8379,460,4,,0,213,,8380,460,4,,0
3100,'Fête-2-02',640,,8409,460,4,,0,80,,8385,460,4,,0,82,,8395,460,4,,0,40,,8410,460,4,,0,80,,8404,460,4,,0,80,,8405,460,4,,0,37,,8406,460,4,,0,79,,8412,460,4,,0,84,,8407,460,4,,0,43,,8408,460,4,,0,83,,8386,460,4,,0,83,,8387,460,4,,0,42,,8388,460,4,,0,84,,8389,460,4,,0,84,,8390,460,4,,0,85,,8391,460,4,,0,46,,8392,460,4,,0,83,,8393,460,4,,0,84,,8394,460,4,,0,82,,8396,460,4,,0,42,,8397,460,4,,0,79,,8398,460,4,,0,80,,8399,460,4,,0,37,,8400,460,4,,0,80,,8401,460,4,,0,40,,8402,460,4,,0,80,,8403,460,4,,0
3100,'Samedi-02',626,,8414,460,4,,0,83,,8425,460,4,,0,205,,8426,460,4,,0,125,,8423,460,4,,0,164,,8413,460,4,,0,124,,8424,460,4,,0,124,,8415,460,4,,0,164,,8416,460,4,,0,124,,8417,460,4,,0,164,,8418,460,4,,0,124,,8419,460,4,,0,27,,8420,460,4,,0,256,,8421,460,4,,0,213,,8422,460,4,,0
3100,'Semaine-02',640,,8451,460,4,,0,80,,8427,460,4,,0,82,,8437,460,4,,0,40,,8452,460,4,,0,80,,8446,460,4,,0,80,,8447,460,4,,0,37,,8448,460,4,,0,79,,8454,460,4,,0,84,,8449,460,4,,0,43,,8450,460,4,,0,83,,8428,460,4,,0,83,,8429,460,4,,0,42,,8430,460,4,,0,84,,8431,460,4,,0,84,,8432,460,4,,0,85,,8433,460,4,,0,46,,8434,460,4,,0,83,,8435,460,4,,0,84,,8436,460,4,,0,82,,8438,460,4,,0,42,,8439,460,4,,0,79,,8440,460,4,,0,80,,8441,460,4,,0,37,,8442,460,4,,0,80,,8443,460,4,,0,40,,8444,460,4,,0,80,,8445,460,4,,0
3200,'Dimanche-02',632,,8455,470,4,,0,214,,8460,470,4,,0,263,,8463,470,4,,0,192,,8464,470,4,,0,119,,8456,470,4,,0,122,,8466,470,4,,0,160,,8457,470,4,,0,119,,8459,470,4,,0,118,,8458,470,4,,0,213,,8461,470,4,,0,256,,8462,470,4,,0
3200,'Fête-1-02',603,,8467,350,4,,0,141,,8473,470,4,,0,77,,8468,470,4,,0,120,,8476,470,4,,0,163,,8477,470,4,,0,124,,8478,470,4,,0,124,,8469,470,4,,0,164,,8480,470,4,,0,124,,8470,470,4,,0,168,,8471,470,4,,0,120,,8472,470,4,,0,274,,8474,470,4,,0,216,,8475,470,4,,0
3200,'Fête-2-02',704,,8506,470,4,,0,41,,8481,470,4,,0,80,,8509,470,4,,0,80,,8492,470,4,,0,40,,8500,470,4,,0,77,,8501,470,4,,0,81,,8502,470,4,,0,41,,8503,470,4,,0,83,,8504,470,4,,0,83,,8505,470,4,,0,43,,8482,470,4,,0,82,,8483,470,4,,0,83,,8484,470,4,,0,86,,8508,470,4,,0,18,,8485,120,4,,0,27,,8486,470,4,,0,59,,8510,120,4,,0,24,,8487,470,4,,0,20,,8511,120,4,,0,65,,8488,470,4,,0,84,,8489,470,4,,0,41,,8490,470,4,,0,83,,8491,470,4,,0,80,,8493,470,4,,0,40,,8494,470,4,,0,80,,8495,470,4,,0,80,,8496,470,4,,0,40,,8497,470,4,,0,80,,8498,470,4,,0,80,,8499,470,4,,0
3200,'Samedi-02',603,,8512,350,4,,0,141,,8518,470,4,,0,77,,8513,470,4,,0,120,,8521,470,4,,0,163,,8522,470,4,,0,124,,8523,470,4,,0,124,,8514,470,4,,0,164,,8525,470,4,,0,124,,8515,470,4,,0,168,,8516,470,4,,0,120,,8517,470,4,,0,274,,8519,470,4,,0,216,,8520,470,4,,0
3200,'Semaine-02',704,,8551,470,4,,0,41,,8526,470,4,,0,80,,8554,470,4,,0,80,,8537,470,4,,0,40,,8545,470,4,,0,77,,8546,470,4,,0,81,,8547,470,4,,0,41,,8548,470,4,,0,83,,8549,470,4,,0,83,,8550,470,4,,0,43,,8527,470,4,,0,82,,8528,470,4,,0,83,,8529,470,4,,0,86,,8553,470,4,,0,18,,8530,120,4,,0,27,,8531,470,4,,0,59,,8555,120,4,,0,24,,8532,470,4,,0,20,,8556,120,4,,0,65,,8533,470,4,,0,84,,8534,470,4,,0,41,,8535,470,4,,0,83,,8536,470,4,,0,80,,8538,470,4,,0,40,,8539,470,4,,0,80,,8540,470,4,,0,80,,8541,470,4,,0,40,,8542,470,4,,0,80,,8543,470,4,,0,80,,8544,470,4,,0
9800,'Fête-2-02',705,,8719,260,4,,0,102,,8707,360,4,,0,104,,8711,360,4,,0,105,,8712,360,4,,0,506,,8713,360,4,,0,105,,8714,360,4,,0,105,,8715,360,4,,0,105,,8716,360,4,,0,101,,8717,360,4,,0,97,,8718,360,4,,0,95,,8708,360,4,,0,90,,8709,360,4,,0
9800,'Semaine-02',705,,8732,260,4,,0,102,,8720,360,4,,0,104,,8724,360,4,,0,105,,8725,360,4,,0,506,,8726,360,4,,0,105,,8727,360,4,,0,105,,8728,360,4,,0,105,,8729,360,4,,0,101,,8730,360,4,,0,97,,8731,360,4,,0,95,,8721,360,4,,0,90,,8722,360,4,,0
11100,'Dimanche-02',842,,8734,490,4,,0,187,,8733,490,4,,0,291,,8735,490,4,,0,290,,8736,490,4,,0,305,,8737,490,4,,0
11100,'Fête-1-02',842,,8742,490,4,,0,187,,8741,490,4,,0,291,,8743,490,4,,0,290,,8744,490,4,,0,305,,8745,490,4,,0
11100,'Fête-2-02',600,,8753,490,4,,0,30,,8751,490,4,,0,70,,8754,490,4,,0,30,,8752,490,4,,0,70,,8758,490,4,,0,30,,8759,490,4,,0,70,,8750,490,4,,0,100,,8760,490,4,,0,329,,8749,490,4,,0,397,,8755,490,4,,0,30,,8757,490,4,,0,70,,8756,490,4,,0,130,,8761,490,4,,0
11100,'Samedi-02',842,,8764,490,4,,0,187,,8763,490,4,,0,291,,8765,490,4,,0,290,,8766,490,4,,0,305,,8767,490,4,,0
11100,'Semaine-02',608,,8773,490,4,,0,96,,8774,490,4,,0,111,,8775,490,4,,0,95,,8776,490,4,,0,114,,8789,490,4,,0,35,,8771,490,4,,0,265,,8772,490,4,,0,380,,8783,490,4,,0,97,,8785,490,4,,0,356,,8787,420,4,,0
