101,'Dimanche-02',742,,7950,320,,,0,206,,7951,320,,,0,171,,7952,320,,,0,133,,7953,320,,,0,167,,7954,320,,,0,120,,7955,320,,,0,120,,7956,320,,,0,160,,7957,320,,,0,117,,7958,320,,,0,174,,7959,320,,,0,114,,7960,320,,,0,113,,7961,320,,,0
101,'Fête-1-02',742,,7962,320,,,0,206,,7963,320,,,0,171,,7964,320,,,0,133,,7965,320,,,0,167,,7966,320,,,0,120,,7967,320,,,0,120,,7968,320,,,0,160,,7969,320,,,0,117,,7970,320,,,0,174,,7971,320,,,0,114,,7972,320,,,0,113,,7973,320,,,0
101,'Fête-2-02',641,,7974,320,,,0,101,,7983,320,,,0,70,,7985,320,,,0,90,,7986,320,,,0,111,,7987,320,,,0,105,,7988,320,,,0,95,,7990,320,,,0,104,,7989,320,,,0,106,,7991,320,,,0,81,,7975,320,,,0,103,,7976,320,,,0,96,,7977,320,,,0,107,,7978,320,,,0,34,,7979,320,,,0,103,,7980,320,,,0,83,,7981,320,,,0,173,,7982,320,,,0,135,,7984,320,,,0
101,'Samedi-02',742,,7992,320,,,0,206,,7993,320,,,0,171,,7994,320,,,0,133,,7995,320,,,0,167,,7996,320,,,0,120,,7997,320,,,0,120,,7998,320,,,0,160,,7999,320,,,0,117,,8000,320,,,0,174,,8001,320,,,0,114,,8002,320,,,0,113,,8003,320,,,0
101,'Semaine-02',636,,8022,190,,,0,5,,8004,320,,,0,101,,8013,320,,,0,70,,8015,320,,,0,90,,8016,320,,,0,111,,8017,320,,,0,105,,8018,320,,,0,95,,8020,320,,,0,104,,8019,320,,,0,106,,8021,320,,,0,81,,8005,320,,,0,103,,8006,320,,,0,96,,8007,320,,,0,107,,8008,320,,,0,34,,8009,320,,,0,103,,8010,320,,,0,83,,8011,320,,,0,173,,8012,320,,,0,135,,8014,320,,,0
2301,'Fête-2-02',1603,,8180,330,,,0,25,,8181,330,,,0,30,,8182,330,,,0,70,,8183,330,,,0,28,,8184,330,,,0,69,,8185,330,,,0,29,,8186,330,,,0
2301,'Semaine-02',1603,,8187,330,,,0,25,,8188,330,,,0,30,,8189,330,,,0,70,,8190,330,,,0,28,,8191,330,,,0,69,,8192,330,,,0,29,,8193,330,,,0
3300,'Dimanche-02',552,,8559,230,,,0,82,,8557,230,,,0,91,,8568,230,,,0,81,,8578,230,,,0,43,,8580,230,,,0,93,,8581,230,,,0,80,,8582,230,,,0,80,,8583,230,,,0,40,,8584,230,,,0,80,,8560,230,,,0,80,,8561,230,,,0,39,,8562,230,,,0,80,,8563,230,,,0,80,,8564,230,,,0,39,,8565,230,,,0,79,,8566,230,,,0,39,,8567,230,,,0,79,,8569,230,,,0,79,,8570,230,,,0,40,,8571,230,,,0,87,,8572,230,,,0,85,,8573,230,,,0,85,,8574,230,,,0,87,,8575,230,,,0,46,,8576,230,,,0,83,,8577,230,,,0,88,,8558,230,,,0,83,,8579,230,,,0,119,,8585,230,0,8 6,0
3300,'Fête-1-02',612,,8588,230,,,0,41,,8586,230,,,0,82,,8597,230,,,0,82,,8607,230,,,0,42,,8609,230,,,0,84,,8610,230,,,0,81,,8611,230,,,0,82,,8612,230,,,0,42,,8613,230,,,0,82,,8589,230,,,0,82,,8590,230,,,0,42,,8591,230,,,0,82,,8592,230,,,0,82,,8593,230,,,0,82,,8594,230,,,0,42,,8595,230,,,0,82,,8596,230,,,0,85,,8598,230,,,0,39,,8599,230,,,0,82,,8600,230,,,0,82,,8601,230,,,0,39,,8602,230,,,0,81,,8603,230,,,0,81,,8604,230,,,0,42,,8605,230,,,0,83,,8606,230,,,0,86,,8608,230,,,0,86,,8587,230,,,0,113,,8614,230,0,8 6,0
3300,'Fête-2-02',619,,8615,230,,,0,40,,8643,230,,,0,81,,8624,230,,,0,80,,8634,230,,,0,80,,8637,230,,,0,40,,8638,230,,,0,80,,8639,230,,,0,82,,8640,230,,,0,41,,8641,230,,,0,83,,8616,230,,,0,83,,8617,230,,,0,43,,8618,230,,,0,82,,8619,230,,,0,83,,8620,230,,,0,86,,8621,230,,,0,45,,8622,230,,,0,85,,8623,230,,,0,84,,8625,230,,,0,83,,8626,230,,,0,43,,8627,230,,,0,82,,8628,230,,,0,80,,8629,230,,,0,40,,8630,230,,,0,79,,8631,230,,,0,80,,8632,230,,,0,40,,8633,230,,,0,80,,8635,230,,,0,80,,8636,230,,,0,96,,8642,180,0,8 6,0
3300,'Samedi-02',612,,8646,230,,,0,41,,8644,230,,,0,82,,8655,230,,,0,82,,8665,230,,,0,42,,8667,230,,,0,84,,8668,230,,,0,81,,8669,230,,,0,82,,8670,230,,,0,42,,8671,230,,,0,82,,8647,230,,,0,82,,8648,230,,,0,42,,8649,230,,,0,82,,8650,230,,,0,82,,8651,230,,,0,82,,8652,230,,,0,42,,8653,230,,,0,82,,8654,230,,,0,85,,8656,230,,,0,39,,8657,230,,,0,82,,8658,230,,,0,82,,8659,230,,,0,39,,8660,230,,,0,81,,8661,230,,,0,81,,8662,230,,,0,42,,8663,230,,,0,83,,8664,230,,,0,86,,8666,230,,,0,86,,8645,230,,,0,113,,8672,230,0,8 6,0
3300,'Semaine-02',619,,8673,230,,,0,40,,8701,230,,,0,81,,8682,230,,,0,80,,8692,230,,,0,80,,8695,230,,,0,40,,8696,230,,,0,80,,8697,230,,,0,82,,8698,230,,,0,41,,8699,230,,,0,83,,8674,230,,,0,83,,8675,230,,,0,43,,8676,230,,,0,82,,8677,230,,,0,83,,8678,230,,,0,86,,8679,230,,,0,45,,8680,230,,,0,85,,8681,230,,,0,84,,8683,230,,,0,83,,8684,230,,,0,43,,8685,230,,,0,82,,8686,230,,,0,80,,8687,230,,,0,40,,8688,230,,,0,79,,8689,230,,,0,80,,8690,230,,,0,40,,8691,230,,,0,80,,8693,230,,,0,80,,8694,230,,,0,96,,8700,180,0,8 6,0
9001,'Semaine-02',1849,,8705,230,,,0
