100,'Dimanche-02',608,,7889,210,,,0,200,,7878,210,,,0,125,,7879,210,,,0,170,,7880,210,,,0,125,,7881,210,,,0,124,,7882,210,,,0,160,,7883,210,,,0,120,,7884,210,,,0,124,,7885,210,,,0,175,,7886,210,,,0,115,,7887,210,,,0,155,,7888,210,,,0
100,'Fête-1-02',608,,7901,210,,,0,200,,7890,210,,,0,125,,7891,210,,,0,170,,7892,210,,,0,125,,7893,210,,,0,124,,7894,210,,,0,160,,7895,210,,,0,120,,7896,210,,,0,124,,7897,210,,,0,175,,7898,210,,,0,115,,7899,210,,,0,155,,7900,210,,,0
100,'Fête-2-02',452,,7902,210,,,0,103,,7903,210,,,0,65,,7904,210,,,0,81,,7905,210,,,0,119,,7906,210,,,0,105,,7909,210,,,0,94,,7918,210,,,0,101,,7910,210,,,0,100,,7919,210,,,0,38,,7911,210,,,0,142,,7912,210,,,0,100,,7916,210,,,0,110,,7913,210,,,0,35,,7914,210,,,0,108,,7907,210,,,0,95,,7908,210,,,0,173,,7917,210,,,0,185,,7915,210,,,0
100,'Samedi-02',608,,7931,210,,,0,200,,7920,210,,,0,125,,7921,210,,,0,170,,7922,210,,,0,125,,7923,210,,,0,124,,7924,210,,,0,160,,7925,210,,,0,120,,7926,210,,,0,124,,7927,210,,,0,175,,7928,210,,,0,115,,7929,210,,,0,155,,7930,210,,,0
100,'Semaine-02',452,,7932,210,,,0,103,,7933,210,,,0,65,,7934,210,,,0,81,,7935,210,,,0,119,,7936,210,,,0,105,,7939,210,,,0,94,,7948,210,,,0,101,,7940,210,,,0,100,,7949,210,,,0,38,,7941,210,,,0,142,,7942,210,,,0,100,,7946,210,,,0,110,,7943,210,,,0,35,,7944,210,,,0,108,,7937,210,,,0,95,,7938,210,,,0,173,,7947,210,,,0,185,,7945,210,,,0
2000,'Dimanche-02',705,,8023,250,,,0,12,,8023,490,,,0,112,,8024,250,,,0,12,,8024,490,,,0,114,,8025,250,,,0,52,,8025,490,,,0,113,,8026,250,,,0,12,,8026,490,,,0,113,,8027,250,,,0,12,,8027,490,,,0,152,,8028,250,,,0,12,,8028,490,,,0,113,,8029,250,,,0,12,,8029,490,,,0,113,,8030,250,,,0,52,,8030,490,,,0
2000,'Fête-1-02',705,,8031,250,,,0,12,,8031,490,,,0,112,,8032,250,,,0,12,,8032,490,,,0,114,,8033,250,,,0,52,,8033,490,,,0,113,,8034,250,,,0,12,,8034,490,,,0,113,,8035,250,,,0,12,,8035,490,,,0,152,,8036,250,,,0,12,,8036,490,,,0,113,,8037,250,,,0,12,,8037,490,,,0,113,,8038,250,,,0,52,,8038,490,,,0
2000,'Fête-2-02',648,,8039,250,,,0,52,,8039,490,,,0,113,,8040,250,,,0,12,,8040,490,,,0,113,,8041,250,,,0,12,,8041,490,,,0,154,,8042,250,,,0,12,,8042,490,,,0,114,,8043,250,,,0,12,,8043,490,,,0,113,,8044,250,,,0,52,,8044,490,,,0,114,,8045,250,,,0,12,,8045,490,,,0,114,,8046,250,,,0,12,,8046,490,,,0,154,,8047,250,,,0,12,,8047,490,,,0
2000,'Samedi-02',705,,8048,250,,,0,12,,8048,490,,,0,112,,8049,250,,,0,12,,8049,490,,,0,114,,8050,250,,,0,52,,8050,490,,,0,113,,8051,250,,,0,12,,8051,490,,,0,113,,8052,250,,,0,12,,8052,490,,,0,152,,8053,250,,,0,12,,8053,490,,,0,113,,8054,250,,,0,12,,8054,490,,,0,113,,8055,250,,,0,52,,8055,490,,,0
2000,'Semaine-02',648,,8056,250,,,0,52,,8056,490,,,0,113,,8057,250,,,0,12,,8057,490,,,0,113,,8058,250,,,0,12,,8058,490,,,0,154,,8059,250,,,0,12,,8059,490,,,0,114,,8060,250,,,0,12,,8060,490,,,0,113,,8061,250,,,0,52,,8061,490,,,0,114,,8062,250,,,0,12,,8062,490,,,0,114,,8063,250,,,0,12,,8063,490,,,0,154,,8064,250,,,0,12,,8064,490,,,0
2000,'Semaine-02-0001100',1938,,8066,250,,,0,12,,8066,490,,,0,152,,8065,250,,,0,12,,8065,490,,,0
2800,'Fête-2-02',528,,8281,40,,,0,85,,8280,80,,,0,20,,8282,40,,,0
2800,'Semaine-02',528,,8291,40,,,0,85,,8290,80,,,0,16,,8292,40,,,0
2000002000,'Dimanche-02',531,,9195,10,0,11 13,0,13,,9195,140,4,,0,157,,9196,10,0,11 13,0,13,,9196,140,4,,0,31,,9207,40,,,0,13,,9207,170,4,,0,73,,9197,10,0,11 13,0,13,,9197,140,4,,0,71,,9208,40,,,0,13,,9208,170,4,,0,73,,9198,10,0,11 13,0,13,,9198,140,4,,0,32,,9209,40,,,0,13,,9209,170,4,,0,73,,9199,10,0,11 13,0,13,,9199,140,4,,0,72,,9210,40,,,0,13,,9210,170,4,,0,72,,9200,10,0,11 13,0,13,,9200,140,4,,0,32,,9211,40,,,0,53,,9211,170,4,,0,32,,9201,10,0,11 13,0,13,,9201,140,4,,0,72,,9212,40,,,0,13,,9212,170,4,,0,72,,9202,10,0,11 13,0,13,,9202,140,4,,0,32,,9213,40,,,0,53,,9213,170,4,,0,32,,9203,10,0,11 13,0,13,,9203,140,4,,0,72,,9214,40,,,0,13,,9214,170,4,,0,72,,9204,10,0,11 13,0,13,,9204,140,4,,0,31,,9215,40,,,0,13,,9215,170,4,,0,73,,9205,10,0,11 13,0,13,,9205,140,4,,0,71,,9216,40,,,0,13,,9216,170,4,,0,73,,9206,10,0,11 13,0,13,,9206,140,4,,0,31,,9217,40,,,0,13,,9217,170,4,,0,157,,9218,40,,,0,13,,9218,170,4,,0
2000002000,'Fête-1-02',531,,9219,10,0,11 13,0,13,,9219,140,4,,0,157,,9220,10,0,11 13,0,13,,9220,140,4,,0,31,,9231,40,,,0,13,,9231,170,4,,0,73,,9221,10,0,11 13,0,13,,9221,140,4,,0,71,,9232,40,,,0,13,,9232,170,4,,0,73,,9222,10,0,11 13,0,13,,9222,140,4,,0,32,,9233,40,,,0,13,,9233,170,4,,0,73,,9223,10,0,11 13,0,13,,9223,140,4,,0,72,,9234,40,,,0,13,,9234,170,4,,0,72,,9224,10,0,11 13,0,13,,9224,140,4,,0,32,,9235,40,,,0,53,,9235,170,4,,0,32,,9225,10,0,11 13,0,13,,9225,140,4,,0,72,,9236,40,,,0,13,,9236,170,4,,0,72,,9226,10,0,11 13,0,13,,9226,140,4,,0,32,,9237,40,,,0,53,,9237,170,4,,0,32,,9227,10,0,11 13,0,13,,9227,140,4,,0,72,,9238,40,,,0,13,,9238,170,4,,0,72,,9228,10,0,11 13,0,13,,9228,140,4,,0,31,,9239,40,,,0,13,,9239,170,4,,0,73,,9229,10,0,11 13,0,13,,9229,140,4,,0,71,,9240,40,,,0,13,,9240,170,4,,0,73,,9230,10,0,11 13,0,13,,9230,140,4,,0,31,,9241,40,,,0,13,,9241,170,4,,0,157,,9242,40,,,0,13,,9242,170,4,,0
2000002000,'Fête-2-02',436,,9244,10,0,11 13,0,13,,9244,140,4,,0,61,,9243,10,0,11 13,0,13,,9243,140,4,,0,9,,9245,40,0,11 13,0,20,,9245,190,4,,0,52,,9246,10,0,11 13,0,13,,9246,140,4,,0,20,,9262,40,,,0,20,,9262,190,4,,0,78,,9263,40,,,0,20,,9263,190,4,,0,48,,9264,40,,,0,13,,9264,170,4,,0,86,,9249,10,0,11 13,0,13,,9249,140,4,,0,18,,9265,40,,,0,13,,9265,170,4,,0,56,,9250,10,0,11 13,0,13,,9250,140,4,,0,21,,9266,40,,,0,13,,9266,170,4,,0,53,,9251,10,0,11 13,0,13,,9251,140,4,,0,21,,9267,40,,,0,13,,9267,170,4,,0,8,,9252,10,0,11 13,0,53,,9252,140,4,,0,21,,9268,40,,,0,13,,9268,170,4,,0,8,,9253,10,0,11 13,0,53,,9253,140,4,,0,30,,9269,40,,,0,13,,9269,170,4,,0,54,,9254,10,0,11 13,0,13,,9254,140,4,,0,22,,9270,40,,,0,20,,9270,190,4,,0,43,,9255,40,0,11 13,0,20,,9255,190,4,,0,12,,9271,40,,,0,13,,9271,170,4,,0,57,,9256,10,0,11 13,0,13,,9256,140,4,,0,16,,9272,40,,,0,20,,9272,190,4,,0,85,,9273,40,,,0,13,,9273,170,4,,0,87,,9260,40,,,0,13,,9260,170,4,,0,61,,9259,40,,,0,13,,9259,170,4,,0,80,,9258,40,,,0,13,,9258,170,4,,0,40,,9257,40,,,0,53,,9257,170,4,,0,37,,9261,10,0,11 13,0,13,,9261,140,4,,0,60,,9248,40,,,0,13,,9248,170,4,,0,126,,9247,40,,,0,53,,9247,170,4,,0
2000002000,'Samedi-02',531,,9274,10,0,11 13,0,13,,9274,140,4,,0,157,,9275,10,0,11 13,0,13,,9275,140,4,,0,31,,9286,40,,,0,13,,9286,170,4,,0,73,,9276,10,0,11 13,0,13,,9276,140,4,,0,71,,9287,40,,,0,13,,9287,170,4,,0,73,,9277,10,0,11 13,0,13,,9277,140,4,,0,32,,9288,40,,,0,13,,9288,170,4,,0,73,,9278,10,0,11 13,0,13,,9278,140,4,,0,72,,9289,40,,,0,13,,9289,170,4,,0,72,,9279,10,0,11 13,0,13,,9279,140,4,,0,32,,9290,40,,,0,53,,9290,170,4,,0,32,,9280,10,0,11 13,0,13,,9280,140,4,,0,72,,9291,40,,,0,13,,9291,170,4,,0,72,,9281,10,0,11 13,0,13,,9281,140,4,,0,32,,9292,40,,,0,53,,9292,170,4,,0,32,,9282,10,0,11 13,0,13,,9282,140,4,,0,72,,9293,40,,,0,13,,9293,170,4,,0,72,,9283,10,0,11 13,0,13,,9283,140,4,,0,31,,9294,40,,,0,13,,9294,170,4,,0,73,,9284,10,0,11 13,0,13,,9284,140,4,,0,71,,9295,40,,,0,13,,9295,170,4,,0,73,,9285,10,0,11 13,0,13,,9285,140,4,,0,31,,9296,40,,,0,13,,9296,170,4,,0,157,,9297,40,,,0,13,,9297,170,4,,0
2000002000,'Semaine-02',436,,9299,10,0,11 13,0,13,,9299,140,4,,0,61,,9298,10,0,11 13,0,13,,9298,140,4,,0,9,,9300,40,0,11 13,0,20,,9300,190,4,,0,52,,9301,10,0,11 13,0,13,,9301,140,4,,0,20,,9317,40,,,0,20,,9317,190,4,,0,78,,9318,40,,,0,20,,9318,190,4,,0,48,,9319,40,,,0,13,,9319,170,4,,0,86,,9304,10,0,11 13,0,13,,9304,140,4,,0,18,,9320,40,,,0,13,,9320,170,4,,0,56,,9305,10,0,11 13,0,13,,9305,140,4,,0,21,,9321,40,,,0,13,,9321,170,4,,0,53,,9306,10,0,11 13,0,13,,9306,140,4,,0,21,,9322,40,,,0,13,,9322,170,4,,0,8,,9307,10,0,11 13,0,53,,9307,140,4,,0,21,,9323,40,,,0,13,,9323,170,4,,0,8,,9308,10,0,11 13,0,53,,9308,140,4,,0,30,,9324,40,,,0,13,,9324,170,4,,0,54,,9309,10,0,11 13,0,13,,9309,140,4,,0,22,,9325,40,,,0,20,,9325,190,4,,0,43,,9310,40,0,11 13,0,20,,9310,190,4,,0,12,,9326,40,,,0,13,,9326,170,4,,0,57,,9311,10,0,11 13,0,13,,9311,140,4,,0,16,,9327,40,,,0,20,,9327,190,4,,0,85,,9328,40,,,0,13,,9328,170,4,,0,87,,9315,40,,,0,13,,9315,170,4,,0,61,,9314,40,,,0,13,,9314,170,4,,0,80,,9313,40,,,0,13,,9313,170,4,,0,40,,9312,40,,,0,53,,9312,170,4,,0,37,,9316,10,0,11 13,0,13,,9316,140,4,,0,60,,9303,40,,,0,13,,9303,170,4,,0,126,,9302,40,,,0,53,,9302,170,4,,0
