2200,'Fête-2-01',552,,5515,30,,,0,70,,5516,30,,,0,30,,5517,30,,,0,73,,5520,30,,,0,32,,5518,30,,,0,72,,5519,30,,,0
2200,'Semaine-01',552,,5521,30,,,0,70,,5522,30,,,0,30,,5523,30,,,0,73,,5526,30,,,0,32,,5524,30,,,0,72,,5525,30,,,0
3100,'Dimanche-01',710,,5744,160,,,0,217,,5745,160,,,0,278,,5743,160,,,0,123,,5736,160,,,0,120,,5737,160,,,0,158,,5738,160,,,0,118,,5739,160,,,0,119,,5740,160,,,0,167,,5741,160,,,0,221,,5735,160,,,0,215,,5742,160,,,0
3100,'Fête-1-01',559,,5747,160,,,0,83,,5758,160,,,0,203,,5759,160,,,0,165,,5756,160,,,0,124,,5746,160,,,0,124,,5757,160,,,0,164,,5748,160,,,0,124,,5749,160,,,0,164,,5750,160,,,0,124,,5751,160,,,0,124,,5752,160,,,0,67,,5753,160,,,0,216,,5754,160,,,0,215,,5755,160,,,0
3100,'Fête-2-01',606,,5784,160,,,0,40,,5760,160,,,0,80,,5770,160,,,0,80,,5785,160,,,0,40,,5779,160,,,0,80,,5780,160,,,0,80,,5781,160,,,0,41,,5787,160,,,0,81,,5782,160,,,0,83,,5783,160,,,0,43,,5761,160,,,0,83,,5762,160,,,0,82,,5763,160,,,0,82,,5764,160,,,0,45,,5765,160,,,0,85,,5766,160,,,0,86,,5767,160,,,0,85,,5768,160,,,0,45,,5769,160,,,0,83,,5771,160,,,0,82,,5772,160,,,0,39,,5773,160,,,0,80,,5774,160,,,0,80,,5775,160,,,0,40,,5776,160,,,0,80,,5777,160,,,0,80,,5778,160,,,0,121,,5786,160,0,5 6,0
3100,'Samedi-01',559,,5789,160,,,0,83,,5800,160,,,0,203,,5801,160,,,0,165,,5798,160,,,0,124,,5788,160,,,0,124,,5799,160,,,0,164,,5790,160,,,0,124,,5791,160,,,0,164,,5792,160,,,0,124,,5793,160,,,0,124,,5794,160,,,0,67,,5795,160,,,0,216,,5796,160,,,0,215,,5797,160,,,0
3100,'Semaine-01',606,,5826,160,,,0,40,,5802,160,,,0,80,,5812,160,,,0,80,,5827,160,,,0,40,,5821,160,,,0,80,,5822,160,,,0,80,,5823,160,,,0,41,,5829,160,,,0,81,,5824,160,,,0,83,,5825,160,,,0,43,,5803,160,,,0,83,,5804,160,,,0,82,,5805,160,,,0,82,,5806,160,,,0,45,,5807,160,,,0,85,,5808,160,,,0,86,,5809,160,,,0,85,,5810,160,,,0,45,,5811,160,,,0,83,,5813,160,,,0,82,,5814,160,,,0,39,,5815,160,,,0,80,,5816,160,,,0,80,,5817,160,,,0,40,,5818,160,,,0,80,,5819,160,,,0,80,,5820,160,,,0,121,,5828,160,0,5 6,0
11101,'Dimanche-01',734,,6173,30,,,0,183,,6169,160,,,0,189,,6168,160,,,0,297,,6170,160,,,0,248,,6171,160,,,0,154,,6174,30,,,0,148,,6172,160,,,0,293,,6175,30,,,0
11101,'Fête-1-01',734,,6181,30,,,0,183,,6177,160,,,0,189,,6176,160,,,0,297,,6178,160,,,0,248,,6179,160,,,0,154,,6182,30,,,0,148,,6180,160,,,0,293,,6183,30,,,0
11101,'Fête-2-01',726,,6192,170,,,0,100,,6195,170,,,0,100,,6196,170,,,0,10,,6194,170,,,0,220,,6199,30,,,0,56,,6198,160,,,0,201,,6184,160,,,0,191,,6185,170,,,0,30,,6187,170,,,0,70,,6188,170,,,0,30,,6189,170,,,0,70,,6190,170,,,0,30,,6191,170,,,0,70,,6193,170,,,0,30,,6186,170,,,0,110,,6197,160,,,0
11101,'Samedi-01',734,,6205,30,,,0,183,,6201,160,,,0,189,,6200,160,,,0,297,,6202,160,,,0,248,,6203,160,,,0,154,,6206,30,,,0,148,,6204,160,,,0,293,,6207,30,,,0
11101,'Semaine-01',645,,6218,110,,,0,3,,6217,160,,,0,96,,6224,160,,,0,167,,6225,170,,,0,95,,6222,170,,,0,149,,6228,30,,,0,47,,6227,160,,,0,226,,6208,170,,,0,110,,6209,100,,,0,10,,6211,170,,,0,91,,6212,100,,,0,19,,6219,170,,,0,56,,6214,100,,,0,30,,6215,100,,,0,13,,6213,100,,,0,51,,6220,170,,,0,9,,6216,100,,,0,85,,6221,170,,,0,37,,6210,170,,,0,107,,6226,30,,,0,194,,6223,160,,,0
