100,'Dimanche-02',654,,7889,720,4,,0,200,,7878,720,4,,0,168,,7879,720,4,,0,131,,7880,720,4,,0,165,,7881,720,4,,0,123,,7882,720,4,,0,118,,7883,720,4,,0,160,,7884,720,4,,0,123,,7885,720,4,,0,175,,7886,720,4,,0,115,,7887,720,4,,0,115,,7888,720,4,,0
100,'Fête-1-02',654,,7901,720,4,,0,200,,7890,720,4,,0,168,,7891,720,4,,0,131,,7892,720,4,,0,165,,7893,720,4,,0,123,,7894,720,4,,0,118,,7895,720,4,,0,160,,7896,720,4,,0,123,,7897,720,4,,0,175,,7898,720,4,,0,115,,7899,720,4,,0,115,,7900,720,4,,0
100,'Fête-2-02',543,,7902,720,4,,0,105,,7903,720,4,,0,67,,7904,720,4,,0,43,,7905,720,4,,0,156,,7906,720,4,,0,103,,7909,720,4,,0,92,,7918,720,4,,0,103,,7910,720,4,,0,104,,7919,720,4,,0,38,,7911,720,4,,0,101,,7912,720,4,,0,100,,7916,720,4,,0,150,,7913,720,4,,0,34,,7914,720,4,,0,104,,7907,720,4,,0,92,,7908,720,4,,0,171,,7917,720,4,,0,143,,7915,720,4,,0
100,'Samedi-02',654,,7931,720,4,,0,200,,7920,720,4,,0,168,,7921,720,4,,0,131,,7922,720,4,,0,165,,7923,720,4,,0,123,,7924,720,4,,0,118,,7925,720,4,,0,160,,7926,720,4,,0,123,,7927,720,4,,0,175,,7928,720,4,,0,115,,7929,720,4,,0,115,,7930,720,4,,0
100,'Semaine-02',543,,7932,720,4,,0,105,,7933,720,4,,0,67,,7934,720,4,,0,43,,7935,720,4,,0,156,,7936,720,4,,0,103,,7939,720,4,,0,92,,7948,720,4,,0,103,,7940,720,4,,0,104,,7949,720,4,,0,38,,7941,720,4,,0,101,,7942,720,4,,0,100,,7946,720,4,,0,150,,7943,720,4,,0,34,,7944,720,4,,0,104,,7937,720,4,,0,92,,7938,720,4,,0,171,,7947,720,4,,0,143,,7945,720,4,,0
2100,'Fête-2-02',600,,8111,360,4,,0,30,,8112,360,4,,0,73,,8113,360,4,,0,36,,8114,360,4,,0,70,,8115,360,4,,0,36,,8116,360,4,,0
2100,'Semaine-02',600,,8117,360,4,,0,30,,8118,360,4,,0,73,,8119,360,4,,0,36,,8120,360,4,,0,70,,8121,360,4,,0,36,,8122,360,4,,0
2300,'Fête-2-02',601,,8164,400,4,,0,26,,8165,400,4,,0,17,,8166,400,4,,0,75,,8167,400,4,,0,26,,8168,400,4,,0,61,,8169,400,4,,0,20,,8170,400,4,,0,20,,8171,400,4,,0
2300,'Semaine-02',601,,8172,400,4,,0,26,,8173,400,4,,0,17,,8174,400,4,,0,75,,8175,400,4,,0,26,,8176,400,4,,0,61,,8177,400,4,,0,20,,8178,400,4,,0,20,,8179,400,4,,0
2500,'Fête-2-02',618,,8217,380,4,,0,34,,8214,400,4,,0,61,,8218,380,4,,0,29,,8215,400,4,,0,66,,8219,380,4,,0,29,,8216,400,4,,0
2500,'Semaine-02',618,,8223,380,4,,0,34,,8220,400,4,,0,61,,8224,380,4,,0,29,,8221,400,4,,0,66,,8225,380,4,,0,29,,8222,400,4,,0
2600,'Fête-2-02',515,,8238,350,4,,0,16,,8239,360,4,,0
2600,'Semaine-02',515,,8240,350,4,,0,16,,8241,360,4,,0
3100,'Dimanche-02',735,,8369,440,4,,0,219,,8370,440,4,,0,278,,8368,440,4,,0,123,,8361,440,4,,0,160,,8362,440,4,,0,118,,8363,440,4,,0,118,,8364,440,4,,0,159,,8365,440,4,,0,127,,8366,440,4,,0,221,,8360,440,4,,0,253,,8367,440,4,,0
3100,'Fête-1-02',624,,8372,440,4,,0,83,,8383,440,4,,0,205,,8384,440,4,,0,125,,8381,440,4,,0,164,,8371,440,4,,0,124,,8382,440,4,,0,124,,8373,440,4,,0,164,,8374,440,4,,0,124,,8375,440,4,,0,164,,8376,440,4,,0,124,,8377,440,4,,0,27,,8378,440,4,,0,256,,8379,440,4,,0,213,,8380,440,4,,0
3100,'Fête-2-02',638,,8409,440,4,,0,80,,8385,440,4,,0,82,,8395,440,4,,0,40,,8410,440,4,,0,80,,8404,440,4,,0,80,,8405,440,4,,0,37,,8406,440,4,,0,79,,8412,440,4,,0,84,,8407,440,4,,0,43,,8408,440,4,,0,83,,8386,440,4,,0,83,,8387,440,4,,0,42,,8388,440,4,,0,84,,8389,440,4,,0,84,,8390,440,4,,0,85,,8391,440,4,,0,46,,8392,440,4,,0,83,,8393,440,4,,0,84,,8394,440,4,,0,42,,8396,440,4,,0,82,,8397,440,4,,0,79,,8398,440,4,,0,80,,8399,440,4,,0,37,,8400,440,4,,0,80,,8401,440,4,,0,40,,8402,440,4,,0,80,,8403,440,4,,0
3100,'Samedi-02',624,,8414,440,4,,0,83,,8425,440,4,,0,205,,8426,440,4,,0,125,,8423,440,4,,0,164,,8413,440,4,,0,124,,8424,440,4,,0,124,,8415,440,4,,0,164,,8416,440,4,,0,124,,8417,440,4,,0,164,,8418,440,4,,0,124,,8419,440,4,,0,27,,8420,440,4,,0,256,,8421,440,4,,0,213,,8422,440,4,,0
3100,'Semaine-02',638,,8451,440,4,,0,80,,8427,440,4,,0,82,,8437,440,4,,0,40,,8452,440,4,,0,80,,8446,440,4,,0,80,,8447,440,4,,0,37,,8448,440,4,,0,79,,8454,440,4,,0,84,,8449,440,4,,0,43,,8450,440,4,,0,83,,8428,440,4,,0,83,,8429,440,4,,0,42,,8430,440,4,,0,84,,8431,440,4,,0,84,,8432,440,4,,0,85,,8433,440,4,,0,46,,8434,440,4,,0,83,,8435,440,4,,0,84,,8436,440,4,,0,42,,8438,440,4,,0,82,,8439,440,4,,0,79,,8440,440,4,,0,80,,8441,440,4,,0,37,,8442,440,4,,0,80,,8443,440,4,,0,40,,8444,440,4,,0,80,,8445,440,4,,0
3200,'Dimanche-02',630,,8455,450,4,,0,214,,8460,450,4,,0,263,,8463,450,4,,0,152,,8464,450,4,,0,159,,8456,450,4,,0,122,,8466,450,4,,0,160,,8457,450,4,,0,119,,8459,450,4,,0,118,,8458,450,4,,0,213,,8461,450,4,,0,256,,8462,450,4,,0
3200,'Fête-1-02',601,,8467,330,4,,0,141,,8473,450,4,,0,77,,8468,450,4,,0,120,,8476,450,4,,0,163,,8477,450,4,,0,124,,8478,450,4,,0,124,,8469,450,4,,0,164,,8480,450,4,,0,124,,8470,450,4,,0,168,,8471,450,4,,0,120,,8472,450,4,,0,274,,8474,450,4,,0,216,,8475,450,4,,0
3200,'Fête-2-02',702,,8506,450,4,,0,41,,8481,450,4,,0,80,,8509,450,4,,0,80,,8492,450,4,,0,40,,8500,450,4,,0,77,,8501,450,4,,0,81,,8502,450,4,,0,41,,8503,450,4,,0,83,,8504,450,4,,0,83,,8505,450,4,,0,43,,8482,450,4,,0,82,,8483,450,4,,0,83,,8484,450,4,,0,86,,8508,450,4,,0,18,,8485,100,4,,0,27,,8486,450,4,,0,59,,8510,100,4,,0,24,,8487,450,4,,0,20,,8511,100,4,,0,65,,8488,450,4,,0,44,,8489,450,4,,0,81,,8490,450,4,,0,83,,8491,450,4,,0,80,,8493,450,4,,0,40,,8494,450,4,,0,80,,8495,450,4,,0,80,,8496,450,4,,0,40,,8497,450,4,,0,80,,8498,450,4,,0,80,,8499,450,4,,0
3200,'Samedi-02',601,,8512,330,4,,0,141,,8518,450,4,,0,77,,8513,450,4,,0,120,,8521,450,4,,0,163,,8522,450,4,,0,124,,8523,450,4,,0,124,,8514,450,4,,0,164,,8525,450,4,,0,124,,8515,450,4,,0,168,,8516,450,4,,0,120,,8517,450,4,,0,274,,8519,450,4,,0,216,,8520,450,4,,0
3200,'Semaine-02',702,,8551,450,4,,0,41,,8526,450,4,,0,80,,8554,450,4,,0,80,,8537,450,4,,0,40,,8545,450,4,,0,77,,8546,450,4,,0,81,,8547,450,4,,0,41,,8548,450,4,,0,83,,8549,450,4,,0,83,,8550,450,4,,0,43,,8527,450,4,,0,82,,8528,450,4,,0,83,,8529,450,4,,0,86,,8553,450,4,,0,18,,8530,100,4,,0,27,,8531,450,4,,0,59,,8555,100,4,,0,24,,8532,450,4,,0,20,,8556,100,4,,0,65,,8533,450,4,,0,44,,8534,450,4,,0,81,,8535,450,4,,0,83,,8536,450,4,,0,80,,8538,450,4,,0,40,,8539,450,4,,0,80,,8540,450,4,,0,80,,8541,450,4,,0,40,,8542,450,4,,0,80,,8543,450,4,,0,80,,8544,450,4,,0
9800,'Fête-2-02',703,,8719,240,4,,0,102,,8707,340,4,,0,104,,8711,340,4,,0,105,,8712,340,4,,0,506,,8713,340,4,,0,105,,8714,340,4,,0,105,,8715,340,4,,0,105,,8716,340,4,,0,102,,8717,340,4,,0,97,,8718,340,4,,0,95,,8708,340,4,,0,90,,8709,340,4,,0
9800,'Semaine-02',703,,8732,240,4,,0,102,,8720,340,4,,0,104,,8724,340,4,,0,105,,8725,340,4,,0,506,,8726,340,4,,0,105,,8727,340,4,,0,105,,8728,340,4,,0,105,,8729,340,4,,0,102,,8730,340,4,,0,97,,8731,340,4,,0,95,,8721,340,4,,0,90,,8722,340,4,,0
11100,'Dimanche-02',840,,8734,470,4,,0,187,,8733,470,4,,0,291,,8735,470,4,,0,289,,8736,470,4,,0,305,,8737,470,4,,0
11100,'Fête-1-02',840,,8742,470,4,,0,187,,8741,470,4,,0,291,,8743,470,4,,0,289,,8744,470,4,,0,305,,8745,470,4,,0
11100,'Fête-2-02',558,,8753,470,4,,0,70,,8751,470,4,,0,30,,8754,470,4,,0,70,,8752,470,4,,0,30,,8758,470,4,,0,70,,8759,470,4,,0,29,,8750,470,4,,0,100,,8760,470,4,,0,370,,8749,470,4,,0,396,,8755,470,4,,0,30,,8757,470,4,,0,70,,8756,470,4,,0,130,,8761,470,4,,0
11100,'Samedi-02',840,,8764,470,4,,0,187,,8763,470,4,,0,291,,8765,470,4,,0,289,,8766,470,4,,0,305,,8767,470,4,,0
11100,'Semaine-02',606,,8773,470,4,,0,96,,8774,470,4,,0,110,,8775,470,4,,0,95,,8776,470,4,,0,114,,8789,470,4,,0,36,,8771,470,4,,0,265,,8772,470,4,,0,380,,8783,470,4,,0,57,,8785,470,4,,0,396,,8787,400,4,,0
