2000,'Dimanche-02',713,,8023,400,,,0,124,,8024,400,,,0,166,,8025,400,,,0,125,,8026,400,,,0,125,,8027,400,,,0,164,,8028,400,,,0,125,,8029,400,,,0,165,,8030,400,,,0
2000,'Fête-1-02',713,,8031,400,,,0,124,,8032,400,,,0,166,,8033,400,,,0,125,,8034,400,,,0,125,,8035,400,,,0,164,,8036,400,,,0,125,,8037,400,,,0,165,,8038,400,,,0
2000,'Fête-2-02',656,,8039,400,,,0,165,,8040,400,,,0,125,,8041,400,,,0,166,,8042,400,,,0,126,,8043,400,,,0,165,,8044,400,,,0,126,,8045,400,,,0,126,,8046,400,,,0,166,,8047,400,,,0
2000,'Samedi-02',713,,8048,400,,,0,124,,8049,400,,,0,166,,8050,400,,,0,125,,8051,400,,,0,125,,8052,400,,,0,164,,8053,400,,,0,125,,8054,400,,,0,165,,8055,400,,,0
2000,'Semaine-02',656,,8056,400,,,0,165,,8057,400,,,0,125,,8058,400,,,0,166,,8059,400,,,0,126,,8060,400,,,0,165,,8061,400,,,0,126,,8062,400,,,0,126,,8063,400,,,0,166,,8064,400,,,0
2000,'Semaine-02-0001100',1946,,8066,400,,,0,164,,8065,400,,,0
2000002000,'Dimanche-02',540,,9195,100,0,11 13,0,170,,9196,100,0,11 13,0,44,,9207,130,,,0,86,,9197,100,0,11 13,0,84,,9208,130,,,0,86,,9198,100,0,11 13,0,45,,9209,130,,,0,86,,9199,100,0,11 13,0,85,,9210,130,,,0,85,,9200,100,0,11 13,0,45,,9211,130,,,0,85,,9201,100,0,11 13,0,85,,9212,130,,,0,85,,9202,100,0,11 13,0,45,,9213,130,,,0,85,,9203,100,0,11 13,0,85,,9214,130,,,0,85,,9204,100,0,11 13,0,44,,9215,130,,,0,86,,9205,100,0,11 13,0,84,,9216,130,,,0,86,,9206,100,0,11 13,0,44,,9217,130,,,0,170,,9218,130,,,0
2000002000,'Fête-1-02',540,,9219,100,0,11 13,0,170,,9220,100,0,11 13,0,44,,9231,130,,,0,86,,9221,100,0,11 13,0,84,,9232,130,,,0,86,,9222,100,0,11 13,0,45,,9233,130,,,0,86,,9223,100,0,11 13,0,85,,9234,130,,,0,85,,9224,100,0,11 13,0,45,,9235,130,,,0,85,,9225,100,0,11 13,0,85,,9236,130,,,0,85,,9226,100,0,11 13,0,45,,9237,130,,,0,85,,9227,100,0,11 13,0,85,,9238,130,,,0,85,,9228,100,0,11 13,0,44,,9239,130,,,0,86,,9229,100,0,11 13,0,84,,9240,130,,,0,86,,9230,100,0,11 13,0,44,,9241,130,,,0,170,,9242,130,,,0
2000002000,'Fête-2-02',445,,9244,100,0,11 13,0,74,,9243,100,0,11 13,0,30,,9245,150,0,11 13,0,64,,9246,100,0,11 13,0,41,,9262,150,,,0,98,,9263,150,,,0,60,,9264,130,,,0,99,,9249,100,0,11 13,0,31,,9265,130,,,0,69,,9250,100,0,11 13,0,34,,9266,130,,,0,66,,9251,100,0,11 13,0,34,,9267,130,,,0,61,,9252,100,0,11 13,0,34,,9268,130,,,0,61,,9253,100,0,11 13,0,43,,9269,130,,,0,67,,9254,100,0,11 13,0,43,,9270,150,,,0,63,,9255,150,0,11 13,0,24,,9271,130,,,0,70,,9256,100,0,11 13,0,37,,9272,150,,,0,97,,9273,130,,,0,100,,9260,130,,,0,74,,9259,130,,,0,93,,9258,130,,,0,93,,9257,130,,,0,50,,9261,100,0,11 13,0,73,,9248,130,,,0,179,,9247,130,,,0
2000002000,'Samedi-02',540,,9274,100,0,11 13,0,170,,9275,100,0,11 13,0,44,,9286,130,,,0,86,,9276,100,0,11 13,0,84,,9287,130,,,0,86,,9277,100,0,11 13,0,45,,9288,130,,,0,86,,9278,100,0,11 13,0,85,,9289,130,,,0,85,,9279,100,0,11 13,0,45,,9290,130,,,0,85,,9280,100,0,11 13,0,85,,9291,130,,,0,85,,9281,100,0,11 13,0,45,,9292,130,,,0,85,,9282,100,0,11 13,0,85,,9293,130,,,0,85,,9283,100,0,11 13,0,44,,9294,130,,,0,86,,9284,100,0,11 13,0,84,,9295,130,,,0,86,,9285,100,0,11 13,0,44,,9296,130,,,0,170,,9297,130,,,0
2000002000,'Semaine-02',445,,9299,100,0,11 13,0,74,,9298,100,0,11 13,0,30,,9300,150,0,11 13,0,64,,9301,100,0,11 13,0,41,,9317,150,,,0,98,,9318,150,,,0,60,,9319,130,,,0,99,,9304,100,0,11 13,0,31,,9320,130,,,0,69,,9305,100,0,11 13,0,34,,9321,130,,,0,66,,9306,100,0,11 13,0,34,,9322,130,,,0,61,,9307,100,0,11 13,0,34,,9323,130,,,0,61,,9308,100,0,11 13,0,43,,9324,130,,,0,67,,9309,100,0,11 13,0,43,,9325,150,,,0,63,,9310,150,0,11 13,0,24,,9326,130,,,0,70,,9311,100,0,11 13,0,37,,9327,150,,,0,97,,9328,130,,,0,100,,9315,130,,,0,74,,9314,130,,,0,93,,9313,130,,,0,93,,9312,130,,,0,50,,9316,100,0,11 13,0,73,,9303,130,,,0,179,,9302,130,,,0
