2200,'Fête-2-02',554,,8140,50,,,0,70,,8141,50,,,0,30,,8142,50,,,0,73,,8145,50,,,0,32,,8143,50,,,0,72,,8144,50,,,0
2200,'Semaine-02',554,,8146,50,,,0,70,,8147,50,,,0,30,,8148,50,,,0,73,,8151,50,,,0,32,,8149,50,,,0,72,,8150,50,,,0
3100,'Dimanche-02',711,,8369,180,,,0,217,,8370,180,,,0,278,,8368,180,,,0,123,,8361,180,,,0,120,,8362,180,,,0,158,,8363,180,,,0,118,,8364,180,,,0,119,,8365,180,,,0,167,,8366,180,,,0,221,,8360,180,,,0,215,,8367,180,,,0
3100,'Fête-1-02',600,,8372,180,,,0,43,,8383,180,,,0,203,,8384,180,,,0,165,,8381,180,,,0,124,,8371,180,,,0,124,,8382,180,,,0,164,,8373,180,,,0,124,,8374,180,,,0,164,,8375,180,,,0,124,,8376,180,,,0,124,,8377,180,,,0,67,,8378,180,,,0,216,,8379,180,,,0,215,,8380,180,,,0
3100,'Fête-2-02',607,,8409,180,,,0,40,,8385,180,,,0,80,,8395,180,,,0,80,,8410,180,,,0,40,,8404,180,,,0,80,,8405,180,,,0,80,,8406,180,,,0,41,,8412,180,,,0,81,,8407,180,,,0,83,,8408,180,,,0,43,,8386,180,,,0,83,,8387,180,,,0,82,,8388,180,,,0,82,,8389,180,,,0,45,,8390,180,,,0,85,,8391,180,,,0,86,,8392,180,,,0,85,,8393,180,,,0,45,,8394,180,,,0,83,,8396,180,,,0,82,,8397,180,,,0,39,,8398,180,,,0,80,,8399,180,,,0,80,,8400,180,,,0,40,,8401,180,,,0,80,,8402,180,,,0,80,,8403,180,,,0,121,,8411,180,0,5 6,0
3100,'Samedi-02',600,,8414,180,,,0,43,,8425,180,,,0,203,,8426,180,,,0,165,,8423,180,,,0,124,,8413,180,,,0,124,,8424,180,,,0,164,,8415,180,,,0,124,,8416,180,,,0,164,,8417,180,,,0,124,,8418,180,,,0,124,,8419,180,,,0,67,,8420,180,,,0,216,,8421,180,,,0,215,,8422,180,,,0
3100,'Semaine-02',607,,8451,180,,,0,40,,8427,180,,,0,80,,8437,180,,,0,80,,8452,180,,,0,40,,8446,180,,,0,80,,8447,180,,,0,80,,8448,180,,,0,41,,8454,180,,,0,81,,8449,180,,,0,83,,8450,180,,,0,43,,8428,180,,,0,83,,8429,180,,,0,82,,8430,180,,,0,82,,8431,180,,,0,45,,8432,180,,,0,85,,8433,180,,,0,86,,8434,180,,,0,85,,8435,180,,,0,45,,8436,180,,,0,83,,8438,180,,,0,82,,8439,180,,,0,39,,8440,180,,,0,80,,8441,180,,,0,80,,8442,180,,,0,40,,8443,180,,,0,80,,8444,180,,,0,80,,8445,180,,,0,121,,8453,180,0,5 6,0
11101,'Dimanche-02',735,,8798,50,,,0,183,,8794,180,,,0,189,,8793,180,,,0,297,,8795,180,,,0,248,,8796,180,,,0,154,,8799,50,,,0,148,,8797,180,,,0,293,,8800,50,,,0
11101,'Fête-1-02',735,,8806,50,,,0,183,,8802,180,,,0,189,,8801,180,,,0,297,,8803,180,,,0,248,,8804,180,,,0,154,,8807,50,,,0,148,,8805,180,,,0,293,,8808,50,,,0
11101,'Fête-2-02',727,,8817,190,,,0,100,,8820,190,,,0,100,,8821,190,,,0,10,,8819,190,,,0,220,,8824,50,,,0,56,,8823,180,,,0,201,,8809,180,,,0,191,,8810,190,,,0,30,,8812,190,,,0,70,,8813,190,,,0,30,,8814,190,,,0,70,,8815,190,,,0,30,,8816,190,,,0,70,,8818,190,,,0,30,,8811,190,,,0,110,,8822,180,,,0
11101,'Samedi-02',735,,8830,50,,,0,183,,8826,180,,,0,189,,8825,180,,,0,297,,8827,180,,,0,248,,8828,180,,,0,154,,8831,50,,,0,148,,8829,180,,,0,293,,8832,50,,,0
11101,'Semaine-02',646,,8843,130,,,0,3,,8842,180,,,0,96,,8849,180,,,0,167,,8850,190,,,0,95,,8847,190,,,0,149,,8853,50,,,0,47,,8852,180,,,0,226,,8833,190,,,0,110,,8834,120,,,0,10,,8836,190,,,0,91,,8837,120,,,0,19,,8844,190,,,0,56,,8839,120,,,0,30,,8840,120,,,0,13,,8838,120,,,0,51,,8845,190,,,0,9,,8841,120,,,0,85,,8846,190,,,0,37,,8835,190,,,0,107,,8851,50,,,0,194,,8848,180,,,0
