101,'Dimanche-01',741,,5325,300,,,0,206,,5326,300,,,0,171,,5327,300,,,0,133,,5328,300,,,0,167,,5329,300,,,0,120,,5330,300,,,0,120,,5331,300,,,0,160,,5332,300,,,0,117,,5333,300,,,0,174,,5334,300,,,0,114,,5335,300,,,0,113,,5336,300,,,0
101,'Fête-1-01',741,,5337,300,,,0,206,,5338,300,,,0,171,,5339,300,,,0,133,,5340,300,,,0,167,,5341,300,,,0,120,,5342,300,,,0,120,,5343,300,,,0,160,,5344,300,,,0,117,,5345,300,,,0,174,,5346,300,,,0,114,,5347,300,,,0,113,,5348,300,,,0
101,'Fête-2-01',640,,5349,300,,,0,101,,5358,300,,,0,70,,5360,300,,,0,90,,5361,300,,,0,111,,5362,300,,,0,105,,5363,300,,,0,95,,5365,300,,,0,104,,5364,300,,,0,106,,5366,300,,,0,81,,5350,300,,,0,103,,5351,300,,,0,96,,5352,300,,,0,107,,5353,300,,,0,34,,5354,300,,,0,103,,5355,300,,,0,83,,5356,300,,,0,173,,5357,300,,,0,135,,5359,300,,,0
101,'Samedi-01',741,,5367,300,,,0,206,,5368,300,,,0,171,,5369,300,,,0,133,,5370,300,,,0,167,,5371,300,,,0,120,,5372,300,,,0,120,,5373,300,,,0,160,,5374,300,,,0,117,,5375,300,,,0,174,,5376,300,,,0,114,,5377,300,,,0,113,,5378,300,,,0
101,'Semaine-01',635,,5397,170,,,0,5,,5379,300,,,0,101,,5388,300,,,0,70,,5390,300,,,0,90,,5391,300,,,0,111,,5392,300,,,0,105,,5393,300,,,0,95,,5395,300,,,0,104,,5394,300,,,0,106,,5396,300,,,0,81,,5380,300,,,0,103,,5381,300,,,0,96,,5382,300,,,0,107,,5383,300,,,0,34,,5384,300,,,0,103,,5385,300,,,0,83,,5386,300,,,0,173,,5387,300,,,0,135,,5389,300,,,0
2301,'Fête-2-01',1602,,5555,310,,,0,25,,5556,310,,,0,30,,5557,310,,,0,70,,5558,310,,,0,28,,5559,310,,,0,69,,5560,310,,,0,29,,5561,310,,,0
2301,'Semaine-01',1602,,5562,310,,,0,25,,5563,310,,,0,30,,5564,310,,,0,70,,5565,310,,,0,28,,5566,310,,,0,69,,5567,310,,,0,29,,5568,310,,,0
2801,'Fête-2-01',1407,,5685,240,4,,0,150,,5688,240,4,,0,71,,5692,240,4,,0,27,,5683,240,0,23,0,55,,5691,240,4,,0,19,,5686,240,4,,0,10,,5682,240,,,0,10,,5687,240,4,,0,58,,5684,240,0,23,0,19,,5689,240,4,,0,15,,5693,240,4,,0,15,,5690,240,4,,0
2801,'Semaine-01',1407,,5697,240,4,,0,150,,5703,240,4,,0,56,,5706,240,4,,0,15,,5710,240,4,,0,12,,5707,240,4,,0,15,,5695,240,0,23,0,45,,5708,240,4,,0,10,,5709,240,4,,0,10,,5698,240,4,,0,9,,5699,240,4,,0,10,,5694,240,,,0,10,,5700,240,4,,0,8,,5701,240,4,,0,50,,5696,240,0,23,0,14,,5702,240,4,,0,10,,5704,240,4,,0,25,,5705,240,4,,0
3300,'Dimanche-01',548,,5934,180,,,0,82,,5932,180,,,0,90,,5943,180,,,0,81,,5953,180,,,0,43,,5955,180,,,0,93,,5956,180,,,0,80,,5957,180,,,0,40,,5958,180,,,0,80,,5959,180,,,0,80,,5935,180,,,0,40,,5936,180,,,0,79,,5937,180,,,0,80,,5938,180,,,0,40,,5939,180,,,0,79,,5940,180,,,0,79,,5941,180,,,0,39,,5942,180,,,0,79,,5944,180,,,0,79,,5945,180,,,0,40,,5946,180,,,0,87,,5947,180,,,0,85,,5948,180,,,0,86,,5949,180,,,0,47,,5950,180,,,0,86,,5951,180,,,0,83,,5952,180,,,0,88,,5933,180,,,0,43,,5954,180,,,0,159,,5960,180,0,8 6,0
3300,'Fête-1-01',608,,5963,180,,,0,41,,5961,180,,,0,81,,5972,180,,,0,82,,5982,180,,,0,42,,5984,180,,,0,84,,5985,180,,,0,81,,5986,180,,,0,82,,5987,180,,,0,42,,5988,180,,,0,82,,5964,180,,,0,82,,5965,180,,,0,42,,5966,180,,,0,82,,5967,180,,,0,82,,5968,180,,,0,42,,5969,180,,,0,82,,5970,180,,,0,82,,5971,180,,,0,85,,5973,180,,,0,39,,5974,180,,,0,82,,5975,180,,,0,82,,5976,180,,,0,39,,5977,180,,,0,82,,5978,180,,,0,81,,5979,180,,,0,42,,5980,180,,,0,83,,5981,180,,,0,86,,5983,180,,,0,86,,5962,180,,,0,113,,5989,180,0,8 6,0
3300,'Fête-2-01',615,,5990,180,,,0,40,,6018,180,,,0,81,,5999,180,,,0,80,,6009,180,,,0,40,,6012,180,,,0,79,,6013,180,,,0,80,,6014,180,,,0,42,,6015,180,,,0,81,,6016,180,,,0,83,,5991,180,,,0,83,,5992,180,,,0,43,,5993,180,,,0,82,,5994,180,,,0,83,,5995,180,,,0,46,,5996,180,,,0,85,,5997,180,,,0,85,,5998,180,,,0,84,,6000,180,,,0,43,,6001,180,,,0,83,,6002,180,,,0,82,,6003,180,,,0,80,,6004,180,,,0,40,,6005,180,,,0,80,,6006,180,,,0,80,,6007,180,,,0,40,,6008,180,,,0,80,,6010,180,,,0,80,,6011,180,,,0,56,,6017,130,0,8 6,0
3300,'Samedi-01',608,,6021,180,,,0,41,,6019,180,,,0,81,,6030,180,,,0,82,,6040,180,,,0,42,,6042,180,,,0,84,,6043,180,,,0,81,,6044,180,,,0,82,,6045,180,,,0,42,,6046,180,,,0,82,,6022,180,,,0,82,,6023,180,,,0,42,,6024,180,,,0,82,,6025,180,,,0,82,,6026,180,,,0,42,,6027,180,,,0,82,,6028,180,,,0,82,,6029,180,,,0,85,,6031,180,,,0,39,,6032,180,,,0,82,,6033,180,,,0,82,,6034,180,,,0,39,,6035,180,,,0,82,,6036,180,,,0,81,,6037,180,,,0,42,,6038,180,,,0,83,,6039,180,,,0,86,,6041,180,,,0,86,,6020,180,,,0,113,,6047,180,0,8 6,0
3300,'Semaine-01',615,,6048,180,,,0,40,,6076,180,,,0,81,,6057,180,,,0,80,,6067,180,,,0,40,,6070,180,,,0,79,,6071,180,,,0,80,,6072,180,,,0,42,,6073,180,,,0,81,,6074,180,,,0,83,,6049,180,,,0,83,,6050,180,,,0,43,,6051,180,,,0,82,,6052,180,,,0,83,,6053,180,,,0,46,,6054,180,,,0,85,,6055,180,,,0,85,,6056,180,,,0,84,,6058,180,,,0,43,,6059,180,,,0,83,,6060,180,,,0,82,,6061,180,,,0,80,,6062,180,,,0,40,,6063,180,,,0,80,,6064,180,,,0,80,,6065,180,,,0,40,,6066,180,,,0,80,,6068,180,,,0,80,,6069,180,,,0,56,,6075,130,0,8 6,0
9001,'Semaine-01',1849,,6080,210,,,0
