2401,'Fête-2-02',1639,,8205,50,,,0,85,,8206,50,,,0,85,,8208,50,,,0,45,,8207,50,,,0
2401,'Semaine-02',1639,,8209,50,,,0,85,,8210,50,,,0,85,,8213,50,,,0,21,,8212,50,,,0,24,,8211,50,,,0
2501,'Fête-2-02',1556,,8226,160,,,0,80,,8227,160,,,0,74,,8228,160,,,0,39,,8229,160,,,0,80,,8230,160,,,0,28,,8231,160,,,0
2501,'Semaine-02',1556,,8232,160,,,0,80,,8233,160,,,0,74,,8234,160,,,0,39,,8235,160,,,0,80,,8236,160,,,0,28,,8237,160,,,0
2701,'Fête-2-02',609,,8262,50,,,0,40,,8263,50,,,0,81,,8264,50,,,0,80,,8265,50,,,0,744,,8269,50,,,0,81,,8266,50,,,0,84,,8270,50,,,0,86,,8267,50,,,0,45,,8268,50,,,0
2701,'Semaine-02',609,,8271,50,,,0,40,,8272,50,,,0,81,,8273,50,,,0,80,,8274,50,,,0,744,,8278,50,,,0,81,,8275,50,,,0,84,,8279,50,,,0,86,,8276,50,,,0,45,,8277,50,,,0
3200,'Dimanche-02',557,,8455,160,,,0,254,,8460,160,,,0,223,,8463,160,,,0,192,,8464,160,,,0,119,,8456,160,,,0,162,,8466,160,,,0,120,,8457,160,,,0,119,,8459,160,,,0,158,,8458,160,,,0,215,,8461,160,,,0,216,,8462,160,,,0,213,,8465,160,0,6,0
3200,'Fête-1-02',528,,8467,40,,,0,181,,8473,160,,,0,37,,8468,160,,,0,160,,8476,160,,,0,123,,8477,160,,,0,124,,8478,160,,,0,164,,8469,160,,,0,124,,8480,160,,,0,164,,8470,160,,,0,128,,8471,160,,,0,120,,8472,160,,,0,276,,8474,160,,,0,216,,8475,160,,,0,208,,8479,160,0,6,0
3200,'Fête-2-02',625,,8506,160,,,0,80,,8481,160,,,0,39,,8509,160,,,0,79,,8492,160,,,0,80,,8500,160,,,0,42,,8501,160,,,0,81,,8502,160,,,0,81,,8503,160,,,0,43,,8504,160,,,0,83,,8505,160,,,0,83,,8482,160,,,0,42,,8483,160,,,0,82,,8484,160,,,0,85,,8508,160,,,0,85,,8486,160,,,0,44,,8487,160,,,0,86,,8488,160,,,0,85,,8489,160,,,0,82,,8490,160,,,0,43,,8491,160,,,0,81,,8493,160,,,0,80,,8494,160,,,0,40,,8495,160,,,0,80,,8496,160,,,0,80,,8497,160,,,0,41,,8498,160,,,0,80,,8499,160,,,0,112,,8507,160,0,6,0
3200,'Samedi-02',528,,8512,40,,,0,181,,8518,160,,,0,37,,8513,160,,,0,160,,8521,160,,,0,123,,8522,160,,,0,124,,8523,160,,,0,164,,8514,160,,,0,124,,8525,160,,,0,164,,8515,160,,,0,128,,8516,160,,,0,120,,8517,160,,,0,276,,8519,160,,,0,216,,8520,160,,,0,208,,8524,160,0,6,0
3200,'Semaine-02',625,,8551,160,,,0,80,,8526,160,,,0,39,,8554,160,,,0,79,,8537,160,,,0,80,,8545,160,,,0,42,,8546,160,,,0,81,,8547,160,,,0,81,,8548,160,,,0,43,,8549,160,,,0,83,,8550,160,,,0,83,,8527,160,,,0,42,,8528,160,,,0,82,,8529,160,,,0,85,,8553,160,,,0,85,,8531,160,,,0,44,,8532,160,,,0,86,,8533,160,,,0,85,,8534,160,,,0,82,,8535,160,,,0,43,,8536,160,,,0,81,,8538,160,,,0,80,,8539,160,,,0,40,,8540,160,,,0,80,,8541,160,,,0,80,,8542,160,,,0,41,,8543,160,,,0,80,,8544,160,,,0,112,,8552,160,0,6,0
