11100,'Dimanche-02',717,,8738,270,0,5 6,0,100,,8734,270,0,5 10,0,186,,8733,270,0,5 10,0,251,,8735,270,0,5 10,0,289,,8736,270,0,5 10,0,199,,8739,270,0,5 6,0,106,,8737,270,0,5 10,0,380,,8740,270,0,5 6,0
11100,'Fête-1-02',717,,8746,270,0,5 6,0,100,,8742,270,0,5 10,0,186,,8741,270,0,5 10,0,251,,8743,270,0,5 10,0,289,,8744,270,0,5 10,0,199,,8747,270,0,5 6,0,106,,8745,270,0,5 10,0,380,,8748,270,0,5 6,0
11100,'Fête-2-02',529,,8753,270,0,5 14,0,30,,8751,270,0,5 14,0,70,,8754,270,0,5 14,0,30,,8752,270,0,5 14,0,70,,8758,270,0,5 14,0,30,,8759,270,0,5 14,0,72,,8750,270,0,5 10,0,100,,8760,270,0,5 10,0,208,,8762,270,0,5 6,0,165,,8749,270,0,5 10,0,400,,8755,270,0,5 14,0,30,,8757,270,0,5 14,0,70,,8756,270,0,5 14,0,130,,8761,270,0,5 10,0
11100,'Samedi-02',717,,8768,270,0,5 6,0,100,,8764,270,0,5 10,0,186,,8763,270,0,5 10,0,251,,8765,270,0,5 10,0,289,,8766,270,0,5 10,0,199,,8769,270,0,5 6,0,106,,8767,270,0,5 10,0,380,,8770,270,0,5 6,0
11100,'Semaine-02',529,,8779,270,0,5 15,0,15,,8773,270,0,5 10,0,60,,8777,270,0,5 15,0,26,,8780,270,0,5 15,0,6,,8774,270,0,5 10,0,14,,8778,270,0,5 15,0,51,,8792,270,0,16 17,0,20,,8786,270,0,5 15,0,20,,8781,270,0,5 15,0,5,,8775,270,0,16 17,0,55,,8788,270,0,5 15,0,40,,8776,270,0,16 17,0,118,,8789,270,0,16 17,0,75,,8771,270,0,16 17,0,105,,8791,270,0,5 6,0,120,,8772,270,0,5 10,0,380,,8783,270,0,5 10,0,98,,8785,270,0,5 10,0
14001,'Dimanche-02',800,,8854,390,,,0,112,,8856,540,,,0,115,,8857,540,,,0,116,,8858,540,,,0,116,,8859,540,,,0,155,,8860,540,,,0,115,,8861,540,,,0,120,,8862,540,,,0
14001,'Fête-1-02',800,,8863,390,,,0,112,,8865,540,,,0,115,,8866,540,,,0,116,,8867,540,,,0,116,,8868,540,,,0,155,,8869,540,,,0,115,,8870,540,,,0,120,,8871,540,,,0
14001,'Fête-2-02',625,,8873,390,,,0,97,,8884,410,,,0,103,,8872,490,,,0,121,,8874,540,,,0,160,,8875,540,,,0,123,,8876,540,,,0,125,,8877,540,,,0,165,,8878,540,,,0,125,,8879,540,,,0,164,,8880,540,,,0,125,,8881,540,,,0,119,,8882,540,,,0
14001,'Samedi-02',800,,8885,390,,,0,112,,8887,540,,,0,115,,8888,540,,,0,116,,8889,540,,,0,116,,8890,540,,,0,155,,8891,540,,,0,115,,8892,540,,,0,120,,8893,540,,,0
14001,'Semaine-02',625,,8895,390,,,0,97,,8906,410,,,0,103,,8894,490,,,0,121,,8896,540,,,0,160,,8897,540,,,0,123,,8898,540,,,0,125,,8899,540,,,0,165,,8900,540,,,0,125,,8901,540,,,0,164,,8902,540,,,0,125,,8903,540,,,0,119,,8904,540,,,0
