3100,'Dimanche-02',717,,8369,270,,,0,217,,8370,270,,,0,278,,8368,270,,,0,123,,8361,270,,,0,120,,8362,270,,,0,158,,8363,270,,,0,118,,8364,270,,,0,119,,8365,270,,,0,167,,8366,270,,,0,221,,8360,270,,,0,215,,8367,270,,,0
3100,'Fête-1-02',606,,8372,270,,,0,43,,8383,270,,,0,203,,8384,270,,,0,165,,8381,270,,,0,124,,8371,270,,,0,164,,8382,270,,,0,124,,8373,270,,,0,124,,8374,270,,,0,164,,8375,270,,,0,124,,8376,270,,,0,164,,8377,270,,,0,27,,8378,270,,,0,216,,8379,270,,,0,255,,8380,270,,,0
3100,'Fête-2-02',613,,8409,270,,,0,40,,8385,270,,,0,80,,8395,270,,,0,80,,8410,270,,,0,40,,8404,270,,,0,80,,8405,270,,,0,80,,8406,270,,,0,41,,8412,270,,,0,83,,8407,270,,,0,83,,8408,270,,,0,83,,8386,270,,,0,43,,8387,270,,,0,82,,8388,270,,,0,82,,8389,270,,,0,45,,8390,270,,,0,85,,8391,270,,,0,86,,8392,270,,,0,85,,8393,270,,,0,44,,8394,270,,,0,82,,8396,270,,,0,82,,8397,270,,,0,39,,8398,270,,,0,80,,8399,270,,,0,80,,8400,270,,,0,40,,8401,270,,,0,80,,8402,270,,,0,80,,8403,270,,,0,121,,8411,270,0,5 6,0
3100,'Samedi-02',606,,8414,270,,,0,43,,8425,270,,,0,203,,8426,270,,,0,165,,8423,270,,,0,124,,8413,270,,,0,164,,8424,270,,,0,124,,8415,270,,,0,124,,8416,270,,,0,164,,8417,270,,,0,124,,8418,270,,,0,164,,8419,270,,,0,27,,8420,270,,,0,216,,8421,270,,,0,255,,8422,270,,,0
3100,'Semaine-02',613,,8451,270,,,0,40,,8427,270,,,0,80,,8437,270,,,0,80,,8452,270,,,0,40,,8446,270,,,0,80,,8447,270,,,0,80,,8448,270,,,0,41,,8454,270,,,0,83,,8449,270,,,0,83,,8450,270,,,0,83,,8428,270,,,0,43,,8429,270,,,0,82,,8430,270,,,0,82,,8431,270,,,0,45,,8432,270,,,0,85,,8433,270,,,0,86,,8434,270,,,0,85,,8435,270,,,0,44,,8436,270,,,0,82,,8438,270,,,0,82,,8439,270,,,0,39,,8440,270,,,0,80,,8441,270,,,0,80,,8442,270,,,0,40,,8443,270,,,0,80,,8444,270,,,0,80,,8445,270,,,0,121,,8453,270,0,5 6,0
3300,'Dimanche-02',542,,8559,70,,,0,82,,8557,70,,,0,90,,8568,70,,,0,41,,8578,70,,,0,83,,8580,70,,,0,93,,8581,70,,,0,80,,8582,70,,,0,40,,8583,70,,,0,80,,8584,70,,,0,80,,8560,70,,,0,40,,8561,70,,,0,79,,8562,70,,,0,80,,8563,70,,,0,40,,8564,70,,,0,79,,8565,70,,,0,79,,8566,70,,,0,39,,8567,70,,,0,79,,8569,70,,,0,79,,8570,70,,,0,40,,8571,70,,,0,87,,8572,70,,,0,85,,8573,70,,,0,86,,8574,70,,,0,47,,8575,70,,,0,86,,8576,70,,,0,83,,8577,70,,,0,88,,8558,70,,,0,43,,8579,70,,,0,159,,8585,70,0,8 6,0
3300,'Fête-1-02',602,,8588,70,,,0,41,,8586,70,,,0,81,,8597,70,,,0,82,,8607,70,,,0,42,,8609,70,,,0,84,,8610,70,,,0,81,,8611,70,,,0,42,,8612,70,,,0,82,,8613,70,,,0,82,,8589,70,,,0,82,,8590,70,,,0,42,,8591,70,,,0,82,,8592,70,,,0,82,,8593,70,,,0,42,,8594,70,,,0,82,,8595,70,,,0,82,,8596,70,,,0,45,,8598,70,,,0,79,,8599,70,,,0,82,,8600,70,,,0,82,,8601,70,,,0,39,,8602,70,,,0,82,,8603,70,,,0,81,,8604,70,,,0,42,,8605,70,,,0,83,,8606,70,,,0,86,,8608,70,,,0,86,,8587,70,,,0,113,,8614,70,0,8 6,0
3300,'Fête-2-02',609,,8615,70,,,0,40,,8643,70,,,0,80,,8624,70,,,0,80,,8634,70,,,0,40,,8637,70,,,0,80,,8638,70,,,0,80,,8639,70,,,0,41,,8640,70,,,0,81,,8641,70,,,0,83,,8616,70,,,0,43,,8617,70,,,0,83,,8618,70,,,0,82,,8619,70,,,0,82,,8620,70,,,0,45,,8621,70,,,0,85,,8622,70,,,0,85,,8623,70,,,0,85,,8625,70,,,0,45,,8626,70,,,0,83,,8627,70,,,0,82,,8628,70,,,0,40,,8629,70,,,0,80,,8630,70,,,0,80,,8631,70,,,0,40,,8632,70,,,0,80,,8633,70,,,0,80,,8635,70,,,0,40,,8636,70,,,0,96,,8642,20,0,8 6,0
3300,'Samedi-02',602,,8646,70,,,0,41,,8644,70,,,0,81,,8655,70,,,0,82,,8665,70,,,0,42,,8667,70,,,0,84,,8668,70,,,0,81,,8669,70,,,0,42,,8670,70,,,0,82,,8671,70,,,0,82,,8647,70,,,0,82,,8648,70,,,0,42,,8649,70,,,0,82,,8650,70,,,0,82,,8651,70,,,0,42,,8652,70,,,0,82,,8653,70,,,0,82,,8654,70,,,0,45,,8656,70,,,0,79,,8657,70,,,0,82,,8658,70,,,0,82,,8659,70,,,0,39,,8660,70,,,0,82,,8661,70,,,0,81,,8662,70,,,0,42,,8663,70,,,0,83,,8664,70,,,0,86,,8666,70,,,0,86,,8645,70,,,0,113,,8672,70,0,8 6,0
3300,'Semaine-02',609,,8673,70,,,0,40,,8701,70,,,0,80,,8682,70,,,0,80,,8692,70,,,0,40,,8695,70,,,0,80,,8696,70,,,0,80,,8697,70,,,0,41,,8698,70,,,0,81,,8699,70,,,0,83,,8674,70,,,0,43,,8675,70,,,0,83,,8676,70,,,0,82,,8677,70,,,0,82,,8678,70,,,0,45,,8679,70,,,0,85,,8680,70,,,0,85,,8681,70,,,0,85,,8683,70,,,0,45,,8684,70,,,0,83,,8685,70,,,0,82,,8686,70,,,0,40,,8687,70,,,0,80,,8688,70,,,0,80,,8689,70,,,0,40,,8690,70,,,0,80,,8691,70,,,0,80,,8693,70,,,0,40,,8694,70,,,0,96,,8700,20,0,8 6,0
