2700,'Fête-2-01',542,,5617,10,,,0,80,,5618,10,,,0,80,,5619,10,,,0,40,,5620,10,,,0,80,,5621,10,,,0,787,,5622,10,,,0,43,,5623,10,,,0,86,,5624,10,,,0,84,,5625,10,,,0,86,,5626,10,,,0
2700,'Semaine-01',542,,5627,10,,,0,80,,5628,10,,,0,80,,5629,10,,,0,40,,5630,10,,,0,80,,5631,10,,,0,787,,5632,10,,,0,43,,5633,10,,,0,86,,5634,10,,,0,84,,5635,10,,,0,86,,5636,10,,,0
2701,'Fête-2-01',622,,5637,230,4,,0,80,,5638,230,4,,0,40,,5639,230,4,,0,80,,5640,230,4,,0,785,,5644,230,4,,0,41,,5641,230,4,,0,85,,5645,230,4,,0,86,,5642,230,4,,0,85,,5643,230,4,,0
2701,'Semaine-01',622,,5646,230,4,,0,80,,5647,230,4,,0,40,,5648,230,4,,0,80,,5649,230,4,,0,785,,5653,230,4,,0,41,,5650,230,4,,0,85,,5654,230,4,,0,86,,5651,230,4,,0,85,,5652,230,4,,0
2000002700,'Dimanche-01',635,,7405,180,4,,0,90,,7409,180,4,,0,81,,7406,180,4,,0,43,,7410,180,4,,0,93,,7411,180,4,,0,83,,7412,180,4,,0,85,,7413,180,4,,0,35,,7414,180,4,,0,74,,7415,180,4,,0,85,,7416,180,4,,0,39,,7417,180,4,,0,80,,7418,180,4,,0,80,,7419,180,4,,0,42,,7420,180,4,,0,76,,7421,180,4,,0,83,,7422,180,4,,0,35,,7423,180,4,,0,84,,7424,180,4,,0,35,,7425,180,4,,0,84,,7426,180,4,,0,84,,7427,180,4,,0,86,,7428,180,4,,0,44,,7407,180,4,,0,90,,7429,180,4,,0,82,,7430,180,4,,0,84,,7431,180,4,,0,89,,7432,180,4,,0,44,,7433,180,4,,0,82,,7408,180,4,,0
2000002700,'Fête-1-01',614,,7434,180,4,,0,43,,7438,180,4,,0,90,,7435,180,4,,0,77,,7439,180,4,,0,76,,7440,180,4,,0,44,,7441,180,4,,0,81,,7442,180,4,,0,82,,7443,180,4,,0,42,,7444,180,4,,0,82,,7445,180,4,,0,82,,7446,180,4,,0,42,,7447,180,4,,0,82,,7448,180,4,,0,82,,7449,180,4,,0,82,,7450,180,4,,0,42,,7451,180,4,,0,82,,7452,180,4,,0,86,,7453,180,4,,0,38,,7454,180,4,,0,82,,7455,180,4,,0,82,,7456,180,4,,0,42,,7457,180,4,,0,74,,7436,180,4,,0,77,,7458,180,4,,0,50,,7459,180,4,,0,86,,7460,180,4,,0,80,,7461,180,4,,0,89,,7462,180,4,,0,39,,7437,180,4,,0,76,,7463,180,4,,0
2000002700,'Fête-2-01',621,,7483,180,4,,0,281,,7464,180,4,,0,40,,7466,180,4,,0,80,,7482,180,4,,0,81,,7481,180,4,,0,41,,7480,180,4,,0,83,,7479,180,4,,0,83,,7478,180,4,,0,43,,7477,180,4,,0,82,,7476,180,4,,0,82,,7484,180,4,,0,85,,7485,180,4,,0,342,,7475,180,4,,0,83,,7474,180,4,,0,80,,7473,180,4,,0,40,,7472,180,4,,0,80,,7471,180,4,,0,80,,7470,180,4,,0,40,,7469,180,4,,0,80,,7468,180,4,,0,80,,7467,180,4,,0,40,,7465,180,4,,0
2000002700,'Samedi-01',614,,7486,180,4,,0,43,,7490,180,4,,0,90,,7487,180,4,,0,77,,7491,180,4,,0,76,,7492,180,4,,0,44,,7493,180,4,,0,81,,7494,180,4,,0,82,,7495,180,4,,0,42,,7496,180,4,,0,82,,7497,180,4,,0,82,,7498,180,4,,0,42,,7499,180,4,,0,82,,7500,180,4,,0,82,,7501,180,4,,0,82,,7502,180,4,,0,42,,7503,180,4,,0,82,,7504,180,4,,0,86,,7505,180,4,,0,38,,7506,180,4,,0,82,,7507,180,4,,0,82,,7508,180,4,,0,42,,7509,180,4,,0,74,,7488,180,4,,0,77,,7510,180,4,,0,50,,7511,180,4,,0,86,,7512,180,4,,0,80,,7513,180,4,,0,89,,7514,180,4,,0,39,,7489,180,4,,0,76,,7515,180,4,,0
2000002700,'Semaine-01',621,,7535,180,4,,0,281,,7516,180,4,,0,40,,7518,180,4,,0,80,,7534,180,4,,0,81,,7533,180,4,,0,41,,7532,180,4,,0,83,,7531,180,4,,0,83,,7530,180,4,,0,43,,7529,180,4,,0,82,,7528,180,4,,0,82,,7536,180,4,,0,85,,7537,180,4,,0,342,,7527,180,4,,0,83,,7526,180,4,,0,80,,7525,180,4,,0,40,,7524,180,4,,0,80,,7523,180,4,,0,80,,7522,180,4,,0,40,,7521,180,4,,0,80,,7520,180,4,,0,80,,7519,180,4,,0,40,,7517,180,4,,0
2000002701,'Dimanche-01',558,,7538,10,,,0,90,,7540,10,,,0,81,,7565,10,,,0,83,,7563,10,,,0,93,,7564,10,,,0,43,,7561,10,,,0,87,,7562,10,,,0,75,,7560,10,,,0,35,,7559,10,,,0,82,,7556,10,,,0,79,,7558,10,,,0,40,,7557,10,,,0,80,,7555,10,,,0,82,,7554,10,,,0,37,,7552,10,,,0,83,,7553,10,,,0,76,,7551,10,,,0,43,,7550,10,,,0,76,,7549,10,,,0,82,,7548,10,,,0,44,,7547,10,,,0,86,,7546,10,,,0,85,,7539,10,,,0,89,,7545,10,,,0,43,,7544,10,,,0,84,,7543,10,,,0,88,,7542,10,,,0,86,,7541,10,,,0
2000002701,'Fête-1-01',537,,7566,10,,,0,83,,7569,10,,,0,90,,7594,10,,,0,37,,7592,10,,,0,77,,7593,10,,,0,83,,7590,10,,,0,41,,7591,10,,,0,82,,7589,10,,,0,82,,7588,10,,,0,42,,7585,10,,,0,82,,7587,10,,,0,82,,7586,10,,,0,82,,7584,10,,,0,42,,7583,10,,,0,82,,7581,10,,,0,82,,7582,10,,,0,42,,7580,10,,,0,86,,7579,10,,,0,78,,7578,10,,,0,42,,7577,10,,,0,82,,7576,10,,,0,81,,7575,10,,,0,39,,7567,10,,,0,73,,7574,10,,,0,90,,7573,10,,,0,87,,7572,10,,,0,39,,7571,10,,,0,89,,7570,10,,,0,81,,7568,10,,,0
2000002701,'Fête-2-01',544,,7611,10,,,0,360,,7610,10,,,0,40,,7609,10,,,0,81,,7608,10,,,0,81,,7607,10,,,0,43,,7606,10,,,0,83,,7605,10,,,0,83,,7604,10,,,0,42,,7612,10,,,0,82,,7613,10,,,0,85,,7614,10,,,0,425,,7603,10,,,0,80,,7602,10,,,0,80,,7601,10,,,0,40,,7600,10,,,0,80,,7599,10,,,0,80,,7598,10,,,0,40,,7597,10,,,0,81,,7596,10,,,0,80,,7595,10,,,0
2000002701,'Samedi-01',537,,7615,10,,,0,83,,7618,10,,,0,90,,7643,10,,,0,37,,7641,10,,,0,77,,7642,10,,,0,83,,7639,10,,,0,41,,7640,10,,,0,82,,7638,10,,,0,82,,7637,10,,,0,42,,7634,10,,,0,82,,7636,10,,,0,82,,7635,10,,,0,82,,7633,10,,,0,42,,7632,10,,,0,82,,7630,10,,,0,82,,7631,10,,,0,42,,7629,10,,,0,86,,7628,10,,,0,78,,7627,10,,,0,42,,7626,10,,,0,82,,7625,10,,,0,81,,7624,10,,,0,39,,7616,10,,,0,73,,7623,10,,,0,90,,7622,10,,,0,87,,7621,10,,,0,39,,7620,10,,,0,89,,7619,10,,,0,81,,7617,10,,,0
2000002701,'Semaine-01',544,,7660,10,,,0,360,,7659,10,,,0,40,,7658,10,,,0,81,,7657,10,,,0,81,,7656,10,,,0,43,,7655,10,,,0,83,,7654,10,,,0,83,,7653,10,,,0,42,,7661,10,,,0,82,,7662,10,,,0,85,,7663,10,,,0,425,,7652,10,,,0,80,,7651,10,,,0,80,,7650,10,,,0,40,,7649,10,,,0,80,,7648,10,,,0,80,,7647,10,,,0,40,,7646,10,,,0,81,,7645,10,,,0,80,,7644,10,,,0
