101,'Dimanche-01',800,,5325,570,,,0,206,,5326,570,,,0,131,,5327,570,,,0,173,,5328,570,,,0,127,,5329,570,,,0,120,,5330,570,,,0,160,,5331,570,,,0,120,,5332,570,,,0,117,,5333,570,,,0,174,,5334,570,,,0,114,,5335,570,,,0,113,,5336,570,,,0
101,'Fête-1-01',800,,5337,570,,,0,206,,5338,570,,,0,131,,5339,570,,,0,173,,5340,570,,,0,127,,5341,570,,,0,120,,5342,570,,,0,160,,5343,570,,,0,120,,5344,570,,,0,117,,5345,570,,,0,174,,5346,570,,,0,114,,5347,570,,,0,113,,5348,570,,,0
101,'Fête-2-01',700,,5349,570,,,0,101,,5358,570,,,0,30,,5360,570,,,0,90,,5361,570,,,0,110,,5362,570,,,0,105,,5363,570,,,0,95,,5365,570,,,0,105,,5364,570,,,0,106,,5366,570,,,0,81,,5350,570,,,0,105,,5351,570,,,0,96,,5352,570,,,0,105,,5353,570,,,0,74,,5354,570,,,0,103,,5355,570,,,0,43,,5356,570,,,0,173,,5357,570,,,0,134,,5359,570,,,0
101,'Samedi-01',800,,5367,570,,,0,206,,5368,570,,,0,131,,5369,570,,,0,173,,5370,570,,,0,127,,5371,570,,,0,120,,5372,570,,,0,160,,5373,570,,,0,120,,5374,570,,,0,117,,5375,570,,,0,174,,5376,570,,,0,114,,5377,570,,,0,113,,5378,570,,,0
101,'Semaine-01',655,,5397,440,,,0,45,,5379,570,,,0,101,,5388,570,,,0,30,,5390,570,,,0,90,,5391,570,,,0,110,,5392,570,,,0,105,,5393,570,,,0,95,,5395,570,,,0,105,,5394,570,,,0,106,,5396,570,,,0,81,,5380,570,,,0,105,,5381,570,,,0,96,,5382,570,,,0,105,,5383,570,,,0,74,,5384,570,,,0,103,,5385,570,,,0,43,,5386,570,,,0,173,,5387,570,,,0,134,,5389,570,,,0
2001,'Dimanche-01',732,,5442,70,,,0,124,,5443,70,,,0,166,,5444,70,,,0,125,,5445,70,,,0,165,,5446,70,,,0,125,,5447,70,,,0,165,,5448,70,,,0,125,,5449,70,,,0
2001,'Fête-1-01',732,,5450,70,,,0,124,,5451,70,,,0,166,,5452,70,,,0,125,,5453,70,,,0,165,,5454,70,,,0,125,,5455,70,,,0,165,,5456,70,,,0,125,,5457,70,,,0
2001,'Fête-2-01',717,,5458,70,,,0,125,,5459,70,,,0,165,,5460,70,,,0,126,,5461,70,,,0,126,,5462,70,,,0,165,,5463,70,,,0,126,,5464,70,,,0,166,,5465,70,,,0,126,,5466,70,,,0
2001,'Samedi-01',732,,5467,70,,,0,124,,5468,70,,,0,166,,5469,70,,,0,125,,5470,70,,,0,165,,5471,70,,,0,125,,5472,70,,,0,165,,5473,70,,,0,125,,5474,70,,,0
2001,'Semaine-01',717,,5475,70,,,0,125,,5476,70,,,0,165,,5477,70,,,0,126,,5478,70,,,0,126,,5479,70,,,0,165,,5480,70,,,0,126,,5481,70,,,0,166,,5482,70,,,0,126,,5483,70,,,0
2001,'Semaine-01-0001100',2005,,5485,70,,,0,124,,5484,70,,,0
2801,'Fête-2-01',1707,,5683,460,0,23,0,44,,5682,460,,,0,68,,5684,460,0,23,0
2801,'Semaine-01',1707,,5695,460,0,23,0,44,,5694,460,,,0,68,,5696,460,0,23,0
