100,'Dimanche-02',558,,7889,70,,,0,200,,7878,70,,,0,165,,7879,70,,,0,130,,7880,70,,,0,165,,7881,70,,,0,124,,7882,70,,,0,160,,7883,70,,,0,120,,7884,70,,,0,124,,7885,70,,,0,175,,7886,70,,,0,115,,7887,70,,,0,115,,7888,70,,,0
100,'Fête-1-02',558,,7901,70,,,0,200,,7890,70,,,0,165,,7891,70,,,0,130,,7892,70,,,0,165,,7893,70,,,0,124,,7894,70,,,0,160,,7895,70,,,0,120,,7896,70,,,0,124,,7897,70,,,0,175,,7898,70,,,0,115,,7899,70,,,0,115,,7900,70,,,0
100,'Fête-2-02',440,,7902,70,,,0,103,,7903,70,,,0,65,,7904,70,,,0,41,,7905,70,,,0,160,,7906,70,,,0,106,,7909,70,,,0,94,,7918,70,,,0,101,,7910,70,,,0,99,,7919,70,,,0,38,,7911,70,,,0,102,,7912,70,,,0,100,,7916,70,,,0,110,,7913,70,,,0,75,,7914,70,,,0,109,,7907,70,,,0,95,,7908,70,,,0,174,,7917,70,,,0,145,,7915,70,,,0
100,'Samedi-02',558,,7931,70,,,0,200,,7920,70,,,0,165,,7921,70,,,0,130,,7922,70,,,0,165,,7923,70,,,0,124,,7924,70,,,0,160,,7925,70,,,0,120,,7926,70,,,0,124,,7927,70,,,0,175,,7928,70,,,0,115,,7929,70,,,0,115,,7930,70,,,0
100,'Semaine-02',440,,7932,70,,,0,103,,7933,70,,,0,65,,7934,70,,,0,41,,7935,70,,,0,160,,7936,70,,,0,106,,7939,70,,,0,94,,7948,70,,,0,101,,7940,70,,,0,99,,7949,70,,,0,38,,7941,70,,,0,102,,7942,70,,,0,100,,7946,70,,,0,110,,7943,70,,,0,75,,7944,70,,,0,109,,7937,70,,,0,95,,7938,70,,,0,174,,7947,70,,,0,145,,7945,70,,,0
2000,'Dimanche-02',649,,8023,30,,,0,164,,8024,30,,,0,125,,8025,30,,,0,165,,8026,30,,,0,125,,8027,30,,,0,125,,8028,30,,,0,165,,8029,30,,,0,125,,8030,30,,,0
2000,'Fête-1-02',649,,8031,30,,,0,164,,8032,30,,,0,125,,8033,30,,,0,165,,8034,30,,,0,125,,8035,30,,,0,125,,8036,30,,,0,165,,8037,30,,,0,125,,8038,30,,,0
2000,'Fête-2-02',631,,8039,30,,,0,125,,8040,30,,,0,165,,8041,30,,,0,126,,8042,30,,,0,166,,8043,30,,,0,125,,8044,30,,,0,166,,8045,30,,,0,126,,8046,30,,,0,126,,8047,30,,,0
2000,'Samedi-02',649,,8048,30,,,0,164,,8049,30,,,0,125,,8050,30,,,0,165,,8051,30,,,0,125,,8052,30,,,0,125,,8053,30,,,0,165,,8054,30,,,0,125,,8055,30,,,0
2000,'Semaine-02',631,,8056,30,,,0,125,,8057,30,,,0,165,,8058,30,,,0,126,,8059,30,,,0,166,,8060,30,,,0,125,,8061,30,,,0,166,,8062,30,,,0,126,,8063,30,,,0,126,,8064,30,,,0
2000,'Semaine-02-0001100',1922,,8066,30,,,0,124,,8065,30,,,0
