100,'Dimanche-01',647,,5264,690,,,0,200,,5253,690,,,0,167,,5254,690,,,0,131,,5255,690,,,0,165,,5256,690,,,0,123,,5257,690,,,0,118,,5258,690,,,0,160,,5259,690,,,0,123,,5260,690,,,0,175,,5261,690,,,0,115,,5262,690,,,0,115,,5263,690,,,0
100,'Fête-1-01',647,,5276,690,,,0,200,,5265,690,,,0,167,,5266,690,,,0,131,,5267,690,,,0,165,,5268,690,,,0,123,,5269,690,,,0,118,,5270,690,,,0,160,,5271,690,,,0,123,,5272,690,,,0,175,,5273,690,,,0,115,,5274,690,,,0,115,,5275,690,,,0
100,'Fête-2-01',535,,5277,690,,,0,105,,5278,690,,,0,67,,5279,690,,,0,42,,5280,690,,,0,157,,5281,690,,,0,103,,5284,690,,,0,93,,5293,690,,,0,102,,5285,690,,,0,103,,5294,690,,,0,38,,5286,690,,,0,102,,5287,690,,,0,100,,5291,690,,,0,110,,5288,690,,,0,74,,5289,690,,,0,104,,5282,690,,,0,92,,5283,690,,,0,131,,5292,690,,,0,184,,5290,690,,,0
100,'Samedi-01',647,,5306,690,,,0,200,,5295,690,,,0,167,,5296,690,,,0,131,,5297,690,,,0,165,,5298,690,,,0,123,,5299,690,,,0,118,,5300,690,,,0,160,,5301,690,,,0,123,,5302,690,,,0,175,,5303,690,,,0,115,,5304,690,,,0,115,,5305,690,,,0
100,'Semaine-01',535,,5307,690,,,0,105,,5308,690,,,0,67,,5309,690,,,0,42,,5310,690,,,0,157,,5311,690,,,0,103,,5314,690,,,0,93,,5323,690,,,0,102,,5315,690,,,0,103,,5324,690,,,0,38,,5316,690,,,0,102,,5317,690,,,0,100,,5321,690,,,0,110,,5318,690,,,0,74,,5319,690,,,0,104,,5312,690,,,0,92,,5313,690,,,0,131,,5322,690,,,0,184,,5320,690,,,0
2100,'Fête-2-01',553,,5486,330,,,0,70,,5487,330,,,0,32,,5488,330,,,0,76,,5489,330,,,0,70,,5490,330,,,0,35,,5491,330,,,0
2100,'Semaine-01',553,,5492,330,,,0,70,,5493,330,,,0,32,,5494,330,,,0,76,,5495,330,,,0,70,,5496,330,,,0,35,,5497,330,,,0
2300,'Fête-2-01',554,,5539,370,,,0,66,,5540,370,,,0,16,,5541,370,,,0,75,,5542,370,,,0,25,,5543,370,,,0,21,,5544,370,,,0,60,,5545,370,,,0,20,,5546,370,,,0
2300,'Semaine-01',554,,5547,370,,,0,66,,5548,370,,,0,16,,5549,370,,,0,75,,5550,370,,,0,25,,5551,370,,,0,21,,5552,370,,,0,60,,5553,370,,,0,20,,5554,370,,,0
2500,'Fête-2-01',611,,5592,350,,,0,34,,5589,370,,,0,61,,5593,350,,,0,29,,5590,370,,,0,66,,5594,350,,,0,29,,5591,370,,,0
2500,'Semaine-01',611,,5598,350,,,0,34,,5595,370,,,0,61,,5599,350,,,0,29,,5596,370,,,0,66,,5600,350,,,0,29,,5597,370,,,0
2600,'Fête-2-01',509,,5613,320,,,0,17,,5614,330,,,0
2600,'Semaine-01',509,,5615,320,,,0,17,,5616,330,,,0
2800,'Fête-2-01',529,,5659,220,,,0,20,,5658,220,,,0,55,,5656,460,,,0,25,,5664,220,,,0,20,,5655,500,,,0,60,,5657,460,,,0,21,,5660,220,,,0,20,,5661,220,,,0,61,,5662,220,,,0,20,,5663,220,,,0
2800,'Semaine-01',529,,5669,220,,,0,20,,5668,220,,,0,55,,5666,460,,,0,15,,5680,220,,,0,10,,5676,220,,,0,10,,5677,220,,,0,10,,5665,500,,,0,8,,5678,220,,,0,48,,5667,460,,,0,8,,5681,220,,,0,9,,5679,220,,,0,8,,5670,220,,,0,10,,5671,220,,,0,11,,5672,220,,,0,50,,5673,220,,,0,10,,5674,220,,,0,20,,5675,220,,,0
3100,'Dimanche-01',731,,5744,410,,,0,218,,5745,410,,,0,278,,5743,410,,,0,123,,5736,410,,,0,160,,5737,410,,,0,118,,5738,410,,,0,118,,5739,410,,,0,159,,5740,410,,,0,127,,5741,410,,,0,221,,5735,410,,,0,254,,5742,410,,,0
3100,'Fête-1-01',620,,5747,410,,,0,83,,5758,410,,,0,204,,5759,410,,,0,125,,5756,410,,,0,124,,5746,410,,,0,164,,5757,410,,,0,124,,5748,410,,,0,164,,5749,410,,,0,124,,5750,410,,,0,124,,5751,410,,,0,164,,5752,410,,,0,27,,5753,410,,,0,256,,5754,410,,,0,214,,5755,410,,,0
3100,'Fête-2-01',630,,5784,410,,,0,80,,5760,410,,,0,41,,5770,410,,,0,80,,5785,410,,,0,80,,5779,410,,,0,40,,5780,410,,,0,79,,5781,410,,,0,80,,5787,410,,,0,43,,5782,410,,,0,83,,5783,410,,,0,83,,5761,410,,,0,83,,5762,410,,,0,42,,5763,410,,,0,83,,5764,410,,,0,84,,5765,410,,,0,45,,5766,410,,,0,86,,5767,410,,,0,85,,5768,410,,,0,84,,5769,410,,,0,42,,5771,410,,,0,82,,5772,410,,,0,79,,5773,410,,,0,40,,5774,410,,,0,79,,5775,410,,,0,80,,5776,410,,,0,40,,5777,410,,,0,80,,5778,410,,,0
3100,'Samedi-01',620,,5789,410,,,0,83,,5800,410,,,0,204,,5801,410,,,0,125,,5798,410,,,0,124,,5788,410,,,0,164,,5799,410,,,0,124,,5790,410,,,0,164,,5791,410,,,0,124,,5792,410,,,0,124,,5793,410,,,0,164,,5794,410,,,0,27,,5795,410,,,0,256,,5796,410,,,0,214,,5797,410,,,0
3100,'Semaine-01',630,,5826,410,,,0,80,,5802,410,,,0,41,,5812,410,,,0,80,,5827,410,,,0,80,,5821,410,,,0,40,,5822,410,,,0,79,,5823,410,,,0,80,,5829,410,,,0,43,,5824,410,,,0,83,,5825,410,,,0,83,,5803,410,,,0,83,,5804,410,,,0,42,,5805,410,,,0,83,,5806,410,,,0,84,,5807,410,,,0,45,,5808,410,,,0,86,,5809,410,,,0,85,,5810,410,,,0,84,,5811,410,,,0,42,,5813,410,,,0,82,,5814,410,,,0,79,,5815,410,,,0,40,,5816,410,,,0,79,,5817,410,,,0,80,,5818,410,,,0,40,,5819,410,,,0,80,,5820,410,,,0
3200,'Dimanche-01',625,,5830,420,,,0,214,,5835,420,,,0,263,,5838,420,,,0,152,,5839,420,,,0,159,,5831,420,,,0,122,,5841,420,,,0,120,,5832,420,,,0,159,,5834,420,,,0,118,,5833,420,,,0,214,,5836,420,,,0,256,,5837,420,,,0
3200,'Fête-1-01',556,,5842,300,,,0,181,,5848,420,,,0,77,,5843,420,,,0,120,,5851,420,,,0,123,,5852,420,,,0,164,,5853,420,,,0,124,,5844,420,,,0,164,,5855,420,,,0,124,,5845,420,,,0,168,,5846,420,,,0,120,,5847,420,,,0,235,,5849,420,,,0,256,,5850,420,,,0
3200,'Fête-2-01',653,,5881,420,,,0,80,,5856,420,,,0,80,,5884,420,,,0,40,,5867,420,,,0,80,,5875,420,,,0,78,,5876,420,,,0,41,,5877,420,,,0,81,,5878,420,,,0,83,,5879,420,,,0,43,,5880,420,,,0,83,,5857,420,,,0,82,,5858,420,,,0,83,,5859,420,,,0,46,,5883,420,,,0,59,,5860,70,,,0,26,,5861,420,,,0,20,,5885,70,,,0,64,,5862,420,,,0,20,,5886,70,,,0,65,,5863,420,,,0,44,,5864,420,,,0,82,,5865,420,,,0,83,,5866,420,,,0,40,,5868,420,,,0,80,,5869,420,,,0,80,,5870,420,,,0,40,,5871,420,,,0,80,,5872,420,,,0,80,,5873,420,,,0,40,,5874,420,,,0
3200,'Samedi-01',556,,5887,300,,,0,181,,5893,420,,,0,77,,5888,420,,,0,120,,5896,420,,,0,123,,5897,420,,,0,164,,5898,420,,,0,124,,5889,420,,,0,164,,5900,420,,,0,124,,5890,420,,,0,168,,5891,420,,,0,120,,5892,420,,,0,235,,5894,420,,,0,256,,5895,420,,,0
3200,'Semaine-01',653,,5926,420,,,0,80,,5901,420,,,0,80,,5929,420,,,0,40,,5912,420,,,0,80,,5920,420,,,0,78,,5921,420,,,0,41,,5922,420,,,0,81,,5923,420,,,0,83,,5924,420,,,0,43,,5925,420,,,0,83,,5902,420,,,0,82,,5903,420,,,0,83,,5904,420,,,0,46,,5928,420,,,0,59,,5905,70,,,0,26,,5906,420,,,0,20,,5930,70,,,0,64,,5907,420,,,0,20,,5931,70,,,0,65,,5908,420,,,0,44,,5909,420,,,0,82,,5910,420,,,0,83,,5911,420,,,0,40,,5913,420,,,0,80,,5914,420,,,0,80,,5915,420,,,0,40,,5916,420,,,0,80,,5917,420,,,0,80,,5918,420,,,0,40,,5919,420,,,0
9000,'Semaine-01',703,,6077,230,,,0,24,,6078,230,,,0
9800,'Fête-2-01',653,,6094,210,0,21 10,0,102,,6082,310,,,0,104,,6086,310,,,0,145,,6087,310,,,0,507,,6088,310,,,0,105,,6089,310,,,0,105,,6090,310,,,0,104,,6091,310,,,0,103,,6092,310,,,0,97,,6093,310,,,0,97,,6083,310,,,0,90,,6084,310,,,0
9800,'Semaine-01',653,,6107,210,0,21 10,0,102,,6095,310,,,0,104,,6099,310,,,0,145,,6100,310,,,0,507,,6101,310,,,0,105,,6102,310,,,0,105,,6103,310,,,0,104,,6104,310,,,0,103,,6105,310,,,0,97,,6106,310,,,0,97,,6096,310,,,0,90,,6097,310,,,0
11100,'Dimanche-01',833,,6109,440,0,5 10,0,188,,6108,440,0,5 10,0,290,,6110,440,0,5 10,0,289,,6111,440,0,5 10,0,305,,6112,440,0,5 10,0
11100,'Fête-1-01',833,,6117,440,0,5 10,0,188,,6116,440,0,5 10,0,290,,6118,440,0,5 10,0,289,,6119,440,0,5 10,0,305,,6120,440,0,5 10,0
11100,'Fête-2-01',541,,6128,440,0,5 14,0,70,,6126,440,0,5 14,0,30,,6129,440,0,5 14,0,70,,6127,440,0,5 14,0,30,,6133,440,0,5 14,0,70,,6134,440,0,5 14,0,37,,6125,440,0,5 10,0,100,,6135,440,0,5 10,0,373,,6124,440,0,5 10,0,395,,6130,440,0,5 14,0,30,,6132,440,0,5 14,0,70,,6131,440,0,5 14,0,130,,6136,440,0,5 10,0
11100,'Samedi-01',833,,6139,440,0,5 10,0,188,,6138,440,0,5 10,0,290,,6140,440,0,5 10,0,289,,6141,440,0,5 10,0,305,,6142,440,0,5 10,0
11100,'Semaine-01',546,,6154,440,0,5 15,0,54,,6148,440,0,5 10,0,21,,6152,440,0,5 15,0,27,,6155,440,0,5 15,0,5,,6149,440,0,5 10,0,55,,6153,440,0,5 15,0,10,,6167,440,0,16 17,0,21,,6161,440,0,5 15,0,20,,6156,440,0,5 15,0,44,,6150,440,0,16 17,0,16,,6163,440,0,5 15,0,39,,6151,440,0,16 17,0,157,,6164,440,0,16 17,0,36,,6146,440,0,16 17,0,265,,6147,440,0,5 10,0,340,,6158,440,0,5 10,0,46,,6157,370,0,5 15,0,51,,6160,440,0,5 10,0,61,,6159,370,0,5 15,0,335,,6162,370,0,5 10,0
