101,'Dimanche-02',809,,7950,720,,,0,206,,7951,720,,,0,131,,7952,720,,,0,173,,7953,720,,,0,127,,7954,720,,,0,160,,7955,720,,,0,120,,7956,720,,,0,120,,7957,720,,,0,157,,7958,720,,,0,134,,7959,720,,,0,114,,7960,720,,,0,153,,7961,720,,,0
101,'Fête-1-02',809,,7962,720,,,0,206,,7963,720,,,0,131,,7964,720,,,0,173,,7965,720,,,0,127,,7966,720,,,0,160,,7967,720,,,0,120,,7968,720,,,0,120,,7969,720,,,0,157,,7970,720,,,0,134,,7971,720,,,0,114,,7972,720,,,0,153,,7973,720,,,0
101,'Fête-2-02',709,,7974,720,,,0,101,,7983,720,,,0,30,,7985,720,,,0,90,,7986,720,,,0,110,,7987,720,,,0,105,,7988,720,,,0,95,,7990,720,,,0,105,,7989,720,,,0,106,,7991,720,,,0,81,,7975,720,,,0,105,,7976,720,,,0,96,,7977,720,,,0,105,,7978,720,,,0,74,,7979,720,,,0,103,,7980,720,,,0,43,,7981,720,,,0,173,,7982,720,,,0,173,,7984,720,,,0
101,'Samedi-02',809,,7992,720,,,0,206,,7993,720,,,0,131,,7994,720,,,0,173,,7995,720,,,0,127,,7996,720,,,0,160,,7997,720,,,0,120,,7998,720,,,0,120,,7999,720,,,0,157,,8000,720,,,0,134,,8001,720,,,0,114,,8002,720,,,0,153,,8003,720,,,0
101,'Semaine-02',704,,8022,590,,,0,5,,8004,720,,,0,101,,8013,720,,,0,30,,8015,720,,,0,90,,8016,720,,,0,110,,8017,720,,,0,105,,8018,720,,,0,95,,8020,720,,,0,105,,8019,720,,,0,106,,8021,720,,,0,81,,8005,720,,,0,105,,8006,720,,,0,96,,8007,720,,,0,105,,8008,720,,,0,74,,8009,720,,,0,103,,8010,720,,,0,43,,8011,720,,,0,173,,8012,720,,,0,173,,8014,720,,,0
2001,'Dimanche-02',802,,8067,540,,,0,124,,8068,540,,,0,126,,8069,540,,,0,165,,8070,540,,,0,125,,8071,540,,,0,165,,8072,540,,,0,125,,8073,540,,,0,125,,8074,540,,,0
2001,'Fête-1-02',802,,8075,540,,,0,124,,8076,540,,,0,126,,8077,540,,,0,165,,8078,540,,,0,125,,8079,540,,,0,165,,8080,540,,,0,125,,8081,540,,,0,125,,8082,540,,,0
2001,'Fête-2-02',747,,8083,540,,,0,166,,8084,540,,,0,125,,8085,540,,,0,166,,8086,540,,,0,126,,8087,540,,,0,125,,8088,540,,,0,166,,8089,540,,,0,126,,8090,540,,,0,164,,8091,540,,,0
2001,'Samedi-02',802,,8092,540,,,0,124,,8093,540,,,0,126,,8094,540,,,0,165,,8095,540,,,0,125,,8096,540,,,0,165,,8097,540,,,0,125,,8098,540,,,0,125,,8099,540,,,0
2001,'Semaine-02',747,,8100,540,,,0,166,,8101,540,,,0,125,,8102,540,,,0,166,,8103,540,,,0,126,,8104,540,,,0,125,,8105,540,,,0,166,,8106,540,,,0,126,,8107,540,,,0,164,,8108,540,,,0
2001,'Semaine-02-0001100',2033,,8110,540,,,0,124,,8109,540,,,0
