11101,'Dimanche-01',739,,6173,100,,,0,183,,6169,230,,,0,190,,6168,230,,,0,296,,6170,230,,,0,250,,6171,230,,,0,152,,6174,100,,,0,149,,6172,230,,,0,292,,6175,100,,,0
11101,'Fête-1-01',739,,6181,100,,,0,183,,6177,230,,,0,190,,6176,230,,,0,296,,6178,230,,,0,250,,6179,230,,,0,152,,6182,100,,,0,149,,6180,230,,,0,292,,6183,100,,,0
11101,'Fête-2-01',730,,6192,240,,,0,100,,6195,240,,,0,100,,6196,240,,,0,272,,6199,100,,,0,16,,6198,230,,,0,202,,6184,230,,,0,189,,6185,240,,,0,30,,6187,240,,,0,70,,6188,240,,,0,30,,6189,240,,,0,70,,6190,240,,,0,30,,6191,240,,,0,70,,6193,240,,,0,30,,6186,240,,,0,110,,6197,230,,,0
11101,'Samedi-01',739,,6205,100,,,0,183,,6201,230,,,0,190,,6200,230,,,0,296,,6202,230,,,0,250,,6203,230,,,0,152,,6206,100,,,0,149,,6204,230,,,0,292,,6207,100,,,0
11101,'Semaine-01',653,,6217,230,,,0,97,,6224,230,,,0,451,,6228,100,,,0,7,,6227,230,,,0,227,,6208,240,,,0,110,,6209,170,,,0,10,,6211,240,,,0,91,,6212,170,,,0,59,,6219,240,,,0,16,,6214,170,,,0,30,,6215,170,,,0,53,,6213,170,,,0,11,,6220,240,,,0,9,,6216,170,,,0,83,,6221,240,,,0,37,,6210,240,,,0,107,,6226,100,,,0,194,,6223,230,,,0
14001,'Dimanche-01',836,,6231,110,,,0,114,,6232,110,,,0,155,,6233,110,,,0,115,,6234,110,,,0,115,,6235,110,,,0,115,,6236,110,,,0,160,,6237,110,,,0,120,,6230,110,,,0
14001,'Fête-1-01',836,,6240,110,,,0,114,,6241,110,,,0,155,,6242,110,,,0,115,,6243,110,,,0,115,,6244,110,,,0,115,,6245,110,,,0,160,,6246,110,,,0,120,,6239,110,,,0
14001,'Fête-2-01',749,,6247,60,,,0,161,,6249,110,,,0,120,,6250,110,,,0,121,,6251,110,,,0,165,,6252,110,,,0,125,,6253,110,,,0,165,,6254,110,,,0,125,,6255,110,,,0,125,,6256,110,,,0,160,,6257,110,,,0,114,,6258,110,,,0
14001,'Samedi-01',836,,6262,110,,,0,114,,6263,110,,,0,155,,6264,110,,,0,115,,6265,110,,,0,115,,6266,110,,,0,115,,6267,110,,,0,160,,6268,110,,,0,120,,6261,110,,,0
14001,'Semaine-01',749,,6269,60,,,0,161,,6271,110,,,0,120,,6272,110,,,0,121,,6273,110,,,0,165,,6274,110,,,0,125,,6275,110,,,0,165,,6276,110,,,0,125,,6277,110,,,0,125,,6278,110,,,0,160,,6279,110,,,0,114,,6280,110,,,0
