101,'Dimanche-01',714,,5325,40,,,0,205,,5326,40,,,0,130,,5327,40,,,0,171,,5328,40,,,0,125,,5329,40,,,0,160,,5330,40,,,0,120,,5331,40,,,0,120,,5332,40,,,0,159,,5333,40,,,0,135,,5334,40,,,0,115,,5335,40,,,0,155,,5336,40,,,0
101,'Fête-1-01',714,,5337,40,,,0,205,,5338,40,,,0,130,,5339,40,,,0,171,,5340,40,,,0,125,,5341,40,,,0,160,,5342,40,,,0,120,,5343,40,,,0,120,,5344,40,,,0,159,,5345,40,,,0,135,,5346,40,,,0,115,,5347,40,,,0,155,,5348,40,,,0
101,'Fête-2-01',610,,5349,40,,,0,100,,5358,40,,,0,30,,5360,40,,,0,90,,5361,40,,,0,110,,5362,40,,,0,105,,5363,40,,,0,95,,5365,40,,,0,100,,5364,40,,,0,106,,5366,40,,,0,80,,5350,40,,,0,100,,5351,40,,,0,100,,5352,40,,,0,109,,5353,40,,,0,75,,5354,40,,,0,105,,5355,40,,,0,44,,5356,40,,,0,175,,5357,40,,,0,175,,5359,40,,,0
101,'Samedi-01',714,,5367,40,,,0,205,,5368,40,,,0,130,,5369,40,,,0,171,,5370,40,,,0,125,,5371,40,,,0,160,,5372,40,,,0,120,,5373,40,,,0,120,,5374,40,,,0,159,,5375,40,,,0,135,,5376,40,,,0,115,,5377,40,,,0,155,,5378,40,,,0
101,'Semaine-01',610,,5379,40,,,0,100,,5388,40,,,0,30,,5390,40,,,0,90,,5391,40,,,0,110,,5392,40,,,0,105,,5393,40,,,0,95,,5395,40,,,0,100,,5394,40,,,0,106,,5396,40,,,0,80,,5380,40,,,0,100,,5381,40,,,0,100,,5382,40,,,0,109,,5383,40,,,0,75,,5384,40,,,0,105,,5385,40,,,0,44,,5386,40,,,0,175,,5387,40,,,0,175,,5389,40,,,0
2101,'Fête-2-01',643,,5503,40,0,5 6,0,79,,5504,40,0,5 6,0,81,,5505,40,0,5 6,0,754,,5498,40,,,0,70,,5499,40,,,0,30,,5500,40,,,0,70,,5501,40,,,0,30,,5502,40,,,0
2101,'Semaine-01',643,,5512,40,0,5 6,0,79,,5513,40,0,5 6,0,81,,5514,40,0,5 6,0,754,,5506,40,,,0,63,,5507,40,,,0,27,,5508,40,,,0,65,,5509,40,,,0,25,,5510,40,,,0,68,,5511,40,,,0
2301,'Fête-2-01',1530,,5555,40,,,0,25,,5556,40,,,0,70,,5557,40,,,0,30,,5558,40,,,0,70,,5559,40,,,0,30,,5560,40,,,0,70,,5561,40,,,0
2301,'Semaine-01',1530,,5562,40,,,0,25,,5563,40,,,0,70,,5564,40,,,0,30,,5565,40,,,0,70,,5566,40,,,0,30,,5567,40,,,0,70,,5568,40,,,0
2501,'Fête-2-01',1535,,5601,40,,,0,80,,5602,40,,,0,35,,5603,40,,,0,80,,5604,40,,,0,80,,5605,40,,,0,29,,5606,40,,,0
2501,'Semaine-01',1535,,5607,40,,,0,80,,5608,40,,,0,35,,5609,40,,,0,80,,5610,40,,,0,80,,5611,40,,,0,29,,5612,40,,,0
3100,'Dimanche-01',649,,5744,40,,,0,255,,5745,40,,,0,238,,5743,40,,,0,163,,5736,40,,,0,120,,5737,40,,,0,118,,5738,40,,,0,158,,5739,40,,,0,119,,5740,40,,,0,127,,5741,40,,,0,261,,5735,40,,,0,216,,5742,40,,,0
3100,'Fête-1-01',538,,5747,40,,,0,83,,5758,40,,,0,201,,5759,40,,,0,125,,5756,40,,,0,164,,5746,40,,,0,124,,5757,40,,,0,124,,5748,40,,,0,164,,5749,40,,,0,124,,5750,40,,,0,164,,5751,40,,,0,124,,5752,40,,,0,67,,5753,40,,,0,216,,5754,40,,,0,216,,5755,40,,,0
3100,'Fête-2-01',544,,5784,40,,,0,80,,5760,40,,,0,79,,5770,40,,,0,40,,5785,40,,,0,80,,5779,40,,,0,80,,5780,40,,,0,40,,5781,40,,,0,81,,5787,40,,,0,81,,5782,40,,,0,43,,5783,40,,,0,83,,5761,40,,,0,83,,5762,40,,,0,42,,5763,40,,,0,82,,5764,40,,,0,84,,5765,40,,,0,84,,5766,40,,,0,45,,5767,40,,,0,87,,5768,40,,,0,85,,5769,40,,,0,85,,5771,40,,,0,42,,5772,40,,,0,80,,5773,40,,,0,80,,5774,40,,,0,40,,5775,40,,,0,80,,5776,40,,,0,80,,5777,40,,,0,40,,5778,40,,,0,161,,5786,40,0,5 6,0
3100,'Samedi-01',538,,5789,40,,,0,83,,5800,40,,,0,201,,5801,40,,,0,125,,5798,40,,,0,164,,5788,40,,,0,124,,5799,40,,,0,124,,5790,40,,,0,164,,5791,40,,,0,124,,5792,40,,,0,164,,5793,40,,,0,124,,5794,40,,,0,67,,5795,40,,,0,216,,5796,40,,,0,216,,5797,40,,,0
3100,'Semaine-01',544,,5826,40,,,0,80,,5802,40,,,0,79,,5812,40,,,0,40,,5827,40,,,0,80,,5821,40,,,0,80,,5822,40,,,0,40,,5823,40,,,0,81,,5829,40,,,0,81,,5824,40,,,0,43,,5825,40,,,0,83,,5803,40,,,0,83,,5804,40,,,0,42,,5805,40,,,0,82,,5806,40,,,0,84,,5807,40,,,0,84,,5808,40,,,0,45,,5809,40,,,0,87,,5810,40,,,0,85,,5811,40,,,0,85,,5813,40,,,0,42,,5814,40,,,0,80,,5815,40,,,0,80,,5816,40,,,0,40,,5817,40,,,0,80,,5818,40,,,0,80,,5819,40,,,0,40,,5820,40,,,0,161,,5828,40,0,5 6,0
3200,'Dimanche-01',539,,5830,40,,,0,214,,5835,40,,,0,262,,5838,40,,,0,192,,5839,40,,,0,119,,5831,40,,,0,122,,5841,40,,,0,160,,5832,40,,,0,119,,5834,40,,,0,118,,5833,40,,,0,255,,5836,40,,,0,216,,5837,40,,,0,213,,5840,40,0,6,0
3200,'Fête-1-01',651,,5848,40,,,0,77,,5843,40,,,0,120,,5851,40,,,0,162,,5852,40,,,0,124,,5853,40,,,0,124,,5844,40,,,0,164,,5855,40,,,0,124,,5845,40,,,0,168,,5846,40,,,0,120,,5847,40,,,0,276,,5849,40,,,0,216,,5850,40,,,0,212,,5854,40,0,6,0
3200,'Fête-2-01',608,,5881,40,,,0,39,,5856,40,,,0,78,,5884,40,,,0,79,,5867,40,,,0,40,,5875,40,,,0,83,,5876,40,,,0,81,,5877,40,,,0,41,,5878,40,,,0,83,,5879,40,,,0,82,,5880,40,,,0,43,,5857,40,,,0,82,,5858,40,,,0,81,,5859,40,,,0,84,,5883,40,,,0,45,,5861,40,,,0,85,,5862,40,,,0,86,,5863,40,,,0,86,,5864,40,,,0,43,,5865,40,,,0,84,,5866,40,,,0,81,,5868,40,,,0,40,,5869,40,,,0,80,,5870,40,,,0,80,,5871,40,,,0,40,,5872,40,,,0,82,,5873,40,,,0,80,,5874,40,,,0,112,,5882,40,0,6,0
3200,'Samedi-01',651,,5893,40,,,0,77,,5888,40,,,0,120,,5896,40,,,0,162,,5897,40,,,0,124,,5898,40,,,0,124,,5889,40,,,0,164,,5900,40,,,0,124,,5890,40,,,0,168,,5891,40,,,0,120,,5892,40,,,0,276,,5894,40,,,0,216,,5895,40,,,0,212,,5899,40,0,6,0
3200,'Semaine-01',608,,5926,40,,,0,39,,5901,40,,,0,78,,5929,40,,,0,79,,5912,40,,,0,40,,5920,40,,,0,83,,5921,40,,,0,81,,5922,40,,,0,41,,5923,40,,,0,83,,5924,40,,,0,82,,5925,40,,,0,43,,5902,40,,,0,82,,5903,40,,,0,81,,5904,40,,,0,84,,5928,40,,,0,45,,5906,40,,,0,85,,5907,40,,,0,86,,5908,40,,,0,86,,5909,40,,,0,43,,5910,40,,,0,84,,5911,40,,,0,81,,5913,40,,,0,40,,5914,40,,,0,80,,5915,40,,,0,80,,5916,40,,,0,40,,5917,40,,,0,82,,5918,40,,,0,80,,5919,40,,,0,112,,5927,40,0,6,0
9800,'Fête-2-01',721,,6082,40,,,0,103,,6086,40,,,0,105,,6087,40,,,0,505,,6088,40,,,0,105,,6089,40,,,0,105,,6090,40,,,0,105,,6091,40,,,0,105,,6092,40,,,0,99,,6093,40,,,0,100,,6083,40,,,0,90,,6084,40,,,0,90,,6085,40,,,0
9800,'Semaine-01',721,,6095,40,,,0,103,,6099,40,,,0,105,,6100,40,,,0,505,,6101,40,,,0,105,,6102,40,,,0,105,,6103,40,,,0,105,,6104,40,,,0,105,,6105,40,,,0,99,,6106,40,,,0,100,,6096,40,,,0,90,,6097,40,,,0,90,,6098,40,,,0
11101,'Dimanche-01',857,,6169,40,,,0,187,,6168,40,,,0,295,,6170,40,,,0,288,,6171,40,,,0,305,,6172,40,,,0
11101,'Fête-1-01',857,,6177,40,,,0,187,,6176,40,,,0,295,,6178,40,,,0,288,,6179,40,,,0,305,,6180,40,,,0
11101,'Fête-2-01',704,,6192,50,,,0,100,,6195,50,,,0,100,,6196,50,,,0,15,,6194,40,,,0,230,,6198,40,,,0,200,,6184,40,,,0,190,,6185,50,,,0,70,,6187,50,,,0,30,,6188,50,,,0,70,,6189,50,,,0,30,,6190,50,,,0,70,,6191,50,,,0,30,,6193,50,,,0,70,,6186,50,,,0,110,,6197,40,,,0
11101,'Samedi-01',857,,6201,40,,,0,187,,6200,40,,,0,295,,6202,40,,,0,288,,6203,40,,,0,305,,6204,40,,,0
11101,'Semaine-01',629,,6217,40,,,0,95,,6224,40,,,0,130,,6225,40,,,0,95,,6222,40,,,0,190,,6227,40,,,0,265,,6208,50,,,0,120,,6211,50,,,0,110,,6219,50,,,0,110,,6220,50,,,0,95,,6221,50,,,0,75,,6210,50,,,0,305,,6223,40,,,0
