2400,'Semaine-02',542,,2866,20,,,0,78,,2867,20,,,0,80,,2868,20,,,0,42,,2869,20,,,0,82,,2870,20,,,0
2400,'Semaine-03',558,,2871,20,,,0,62,,2872,20,,,0,33,,2873,20,,,0,92,,2875,20,,,0,74,,2876,20,,,0,40,,2874,20,,,0
2501,'Semaine-02',1615,,2899,360,,,0,40,,2900,360,,,0,74,,2901,360,,,0,79,,2902,360,,,0,35,,2903,360,,,0,73,,2904,360,,,0
2501,'Semaine-03',1615,,2905,360,,,0,40,,2906,360,,,0,74,,2907,360,,,0,79,,2908,360,,,0,40,,2909,360,,,0,68,,2910,360,,,0
2600,'Semaine-02',449,,2911,70,,,0
2600,'Semaine-03',449,,2913,70,,,0
2000002500,'Dimanche-04',540,,4987,210,,,0,87,,4989,260,,,0,78,,4990,260,,,0,35,,4991,260,,,0,68,,4992,260,,,0,34,,4993,260,,,0,78,,4994,260,,,0,37,,4995,260,,,0,76,,4996,260,,,0,72,,4997,260,,,0,45,,4998,260,,,0,85,,4999,260,,,0,95,,5000,260,,,0,23,,5001,260,,,0,62,,5002,260,,,0,85,,5003,260,,,0,40,,5004,260,,,0,80,,5005,260,,,0,80,,5006,260,,,0,35,,5007,260,,,0,81,,5008,260,,,0,39,,5009,260,,,0,80,,5010,260,,,0,70,,5011,260,,,0,35,,5012,260,,,0,75,,5013,260,,,0,35,,5014,260,,,0,75,,5015,260,,,0,75,,5016,260,,,0,30,,5017,260,,,0,75,,5018,260,,,0,35,,5019,260,,,0,76,,5020,260,,,0
2000002500,'Samedi-04',527,,5053,210,,,0,26,,5022,260,,,0,76,,5038,260,,,0,83,,5023,260,,,0,27,,5039,260,,,0,77,,5024,260,,,0,40,,5040,260,,,0,80,,5025,260,,,0,70,,5041,260,,,0,40,,5026,260,,,0,80,,5042,260,,,0,77,,5027,260,,,0,30,,5021,260,,,0,73,,5028,260,,,0,41,,5043,260,,,0,78,,5029,260,,,0,86,,5044,260,,,0,45,,5030,260,,,0,79,,5045,260,,,0,71,,5031,260,,,0,34,,5046,260,,,0,84,,5032,260,,,0,80,,5047,260,,,0,44,,5033,260,,,0,80,,5048,260,,,0,90,,5034,260,,,0,41,,5049,260,,,0,76,,5035,260,,,0,76,,5050,260,,,0,32,,5036,260,,,0,72,,5051,260,,,0,111,,5037,260,,,0
2000002500,'Semaine-02',600,,4049,210,,,0,36,,4050,260,,,0,80,,4051,260,,,0,40,,4048,260,,,0,80,,4052,260,,,0,80,,4053,260,,,0,40,,4054,260,,,0,80,,4055,260,,,0,81,,4056,260,,,0,42,,4057,260,,,0,83,,4058,260,,,0,83,,4059,260,,,0,83,,4060,260,,,0,42,,4061,260,,,0,82,,4062,260,,,0,85,,4063,260,,,0,85,,4064,260,,,0,46,,4065,260,,,0,85,,4066,260,,,0,85,,4067,260,,,0,82,,4068,260,,,0,42,,4069,260,,,0,79,,4070,260,,,0,80,,4071,260,,,0,40,,4072,260,,,0,80,,4073,260,,,0,80,,4074,260,,,0,40,,4075,260,,,0,60,,4076,260,,,0,30,,4077,260,,,0,82,,4078,260,,,0
2000002500,'Semaine-03',600,,4080,210,,,0,36,,4081,260,,,0,80,,4082,260,,,0,40,,4079,260,,,0,80,,4083,260,,,0,80,,4084,260,,,0,40,,4085,260,,,0,80,,4086,260,,,0,81,,4087,260,,,0,42,,4088,260,,,0,83,,4089,260,,,0,83,,4090,260,,,0,83,,4091,260,,,0,42,,4092,260,,,0,82,,4093,260,,,0,85,,4094,260,,,0,85,,4095,260,,,0,46,,4096,260,,,0,85,,4097,260,,,0,85,,4098,260,,,0,82,,4099,260,,,0,42,,4100,260,,,0,79,,4101,260,,,0,80,,4102,260,,,0,40,,4103,260,,,0,80,,4104,260,,,0,80,,4105,260,,,0,40,,4106,260,,,0,60,,4107,260,,,0,30,,4108,260,,,0,82,,4109,260,,,0
