2100,'Semaine-02',523,,2782,70,,,0,30,,2783,70,,,0,70,,2784,70,,,0,35,,2785,70,,,0,70,,2786,70,,,0,75,,2787,70,,,0
2100,'Semaine-03',528,,2788,70,,,0,30,,2789,70,,,0,70,,2790,70,,,0,75,,2791,70,,,0,30,,2792,70,,,0,75,,2793,70,,,0
2101,'Semaine-02',1629,,2794,220,,,0,25,,2795,220,,,0,64,,2796,220,,,0,24,,2797,220,,,0,65,,2798,220,,,0,28,,2799,220,,,0
2101,'Semaine-03',1626,,2803,220,,,0,23,,2804,220,,,0,66,,2805,220,,,0,24,,2806,220,,,0,65,,2807,220,,,0,28,,2808,220,,,0
3300,'Dimanche-04',605,,4517,430,,,0,42,,4515,430,,,0,91,,4526,430,,,0,81,,4536,430,,,0,83,,4538,430,,,0,53,,4539,430,,,0,80,,4540,430,,,0,80,,4541,430,,,0,40,,4542,430,,,0,80,,4518,430,,,0,80,,4519,430,,,0,39,,4520,430,,,0,80,,4521,430,,,0,80,,4522,430,,,0,39,,4523,430,,,0,79,,4524,430,,,0,79,,4525,430,,,0,39,,4527,430,,,0,79,,4528,430,,,0,80,,4529,430,,,0,47,,4530,430,,,0,85,,4531,430,,,0,85,,4532,430,,,0,87,,4533,430,,,0,46,,4534,430,,,0,83,,4535,430,,,0,88,,4516,430,,,0,83,,4537,430,,,0
3300,'Samedi-04',625,,4546,430,,,0,81,,4544,430,,,0,42,,4555,430,,,0,82,,4565,430,,,0,82,,4567,430,,,0,44,,4568,430,,,0,81,,4569,430,,,0,82,,4570,430,,,0,82,,4571,430,,,0,42,,4547,430,,,0,82,,4548,430,,,0,82,,4549,430,,,0,42,,4550,430,,,0,82,,4551,430,,,0,82,,4552,430,,,0,42,,4553,430,,,0,82,,4554,430,,,0,85,,4556,430,,,0,79,,4557,430,,,0,42,,4558,430,,,0,82,,4559,430,,,0,79,,4560,430,,,0,41,,4561,430,,,0,81,,4562,430,,,0,82,,4563,430,,,0,43,,4564,430,,,0,86,,4566,430,,,0,86,,4545,430,,,0
3300,'Semaine-02',627,,3208,430,,,0,81,,3236,430,,,0,42,,3217,430,,,0,82,,3227,430,,,0,82,,3230,430,,,0,42,,3231,430,,,0,82,,3232,430,,,0,83,,3233,430,,,0,83,,3234,430,,,0,43,,3209,430,,,0,83,,3210,430,,,0,83,,3211,430,,,0,44,,3212,430,,,0,85,,3213,430,,,0,87,,3214,430,,,0,87,,3215,430,,,0,85,,3216,430,,,0,42,,3218,430,,,0,81,,3219,430,,,0,81,,3220,430,,,0,41,,3221,430,,,0,81,,3222,430,,,0,81,,3223,430,,,0,40,,3224,430,,,0,80,,3225,430,,,0,80,,3226,430,,,0,40,,3228,430,,,0,80,,3229,430,,,0
3300,'Semaine-03',632,,3237,430,,,0,80,,3265,430,,,0,41,,3246,430,,,0,80,,3256,430,,,0,80,,3259,430,,,0,40,,3260,430,,,0,80,,3261,430,,,0,82,,3262,430,,,0,41,,3263,430,,,0,83,,3238,430,,,0,83,,3239,430,,,0,83,,3240,430,,,0,43,,3241,430,,,0,83,,3242,430,,,0,86,,3243,430,,,0,85,,3244,430,,,0,45,,3245,430,,,0,84,,3247,430,,,0,81,,3248,430,,,0,43,,3249,430,,,0,82,,3250,430,,,0,80,,3251,430,,,0,40,,3252,430,,,0,79,,3253,430,,,0,80,,3254,430,,,0,40,,3255,430,,,0,80,,3257,430,,,0,80,,3258,430,,,0
14001,'Dimanche-04',819,,4607,30,,,0,114,,4608,30,,,0,115,,4609,30,,,0,155,,4610,30,,,0,115,,4611,30,,,0,115,,4612,30,,,0,120,,4613,30,,,0,160,,4606,30,,,0
14001,'Samedi-04',819,,4616,30,,,0,114,,4617,30,,,0,115,,4618,30,,,0,155,,4619,30,,,0,115,,4620,30,,,0,115,,4621,30,,,0,120,,4622,30,,,0,160,,4615,30,,,0
14001,'Semaine-02',853,,3394,30,,,0,160,,3395,30,,,0,120,,3396,30,,,0,125,,3397,30,,,0,165,,3398,30,,,0,125,,3399,30,,,0,165,,3400,30,,,0,125,,3401,30,,,0,120,,3402,30,,,0,155,,3403,30,,,0
14001,'Semaine-03',853,,3407,30,,,0,160,,3408,30,,,0,120,,3409,30,,,0,125,,3410,30,,,0,165,,3411,30,,,0,125,,3412,30,,,0,165,,3413,30,,,0,125,,3414,30,,,0,120,,3415,30,,,0,155,,3416,30,,,0
