2400,'Semaine-02',555,,2866,240,,,0,78,,2867,240,,,0,81,,2868,240,,,0,42,,2869,240,,,0,82,,2870,240,,,0
2400,'Semaine-03',611,,2871,240,,,0,22,,2872,240,,,0,74,,2873,240,,,0,52,,2875,240,,,0,74,,2876,240,,,0,80,,2874,240,,,0
2500,'Semaine-02',601,,2890,280,,,0,34,,2887,300,,,0,21,,2891,280,,,0,72,,2888,300,,,0,23,,2892,280,,,0,69,,2889,300,,,0
2500,'Semaine-03',601,,2896,280,,,0,34,,2893,300,,,0,21,,2897,280,,,0,69,,2894,300,,,0,26,,2898,280,,,0,69,,2895,300,,,0
2700,'Semaine-02',549,,2915,200,,,0,79,,2916,200,,,0,81,,2917,200,,,0,42,,2918,200,,,0,82,,2919,200,,,0,799,,2920,200,,,0,86,,2921,200,,,0,85,,2922,200,,,0,41,,2923,200,,,0,84,,2924,200,,,0
2700,'Semaine-03',554,,2925,200,,,0,80,,2926,200,,,0,80,,2927,200,,,0,40,,2928,200,,,0,80,,2929,200,,,0,786,,2930,200,,,0,83,,2931,200,,,0,46,,2932,200,,,0,85,,2933,200,,,0,86,,2934,200,,,0
3100,'Dimanche-04',722,,4473,340,,,0,218,,4474,340,,,0,278,,4472,340,,,0,123,,4465,340,,,0,160,,4466,340,,,0,118,,4467,340,,,0,118,,4468,340,,,0,119,,4469,340,,,0,167,,4470,340,,,0,221,,4464,340,,,0,215,,4471,340,,,0
3100,'Samedi-04',611,,4476,340,,,0,43,,4487,340,,,0,204,,4488,340,,,0,165,,4485,340,,,0,124,,4475,340,,,0,164,,4486,340,,,0,124,,4477,340,,,0,124,,4478,340,,,0,164,,4479,340,,,0,124,,4480,340,,,0,164,,4481,340,,,0,27,,4482,340,,,0,216,,4483,340,,,0,255,,4484,340,,,0
3100,'Semaine-02',614,,3071,340,,,0,41,,3047,340,,,0,81,,3057,340,,,0,82,,3072,340,,,0,82,,3066,340,,,0,42,,3067,340,,,0,82,,3068,340,,,0,81,,3074,340,,,0,45,,3069,340,,,0,83,,3070,340,,,0,83,,3048,340,,,0,43,,3049,340,,,0,83,,3050,340,,,0,84,,3051,340,,,0,86,,3052,340,,,0,88,,3053,340,,,0,46,,3054,340,,,0,85,,3055,340,,,0,81,,3056,340,,,0,40,,3058,340,,,0,81,,3059,340,,,0,80,,3060,340,,,0,41,,3061,340,,,0,80,,3062,340,,,0,80,,3063,340,,,0,40,,3064,340,,,0,80,,3065,340,,,0,111,,3073,340,0,5 6,0
3100,'Semaine-03',620,,3099,340,,,0,80,,3075,340,,,0,40,,3085,340,,,0,80,,3100,340,,,0,80,,3094,340,,,0,40,,3095,340,,,0,80,,3096,340,,,0,80,,3102,340,,,0,43,,3097,340,,,0,83,,3098,340,,,0,83,,3076,340,,,0,43,,3077,340,,,0,82,,3078,340,,,0,82,,3079,340,,,0,85,,3080,340,,,0,45,,3081,340,,,0,86,,3082,340,,,0,85,,3083,340,,,0,84,,3084,340,,,0,42,,3086,340,,,0,82,,3087,340,,,0,79,,3088,340,,,0,40,,3089,340,,,0,79,,3090,340,,,0,80,,3091,340,,,0,40,,3092,340,,,0,80,,3093,340,,,0,121,,3101,340,0,5 6,0
