100,'Dimanche-04',654,,4395,720,4,,0,200,,4384,720,4,,0,168,,4385,720,4,,0,131,,4386,720,4,,0,165,,4387,720,4,,0,123,,4388,720,4,,0,118,,4389,720,4,,0,160,,4390,720,4,,0,123,,4391,720,4,,0,175,,4392,720,4,,0,115,,4393,720,4,,0,115,,4394,720,4,,0
100,'Samedi-04',654,,4407,720,4,,0,200,,4396,720,4,,0,168,,4397,720,4,,0,131,,4398,720,4,,0,165,,4399,720,4,,0,123,,4400,720,4,,0,118,,4401,720,4,,0,160,,4402,720,4,,0,123,,4403,720,4,,0,175,,4404,720,4,,0,115,,4405,720,4,,0,115,,4406,720,4,,0
100,'Semaine-03',543,,2656,720,4,,0,105,,2657,720,4,,0,67,,2658,720,4,,0,43,,2659,720,4,,0,156,,2660,720,4,,0,103,,2663,720,4,,0,92,,2672,720,4,,0,103,,2664,720,4,,0,104,,2673,720,4,,0,38,,2665,720,4,,0,101,,2666,720,4,,0,100,,2670,720,4,,0,150,,2667,720,4,,0,34,,2668,720,4,,0,104,,2661,720,4,,0,92,,2662,720,4,,0,171,,2671,720,4,,0,143,,2669,720,4,,0
2100,'Semaine-03',600,,2788,360,4,,0,30,,2789,360,4,,0,73,,2790,360,4,,0,36,,2791,360,4,,0,70,,2792,360,4,,0,36,,2793,360,4,,0
2300,'Semaine-03',601,,2844,400,4,,0,26,,2845,400,4,,0,17,,2846,400,4,,0,75,,2847,400,4,,0,26,,2848,400,4,,0,61,,2849,400,4,,0,20,,2850,400,4,,0,20,,2851,400,4,,0
2500,'Semaine-03',618,,2896,380,4,,0,34,,2893,400,4,,0,61,,2897,380,4,,0,29,,2894,400,4,,0,66,,2898,380,4,,0,29,,2895,400,4,,0
2600,'Semaine-03',515,,2913,350,4,,0,16,,2914,360,4,,0
3100,'Dimanche-04',735,,4473,440,4,,0,219,,4474,440,4,,0,278,,4472,440,4,,0,123,,4465,440,4,,0,160,,4466,440,4,,0,118,,4467,440,4,,0,118,,4468,440,4,,0,159,,4469,440,4,,0,127,,4470,440,4,,0,221,,4464,440,4,,0,253,,4471,440,4,,0
3100,'Samedi-04',624,,4476,440,4,,0,83,,4487,440,4,,0,205,,4488,440,4,,0,125,,4485,440,4,,0,164,,4475,440,4,,0,124,,4486,440,4,,0,124,,4477,440,4,,0,164,,4478,440,4,,0,124,,4479,440,4,,0,164,,4480,440,4,,0,124,,4481,440,4,,0,27,,4482,440,4,,0,256,,4483,440,4,,0,213,,4484,440,4,,0
3100,'Semaine-03',638,,3099,440,4,,0,80,,3075,440,4,,0,82,,3085,440,4,,0,40,,3100,440,4,,0,80,,3094,440,4,,0,80,,3095,440,4,,0,37,,3096,440,4,,0,79,,3102,440,4,,0,84,,3097,440,4,,0,43,,3098,440,4,,0,83,,3076,440,4,,0,83,,3077,440,4,,0,42,,3078,440,4,,0,84,,3079,440,4,,0,84,,3080,440,4,,0,85,,3081,440,4,,0,46,,3082,440,4,,0,83,,3083,440,4,,0,84,,3084,440,4,,0,42,,3086,440,4,,0,82,,3087,440,4,,0,79,,3088,440,4,,0,80,,3089,440,4,,0,37,,3090,440,4,,0,80,,3091,440,4,,0,40,,3092,440,4,,0,80,,3093,440,4,,0
3200,'Dimanche-04',630,,4489,450,4,,0,214,,4494,450,4,,0,263,,4497,450,4,,0,152,,4498,450,4,,0,159,,4490,450,4,,0,122,,4500,450,4,,0,160,,4491,450,4,,0,119,,4493,450,4,,0,118,,4492,450,4,,0,213,,4495,450,4,,0,256,,4496,450,4,,0
3200,'Samedi-04',601,,4501,330,4,,0,141,,4507,450,4,,0,77,,4502,450,4,,0,120,,4510,450,4,,0,163,,4511,450,4,,0,124,,4512,450,4,,0,124,,4503,450,4,,0,164,,4514,450,4,,0,124,,4504,450,4,,0,168,,4505,450,4,,0,120,,4506,450,4,,0,274,,4508,450,4,,0,216,,4509,450,4,,0
3200,'Semaine-03',702,,3173,450,4,,0,41,,3148,450,4,,0,80,,3176,450,4,,0,80,,3159,450,4,,0,40,,3167,450,4,,0,77,,3168,450,4,,0,81,,3169,450,4,,0,41,,3170,450,4,,0,83,,3171,450,4,,0,83,,3172,450,4,,0,43,,3149,450,4,,0,82,,3150,450,4,,0,83,,3151,450,4,,0,86,,3175,450,4,,0,18,,3152,100,4,,0,27,,3153,450,4,,0,59,,3177,100,4,,0,24,,3154,450,4,,0,20,,3178,100,4,,0,65,,3155,450,4,,0,44,,3156,450,4,,0,81,,3157,450,4,,0,83,,3158,450,4,,0,80,,3160,450,4,,0,40,,3161,450,4,,0,80,,3162,450,4,,0,80,,3163,450,4,,0,40,,3164,450,4,,0,80,,3165,450,4,,0,80,,3166,450,4,,0
9800,'Semaine-03',703,,3291,240,4,,0,102,,3279,340,4,,0,104,,3283,340,4,,0,105,,3284,340,4,,0,506,,3285,340,4,,0,105,,3286,340,4,,0,105,,3287,340,4,,0,105,,3288,340,4,,0,102,,3289,340,4,,0,97,,3290,340,4,,0,95,,3280,340,4,,0,90,,3281,340,4,,0
11100,'Dimanche-04',840,,4574,470,4,,0,187,,4573,470,4,,0,291,,4575,470,4,,0,289,,4576,470,4,,0,305,,4577,470,4,,0
11100,'Samedi-04',840,,4582,470,4,,0,187,,4581,470,4,,0,291,,4583,470,4,,0,289,,4584,470,4,,0,305,,4585,470,4,,0
11100,'Semaine-03',606,,3318,470,4,,0,96,,3319,470,4,,0,110,,3320,470,4,,0,95,,3321,470,4,,0,114,,3334,470,4,,0,36,,3316,470,4,,0,265,,3317,470,4,,0,380,,3328,470,4,,0,99,,3330,470,4,,0,354,,3332,400,4,,0
