100,'Dimanche-04',640,,4395,640,,,0,200,,4384,640,,,0,167,,4385,640,,,0,131,,4386,640,,,0,165,,4387,640,,,0,123,,4388,640,,,0,118,,4389,640,,,0,160,,4390,640,,,0,123,,4391,640,,,0,175,,4392,640,,,0,115,,4393,640,,,0,115,,4394,640,,,0
100,'Samedi-04',640,,4407,640,,,0,200,,4396,640,,,0,167,,4397,640,,,0,131,,4398,640,,,0,165,,4399,640,,,0,123,,4400,640,,,0,118,,4401,640,,,0,160,,4402,640,,,0,123,,4403,640,,,0,175,,4404,640,,,0,115,,4405,640,,,0,115,,4406,640,,,0
100,'Semaine-03',528,,2656,640,,,0,104,,2657,640,,,0,26,,2658,640,,,0,82,,2659,640,,,0,118,,2660,640,,,0,144,,2663,640,,,0,54,,2672,640,,,0,101,,2664,640,,,0,101,,2673,640,,,0,78,,2665,640,,,0,102,,2666,640,,,0,100,,2670,640,,,0,110,,2667,640,,,0,75,,2668,640,,,0,105,,2661,640,,,0,92,,2662,640,,,0,131,,2671,640,,,0,184,,2669,640,,,0
2100,'Semaine-03',547,,2788,280,,,0,70,,2789,280,,,0,30,,2790,280,,,0,75,,2791,280,,,0,30,,2792,280,,,0,75,,2793,280,,,0
2600,'Semaine-03',503,,2913,270,,,0,17,,2914,280,,,0
2800,'Semaine-03',521,,2969,170,,,0,20,,2968,170,,,0,15,,2966,420,,,0,55,,2978,170,,,0,15,,2975,170,,,0,15,,2965,460,,,0,10,,2976,170,,,0,50,,2967,420,,,0,11,,2977,170,,,0,10,,2970,170,,,0,10,,2971,170,,,0,16,,2972,170,,,0,55,,2973,170,,,0,20,,2974,170,,,0
3200,'Dimanche-04',618,,4489,370,,,0,214,,4494,370,,,0,223,,4497,370,,,0,192,,4498,370,,,0,159,,4490,370,,,0,122,,4500,370,,,0,120,,4491,370,,,0,159,,4493,370,,,0,118,,4492,370,,,0,214,,4495,370,,,0,216,,4496,370,,,0
3200,'Samedi-04',549,,4501,250,,,0,181,,4507,370,,,0,77,,4502,370,,,0,120,,4510,370,,,0,123,,4511,370,,,0,164,,4512,370,,,0,124,,4503,370,,,0,164,,4514,370,,,0,124,,4504,370,,,0,128,,4505,370,,,0,160,,4506,370,,,0,235,,4508,370,,,0,256,,4509,370,,,0
3200,'Semaine-03',645,,3173,370,,,0,80,,3148,370,,,0,80,,3176,370,,,0,40,,3159,370,,,0,80,,3167,370,,,0,80,,3168,370,,,0,41,,3169,370,,,0,81,,3170,370,,,0,83,,3171,370,,,0,43,,3172,370,,,0,83,,3149,370,,,0,82,,3150,370,,,0,82,,3151,370,,,0,45,,3175,370,,,0,60,,3152,20,,,0,25,,3153,370,,,0,21,,3177,20,,,0,64,,3154,370,,,0,20,,3178,20,,,0,65,,3155,370,,,0,45,,3156,370,,,0,82,,3157,370,,,0,83,,3158,370,,,0,40,,3160,370,,,0,80,,3161,370,,,0,80,,3162,370,,,0,40,,3163,370,,,0,80,,3164,370,,,0,80,,3165,370,,,0,40,,3166,370,,,0
11100,'Dimanche-04',826,,4574,390,0,5 10,0,188,,4573,390,0,5 10,0,290,,4575,390,0,5 10,0,249,,4576,390,0,5 10,0,305,,4577,390,0,5 10,0
11100,'Samedi-04',826,,4582,390,0,5 10,0,188,,4581,390,0,5 10,0,290,,4583,390,0,5 10,0,249,,4584,390,0,5 10,0,305,,4585,390,0,5 10,0
11100,'Semaine-03',538,,3324,390,0,5 15,0,15,,3318,390,0,5 10,0,60,,3322,390,0,5 15,0,27,,3325,390,0,5 15,0,6,,3319,390,0,5 10,0,54,,3323,390,0,5 15,0,31,,3331,390,0,5 15,0,20,,3326,390,0,5 15,0,5,,3320,390,0,5 10,0,55,,3333,390,0,5 15,0,40,,3321,390,0,5 10,0,157,,3334,390,0,5 10,0,35,,3316,390,0,5 10,0,265,,3317,390,0,5 10,0,341,,3328,390,0,5 10,0,5,,3327,320,0,5 15,0,94,,3330,390,0,5 10,0,58,,3329,320,0,5 15,0,336,,3332,320,0,5 10,0
