100,'Dimanche-01',635,,5264,580,,,0,200,,5253,580,,,0,167,,5254,580,,,0,130,,5255,580,,,0,125,,5256,580,,,0,163,,5257,580,,,0,118,,5258,580,,,0,120,,5259,580,,,0,163,,5260,580,,,0,135,,5261,580,,,0,155,,5262,580,,,0,115,,5263,580,,,0
100,'Fête-1-01',635,,5276,580,,,0,200,,5265,580,,,0,167,,5266,580,,,0,130,,5267,580,,,0,125,,5268,580,,,0,163,,5269,580,,,0,118,,5270,580,,,0,120,,5271,580,,,0,163,,5272,580,,,0,135,,5273,580,,,0,155,,5274,580,,,0,115,,5275,580,,,0
100,'Fête-2-01',522,,5277,580,,,0,104,,5278,580,,,0,26,,5279,580,,,0,82,,5280,580,,,0,118,,5281,580,,,0,104,,5284,580,,,0,94,,5293,580,,,0,101,,5285,580,,,0,101,,5294,580,,,0,78,,5286,580,,,0,102,,5287,580,,,0,100,,5291,580,,,0,110,,5288,580,,,0,75,,5289,580,,,0,105,,5282,580,,,0,92,,5283,580,,,0,132,,5292,580,,,0,184,,5290,580,,,0
100,'Samedi-01',635,,5306,580,,,0,200,,5295,580,,,0,167,,5296,580,,,0,130,,5297,580,,,0,125,,5298,580,,,0,163,,5299,580,,,0,118,,5300,580,,,0,120,,5301,580,,,0,163,,5302,580,,,0,135,,5303,580,,,0,155,,5304,580,,,0,115,,5305,580,,,0
100,'Semaine-01',522,,5307,580,,,0,104,,5308,580,,,0,26,,5309,580,,,0,82,,5310,580,,,0,118,,5311,580,,,0,104,,5314,580,,,0,94,,5323,580,,,0,101,,5315,580,,,0,101,,5324,580,,,0,78,,5316,580,,,0,102,,5317,580,,,0,100,,5321,580,,,0,110,,5318,580,,,0,75,,5319,580,,,0,105,,5312,580,,,0,92,,5313,580,,,0,132,,5322,580,,,0,184,,5320,580,,,0
2600,'Fête-2-01',500,,5613,220,,,0,16,,5614,230,,,0
2600,'Semaine-01',500,,5615,220,,,0,16,,5616,230,,,0
2800,'Fête-2-01',512,,5659,110,,,0,20,,5658,110,,,0,15,,5656,350,,,0,65,,5664,110,,,0,20,,5655,390,,,0,20,,5657,350,,,0,61,,5660,110,,,0,20,,5661,110,,,0,20,,5662,110,,,0,60,,5663,110,,,0
2800,'Semaine-01',512,,5669,110,,,0,20,,5668,110,,,0,15,,5666,350,,,0,55,,5680,110,,,0,10,,5676,110,,,0,10,,5677,110,,,0,10,,5665,390,,,0,8,,5678,110,,,0,8,,5667,350,,,0,8,,5681,110,,,0,49,,5679,110,,,0,8,,5670,110,,,0,10,,5671,110,,,0,11,,5672,110,,,0,9,,5673,110,,,0,10,,5674,110,,,0,60,,5675,110,,,0
3200,'Dimanche-01',604,,5830,210,,,0,214,,5835,210,,,0,223,,5838,210,,,0,192,,5839,210,,,0,119,,5831,210,,,0,162,,5841,210,,,0,120,,5832,210,,,0,119,,5834,210,,,0,158,,5833,210,,,0,215,,5836,210,,,0,216,,5837,210,,,0,213,,5840,210,0,6,0
3200,'Fête-1-01',535,,5842,90,,,0,181,,5848,210,,,0,37,,5843,210,,,0,160,,5851,210,,,0,123,,5852,210,,,0,164,,5853,210,,,0,124,,5844,210,,,0,124,,5855,210,,,0,164,,5845,210,,,0,128,,5846,210,,,0,160,,5847,210,,,0,236,,5849,210,,,0,216,,5850,210,,,0,207,,5854,210,0,6,0
3200,'Fête-2-01',631,,5881,210,,,0,80,,5856,210,,,0,40,,5884,210,,,0,80,,5867,210,,,0,80,,5875,210,,,0,41,,5876,210,,,0,81,,5877,210,,,0,81,,5878,210,,,0,43,,5879,210,,,0,83,,5880,210,,,0,83,,5857,210,,,0,82,,5858,210,,,0,42,,5859,210,,,0,85,,5883,210,,,0,85,,5861,210,,,0,84,,5862,210,,,0,46,,5863,210,,,0,85,,5864,210,,,0,82,,5865,210,,,0,43,,5866,210,,,0,81,,5868,210,,,0,80,,5869,210,,,0,40,,5870,210,,,0,80,,5871,210,,,0,80,,5872,210,,,0,40,,5873,210,,,0,80,,5874,210,,,0,112,,5882,210,4,,0
3200,'Samedi-01',535,,5887,90,,,0,181,,5893,210,,,0,37,,5888,210,,,0,160,,5896,210,,,0,123,,5897,210,,,0,164,,5898,210,,,0,124,,5889,210,,,0,124,,5900,210,,,0,164,,5890,210,,,0,128,,5891,210,,,0,160,,5892,210,,,0,236,,5894,210,,,0,216,,5895,210,,,0,207,,5899,210,0,6,0
3200,'Semaine-01',631,,5926,210,,,0,80,,5901,210,,,0,40,,5929,210,,,0,80,,5912,210,,,0,80,,5920,210,,,0,41,,5921,210,,,0,81,,5922,210,,,0,81,,5923,210,,,0,43,,5924,210,,,0,83,,5925,210,,,0,83,,5902,210,,,0,82,,5903,210,,,0,42,,5904,210,,,0,85,,5928,210,,,0,85,,5906,210,,,0,84,,5907,210,,,0,46,,5908,210,,,0,85,,5909,210,,,0,82,,5910,210,,,0,43,,5911,210,,,0,81,,5913,210,,,0,80,,5914,210,,,0,40,,5915,210,,,0,80,,5916,210,,,0,80,,5917,210,,,0,40,,5918,210,,,0,80,,5919,210,,,0,112,,5927,210,4,,0
9000,'Semaine-01',646,,6077,130,,,0,63,,6078,130,,,0
