2000,'Dimanche-02',714,,8023,430,,,0,124,,8024,430,,,0,166,,8025,430,,,0,125,,8026,430,,,0,125,,8027,430,,,0,164,,8028,430,,,0,125,,8029,430,,,0,165,,8030,430,,,0
2000,'Fête-1-02',714,,8031,430,,,0,124,,8032,430,,,0,166,,8033,430,,,0,125,,8034,430,,,0,125,,8035,430,,,0,164,,8036,430,,,0,125,,8037,430,,,0,165,,8038,430,,,0
2000,'Fête-2-02',657,,8039,430,,,0,165,,8040,430,,,0,125,,8041,430,,,0,166,,8042,430,,,0,126,,8043,430,,,0,165,,8044,430,,,0,126,,8045,430,,,0,126,,8046,430,,,0,166,,8047,430,,,0
2000,'Samedi-02',714,,8048,430,,,0,124,,8049,430,,,0,166,,8050,430,,,0,125,,8051,430,,,0,125,,8052,430,,,0,164,,8053,430,,,0,125,,8054,430,,,0,165,,8055,430,,,0
2000,'Semaine-02',657,,8056,430,,,0,165,,8057,430,,,0,125,,8058,430,,,0,166,,8059,430,,,0,126,,8060,430,,,0,165,,8061,430,,,0,126,,8062,430,,,0,126,,8063,430,,,0,166,,8064,430,,,0
2000,'Semaine-02-0001100',1947,,8066,430,,,0,164,,8065,430,,,0
2000002000,'Dimanche-02',542,,9195,120,0,11 13,0,170,,9196,120,0,11 13,0,44,,9207,150,,,0,86,,9197,120,0,11 13,0,84,,9208,150,,,0,86,,9198,120,0,11 13,0,45,,9209,150,,,0,86,,9199,120,0,11 13,0,85,,9210,150,,,0,85,,9200,120,0,11 13,0,45,,9211,150,,,0,85,,9201,120,0,11 13,0,85,,9212,150,,,0,85,,9202,120,0,11 13,0,45,,9213,150,,,0,85,,9203,120,0,11 13,0,85,,9214,150,,,0,85,,9204,120,0,11 13,0,44,,9215,150,,,0,86,,9205,120,0,11 13,0,84,,9216,150,,,0,86,,9206,120,0,11 13,0,44,,9217,150,,,0,170,,9218,150,,,0
2000002000,'Fête-1-02',542,,9219,120,0,11 13,0,170,,9220,120,0,11 13,0,44,,9231,150,,,0,86,,9221,120,0,11 13,0,84,,9232,150,,,0,86,,9222,120,0,11 13,0,45,,9233,150,,,0,86,,9223,120,0,11 13,0,85,,9234,150,,,0,85,,9224,120,0,11 13,0,45,,9235,150,,,0,85,,9225,120,0,11 13,0,85,,9236,150,,,0,85,,9226,120,0,11 13,0,45,,9237,150,,,0,85,,9227,120,0,11 13,0,85,,9238,150,,,0,85,,9228,120,0,11 13,0,44,,9239,150,,,0,86,,9229,120,0,11 13,0,84,,9240,150,,,0,86,,9230,120,0,11 13,0,44,,9241,150,,,0,170,,9242,150,,,0
2000002000,'Fête-2-02',447,,9244,120,0,11 13,0,74,,9243,120,0,11 13,0,29,,9245,170,0,11 13,0,65,,9246,120,0,11 13,0,40,,9262,170,,,0,98,,9263,170,,,0,61,,9264,150,,,0,99,,9249,120,0,11 13,0,31,,9265,150,,,0,69,,9250,120,0,11 13,0,34,,9266,150,,,0,66,,9251,120,0,11 13,0,34,,9267,150,,,0,61,,9252,120,0,11 13,0,34,,9268,150,,,0,61,,9253,120,0,11 13,0,43,,9269,150,,,0,67,,9254,120,0,11 13,0,42,,9270,170,,,0,63,,9255,170,0,11 13,0,25,,9271,150,,,0,70,,9256,120,0,11 13,0,36,,9272,170,,,0,98,,9273,150,,,0,100,,9260,150,,,0,74,,9259,150,,,0,93,,9258,150,,,0,93,,9257,150,,,0,50,,9261,120,0,11 13,0,73,,9248,150,,,0,179,,9247,150,,,0
2000002000,'Samedi-02',542,,9274,120,0,11 13,0,170,,9275,120,0,11 13,0,44,,9286,150,,,0,86,,9276,120,0,11 13,0,84,,9287,150,,,0,86,,9277,120,0,11 13,0,45,,9288,150,,,0,86,,9278,120,0,11 13,0,85,,9289,150,,,0,85,,9279,120,0,11 13,0,45,,9290,150,,,0,85,,9280,120,0,11 13,0,85,,9291,150,,,0,85,,9281,120,0,11 13,0,45,,9292,150,,,0,85,,9282,120,0,11 13,0,85,,9293,150,,,0,85,,9283,120,0,11 13,0,44,,9294,150,,,0,86,,9284,120,0,11 13,0,84,,9295,150,,,0,86,,9285,120,0,11 13,0,44,,9296,150,,,0,170,,9297,150,,,0
2000002000,'Semaine-02',447,,9299,120,0,11 13,0,74,,9298,120,0,11 13,0,29,,9300,170,0,11 13,0,65,,9301,120,0,11 13,0,40,,9317,170,,,0,98,,9318,170,,,0,61,,9319,150,,,0,99,,9304,120,0,11 13,0,31,,9320,150,,,0,69,,9305,120,0,11 13,0,34,,9321,150,,,0,66,,9306,120,0,11 13,0,34,,9322,150,,,0,61,,9307,120,0,11 13,0,34,,9323,150,,,0,61,,9308,120,0,11 13,0,43,,9324,150,,,0,67,,9309,120,0,11 13,0,42,,9325,170,,,0,63,,9310,170,0,11 13,0,25,,9326,150,,,0,70,,9311,120,0,11 13,0,36,,9327,170,,,0,98,,9328,150,,,0,100,,9315,150,,,0,74,,9314,150,,,0,93,,9313,150,,,0,93,,9312,150,,,0,50,,9316,120,0,11 13,0,73,,9303,150,,,0,179,,9302,150,,,0
