100,'Dimanche-02',535,,7889,10,,,0,200,,7878,10,,,0,165,,7879,10,,,0,130,,7880,10,,,0,125,,7881,10,,,0,165,,7882,10,,,0,120,,7883,10,,,0,160,,7884,10,,,0,125,,7885,10,,,0,175,,7886,10,,,0,115,,7887,10,,,0,115,,7888,10,,,0
100,'Fête-1-02',535,,7901,10,,,0,200,,7890,10,,,0,165,,7891,10,,,0,130,,7892,10,,,0,125,,7893,10,,,0,165,,7894,10,,,0,120,,7895,10,,,0,160,,7896,10,,,0,125,,7897,10,,,0,175,,7898,10,,,0,115,,7899,10,,,0,115,,7900,10,,,0
100,'Fête-2-02',417,,7902,10,,,0,103,,7903,10,,,0,25,,7904,10,,,0,80,,7905,10,,,0,120,,7906,10,,,0,106,,7909,10,,,0,94,,7918,10,,,0,101,,7910,10,,,0,99,,7919,10,,,0,78,,7911,10,,,0,102,,7912,10,,,0,100,,7916,10,,,0,110,,7913,10,,,0,75,,7914,10,,,0,110,,7907,10,,,0,95,,7908,10,,,0,135,,7917,10,,,0,185,,7915,10,,,0
100,'Samedi-02',535,,7931,10,,,0,200,,7920,10,,,0,165,,7921,10,,,0,130,,7922,10,,,0,125,,7923,10,,,0,165,,7924,10,,,0,120,,7925,10,,,0,160,,7926,10,,,0,125,,7927,10,,,0,175,,7928,10,,,0,115,,7929,10,,,0,115,,7930,10,,,0
100,'Semaine-02',417,,7932,10,,,0,103,,7933,10,,,0,25,,7934,10,,,0,80,,7935,10,,,0,120,,7936,10,,,0,106,,7939,10,,,0,94,,7948,10,,,0,101,,7940,10,,,0,99,,7949,10,,,0,78,,7941,10,,,0,102,,7942,10,,,0,100,,7946,10,,,0,110,,7943,10,,,0,75,,7944,10,,,0,110,,7937,10,,,0,95,,7938,10,,,0,135,,7947,10,,,0,185,,7945,10,,,0
101,'Dimanche-02',836,,7950,780,4,,0,207,,7951,780,4,,0,171,,7952,780,4,,0,133,,7953,780,4,,0,167,,7954,780,4,,0,120,,7955,780,4,,0,120,,7956,780,4,,0,160,,7957,780,4,,0,117,,7958,780,4,,0,174,,7959,780,4,,0,114,,7960,780,4,,0,112,,7961,780,4,,0
101,'Fête-1-02',836,,7962,780,4,,0,207,,7963,780,4,,0,171,,7964,780,4,,0,133,,7965,780,4,,0,167,,7966,780,4,,0,120,,7967,780,4,,0,120,,7968,780,4,,0,160,,7969,780,4,,0,117,,7970,780,4,,0,174,,7971,780,4,,0,114,,7972,780,4,,0,112,,7973,780,4,,0
101,'Fête-2-02',737,,7974,780,4,,0,101,,7983,780,4,,0,70,,7985,780,4,,0,50,,7986,780,4,,0,150,,7987,780,4,,0,105,,7988,780,4,,0,95,,7990,780,4,,0,105,,7989,780,4,,0,107,,7991,780,4,,0,81,,7975,780,4,,0,106,,7976,780,4,,0,95,,7977,780,4,,0,104,,7978,780,4,,0,34,,7979,780,4,,0,103,,7980,780,4,,0,83,,7981,780,4,,0,132,,7982,780,4,,0,172,,7984,780,4,,0
101,'Samedi-02',836,,7992,780,4,,0,207,,7993,780,4,,0,171,,7994,780,4,,0,133,,7995,780,4,,0,167,,7996,780,4,,0,120,,7997,780,4,,0,120,,7998,780,4,,0,160,,7999,780,4,,0,117,,8000,780,4,,0,174,,8001,780,4,,0,114,,8002,780,4,,0,112,,8003,780,4,,0
101,'Semaine-02',732,,8022,650,4,,0,5,,8004,780,4,,0,101,,8013,780,4,,0,70,,8015,780,4,,0,50,,8016,780,4,,0,150,,8017,780,4,,0,105,,8018,780,4,,0,95,,8020,780,4,,0,105,,8019,780,4,,0,107,,8021,780,4,,0,81,,8005,780,4,,0,106,,8006,780,4,,0,95,,8007,780,4,,0,104,,8008,780,4,,0,34,,8009,780,4,,0,103,,8010,780,4,,0,83,,8011,780,4,,0,132,,8012,780,4,,0,172,,8014,780,4,,0
