2400,'Fête-2-02',622,,8194,40,,,0,79,,8195,40,,,0,40,,8197,40,,,0,80,,8198,40,,,0,80,,8196,40,,,0
2400,'Semaine-02',600,,8199,40,,,0,22,,8200,40,,,0,33,,8201,40,,,0,92,,8203,40,,,0,74,,8204,40,,,0,80,,8202,40,,,0
2501,'Fête-2-02',1616,,8226,380,,,0,40,,8227,380,,,0,74,,8228,380,,,0,79,,8229,380,,,0,40,,8230,380,,,0,68,,8231,380,,,0
2501,'Semaine-02',1616,,8232,380,,,0,40,,8233,380,,,0,74,,8234,380,,,0,79,,8235,380,,,0,40,,8236,380,,,0,68,,8237,380,,,0
2600,'Fête-2-02',450,,8238,90,,,0
2600,'Semaine-02',450,,8240,90,,,0
2000002500,'Dimanche-02',541,,9868,230,,,0,87,,9870,280,,,0,78,,9871,280,,,0,35,,9872,280,,,0,68,,9873,280,,,0,34,,9874,280,,,0,78,,9875,280,,,0,37,,9876,280,,,0,76,,9877,280,,,0,72,,9878,280,,,0,45,,9879,280,,,0,85,,9880,280,,,0,95,,9881,280,,,0,23,,9882,280,,,0,62,,9883,280,,,0,85,,9884,280,,,0,40,,9885,280,,,0,80,,9886,280,,,0,80,,9887,280,,,0,35,,9888,280,,,0,81,,9889,280,,,0,39,,9890,280,,,0,80,,9891,280,,,0,70,,9892,280,,,0,35,,9893,280,,,0,75,,9894,280,,,0,35,,9895,280,,,0,75,,9896,280,,,0,75,,9897,280,,,0,30,,9898,280,,,0,75,,9899,280,,,0,35,,9900,280,,,0,76,,9901,280,,,0
2000002500,'Fête-1-02',528,,9934,230,,,0,26,,9903,280,,,0,76,,9919,280,,,0,83,,9904,280,,,0,27,,9920,280,,,0,77,,9905,280,,,0,40,,9921,280,,,0,80,,9906,280,,,0,70,,9922,280,,,0,40,,9907,280,,,0,80,,9923,280,,,0,77,,9908,280,,,0,30,,9902,280,,,0,73,,9909,280,,,0,41,,9924,280,,,0,78,,9910,280,,,0,86,,9925,280,,,0,45,,9911,280,,,0,79,,9926,280,,,0,71,,9912,280,,,0,34,,9927,280,,,0,84,,9913,280,,,0,80,,9928,280,,,0,44,,9914,280,,,0,80,,9929,280,,,0,90,,9915,280,,,0,81,,9930,280,,,0,36,,9916,280,,,0,76,,9931,280,,,0,32,,9917,280,,,0,72,,9932,280,,,0,111,,9918,280,,,0
2000002500,'Fête-2-02',601,,9936,230,,,0,36,,9937,280,,,0,80,,9938,280,,,0,40,,9935,280,,,0,80,,9939,280,,,0,80,,9940,280,,,0,40,,9941,280,,,0,80,,9942,280,,,0,81,,9943,280,,,0,82,,9944,280,,,0,43,,9945,280,,,0,83,,9946,280,,,0,83,,9947,280,,,0,42,,9948,280,,,0,82,,9949,280,,,0,85,,9950,280,,,0,85,,9951,280,,,0,46,,9952,280,,,0,85,,9953,280,,,0,85,,9954,280,,,0,82,,9955,280,,,0,42,,9956,280,,,0,79,,9957,280,,,0,80,,9958,280,,,0,40,,9959,280,,,0,80,,9960,280,,,0,80,,9961,280,,,0,40,,9962,280,,,0,60,,9963,280,,,0,30,,9964,280,,,0,82,,9965,280,4,,0
2000002500,'Samedi-02',528,,9998,230,,,0,26,,9967,280,,,0,76,,9983,280,,,0,83,,9968,280,,,0,27,,9984,280,,,0,77,,9969,280,,,0,40,,9985,280,,,0,80,,9970,280,,,0,70,,9986,280,,,0,40,,9971,280,,,0,80,,9987,280,,,0,77,,9972,280,,,0,30,,9966,280,,,0,73,,9973,280,,,0,41,,9988,280,,,0,78,,9974,280,,,0,86,,9989,280,,,0,45,,9975,280,,,0,79,,9990,280,,,0,71,,9976,280,,,0,34,,9991,280,,,0,84,,9977,280,,,0,80,,9992,280,,,0,44,,9978,280,,,0,80,,9993,280,,,0,90,,9979,280,,,0,81,,9994,280,,,0,36,,9980,280,,,0,76,,9995,280,,,0,32,,9981,280,,,0,72,,9996,280,,,0,111,,9982,280,,,0
2000002500,'Semaine-02',601,,10000,230,,,0,36,,10001,280,,,0,80,,10002,280,,,0,40,,9999,280,,,0,80,,10003,280,,,0,80,,10004,280,,,0,40,,10005,280,,,0,80,,10006,280,,,0,81,,10007,280,,,0,82,,10008,280,,,0,43,,10009,280,,,0,83,,10010,280,,,0,83,,10011,280,,,0,42,,10012,280,,,0,82,,10013,280,,,0,85,,10014,280,,,0,85,,10015,280,,,0,46,,10016,280,,,0,85,,10017,280,,,0,85,,10018,280,,,0,82,,10019,280,,,0,42,,10020,280,,,0,79,,10021,280,,,0,80,,10022,280,,,0,40,,10023,280,,,0,80,,10024,280,,,0,80,,10025,280,,,0,40,,10026,280,,,0,60,,10027,280,,,0,30,,10028,280,,,0,82,,10029,280,4,,0
