101,'Dimanche-04',759,,4408,550,,,0,246,,4409,550,,,0,131,,4410,550,,,0,173,,4411,550,,,0,127,,4412,550,,,0,120,,4413,550,,,0,160,,4414,550,,,0,120,,4415,550,,,0,117,,4416,550,,,0,174,,4417,550,,,0,114,,4418,550,,,0,113,,4419,550,,,0
101,'Samedi-04',759,,4420,550,,,0,246,,4421,550,,,0,131,,4422,550,,,0,173,,4423,550,,,0,127,,4424,550,,,0,120,,4425,550,,,0,160,,4426,550,,,0,120,,4427,550,,,0,117,,4428,550,,,0,174,,4429,550,,,0,114,,4430,550,,,0,113,,4431,550,,,0
101,'Semaine-02',654,,2686,550,,,0,101,,2695,550,,,0,70,,2697,550,,,0,100,,2698,550,,,0,105,,2699,550,,,0,95,,2700,550,,,0,100,,2702,550,,,0,100,,2701,550,,,0,111,,2703,550,,,0,86,,2687,550,,,0,110,,2688,550,,,0,91,,2689,550,,,0,105,,2690,550,,,0,29,,2691,550,,,0,69,,2692,550,,,0,108,,2693,550,,,0,182,,2694,550,,,0,189,,2696,550,,,0
101,'Semaine-03',659,,2704,550,,,0,141,,2713,550,,,0,30,,2715,550,,,0,90,,2716,550,,,0,110,,2717,550,,,0,105,,2718,550,,,0,95,,2720,550,,,0,105,,2719,550,,,0,106,,2721,550,,,0,81,,2705,550,,,0,105,,2706,550,,,0,96,,2707,550,,,0,105,,2708,550,,,0,74,,2709,550,,,0,103,,2710,550,,,0,43,,2711,550,,,0,173,,2712,550,,,0,134,,2714,550,,,0
2001,'Dimanche-04',731,,4448,50,,,0,124,,4449,50,,,0,166,,4450,50,,,0,125,,4451,50,,,0,165,,4452,50,,,0,125,,4453,50,,,0,165,,4454,50,,,0,125,,4455,50,,,0
2001,'Samedi-04',731,,4456,50,,,0,124,,4457,50,,,0,166,,4458,50,,,0,125,,4459,50,,,0,165,,4460,50,,,0,125,,4461,50,,,0,165,,4462,50,,,0,125,,4463,50,,,0
2001,'Semaine-02',716,,2760,50,,,0,125,,2761,50,,,0,165,,2762,50,,,0,126,,2763,50,,,0,126,,2764,50,,,0,165,,2765,50,,,0,126,,2766,50,,,0,166,,2767,50,,,0,126,,2768,50,,,0
2001,'Semaine-02-0001100',2004,,2770,50,,,0,124,,2769,50,,,0
2001,'Semaine-03',716,,2771,50,,,0,125,,2772,50,,,0,165,,2773,50,,,0,126,,2774,50,,,0,126,,2775,50,,,0,165,,2776,50,,,0,126,,2777,50,,,0,166,,2778,50,,,0,126,,2779,50,,,0
2001,'Semaine-03-0001100',2004,,2781,50,,,0,124,,2780,50,,,0
2801,'Semaine-02',1656,,2980,440,0,7,0,99,,2979,440,,,0,67,,2981,440,0,7,0
2801,'Semaine-03',1711,,2994,440,0,7,0,39,,2993,440,,,0,68,,2995,440,0,7,0
