100,'Dimanche-01',559,,5264,90,,,0,200,,5253,90,,,0,165,,5254,90,,,0,130,,5255,90,,,0,165,,5256,90,,,0,124,,5257,90,,,0,160,,5258,90,,,0,120,,5259,90,,,0,124,,5260,90,,,0,175,,5261,90,,,0,115,,5262,90,,,0,115,,5263,90,,,0
100,'Fête-1-01',559,,5276,90,,,0,200,,5265,90,,,0,165,,5266,90,,,0,130,,5267,90,,,0,165,,5268,90,,,0,124,,5269,90,,,0,160,,5270,90,,,0,120,,5271,90,,,0,124,,5272,90,,,0,175,,5273,90,,,0,115,,5274,90,,,0,115,,5275,90,,,0
100,'Fête-2-01',441,,5277,90,,,0,103,,5278,90,,,0,65,,5279,90,,,0,41,,5280,90,,,0,160,,5281,90,,,0,106,,5284,90,,,0,94,,5293,90,,,0,101,,5285,90,,,0,99,,5294,90,,,0,38,,5286,90,,,0,102,,5287,90,,,0,100,,5291,90,,,0,150,,5288,90,,,0,35,,5289,90,,,0,109,,5282,90,,,0,95,,5283,90,,,0,174,,5292,90,,,0,145,,5290,90,,,0
100,'Samedi-01',559,,5306,90,,,0,200,,5295,90,,,0,165,,5296,90,,,0,130,,5297,90,,,0,165,,5298,90,,,0,124,,5299,90,,,0,160,,5300,90,,,0,120,,5301,90,,,0,124,,5302,90,,,0,175,,5303,90,,,0,115,,5304,90,,,0,115,,5305,90,,,0
100,'Semaine-01',441,,5307,90,,,0,103,,5308,90,,,0,65,,5309,90,,,0,41,,5310,90,,,0,160,,5311,90,,,0,106,,5314,90,,,0,94,,5323,90,,,0,101,,5315,90,,,0,99,,5324,90,,,0,38,,5316,90,,,0,102,,5317,90,,,0,100,,5321,90,,,0,150,,5318,90,,,0,35,,5319,90,,,0,109,,5312,90,,,0,95,,5313,90,,,0,174,,5322,90,,,0,145,,5320,90,,,0
2000,'Dimanche-01',650,,5398,50,,,0,164,,5399,50,,,0,125,,5400,50,,,0,165,,5401,50,,,0,125,,5402,50,,,0,125,,5403,50,,,0,165,,5404,50,,,0,125,,5405,50,,,0
2000,'Fête-1-01',650,,5406,50,,,0,164,,5407,50,,,0,125,,5408,50,,,0,165,,5409,50,,,0,125,,5410,50,,,0,125,,5411,50,,,0,165,,5412,50,,,0,125,,5413,50,,,0
2000,'Fête-2-01',632,,5414,50,,,0,125,,5415,50,,,0,165,,5416,50,,,0,126,,5417,50,,,0,166,,5418,50,,,0,125,,5419,50,,,0,166,,5420,50,,,0,126,,5421,50,,,0,126,,5422,50,,,0
2000,'Samedi-01',650,,5423,50,,,0,164,,5424,50,,,0,125,,5425,50,,,0,165,,5426,50,,,0,125,,5427,50,,,0,125,,5428,50,,,0,165,,5429,50,,,0,125,,5430,50,,,0
2000,'Semaine-01',632,,5431,50,,,0,125,,5432,50,,,0,165,,5433,50,,,0,126,,5434,50,,,0,166,,5435,50,,,0,125,,5436,50,,,0,166,,5437,50,,,0,126,,5438,50,,,0,126,,5439,50,,,0
2000,'Semaine-01-0001100',1923,,5441,50,,,0,124,,5440,50,,,0
