100,'Dimanche-04',645,,4395,670,,,0,200,,4384,670,,,0,168,,4385,670,,,0,131,,4386,670,,,0,165,,4387,670,,,0,123,,4388,670,,,0,118,,4389,670,,,0,160,,4390,670,,,0,123,,4391,670,,,0,175,,4392,670,,,0,115,,4393,670,,,0,115,,4394,670,,,0
100,'Samedi-04',645,,4407,670,,,0,200,,4396,670,,,0,168,,4397,670,,,0,131,,4398,670,,,0,165,,4399,670,,,0,123,,4400,670,,,0,118,,4401,670,,,0,160,,4402,670,,,0,123,,4403,670,,,0,175,,4404,670,,,0,115,,4405,670,,,0,115,,4406,670,,,0
100,'Semaine-02',532,,2638,670,,,0,102,,2639,670,,,0,71,,2640,670,,,0,42,,2641,670,,,0,167,,2642,670,,,0,98,,2645,670,,,0,29,,2654,670,,,0,101,,2646,670,,,0,108,,2655,670,,,0,95,,2647,670,,,0,100,,2648,670,,,0,100,,2652,670,,,0,110,,2649,670,,,0,88,,2650,670,,,0,111,,2643,670,,,0,86,,2644,670,,,0,102,,2653,670,,,0,195,,2651,670,,,0
100,'Semaine-03',534,,2656,670,,,0,104,,2657,670,,,0,67,,2658,670,,,0,42,,2659,670,,,0,157,,2660,670,,,0,104,,2663,670,,,0,93,,2672,670,,,0,102,,2664,670,,,0,102,,2673,670,,,0,38,,2665,670,,,0,102,,2666,670,,,0,100,,2670,670,,,0,110,,2667,670,,,0,74,,2668,670,,,0,105,,2661,670,,,0,92,,2662,670,,,0,131,,2671,670,,,0,183,,2669,670,,,0
2100,'Semaine-02',547,,2782,310,,,0,70,,2783,310,,,0,31,,2784,310,,,0,75,,2785,310,,,0,30,,2786,310,,,0,76,,2787,310,,,0
2100,'Semaine-03',552,,2788,310,,,0,70,,2789,310,,,0,31,,2790,310,,,0,75,,2791,310,,,0,30,,2792,310,,,0,76,,2793,310,,,0
2300,'Semaine-02',552,,2836,350,,,0,66,,2837,350,,,0,16,,2838,350,,,0,75,,2839,350,,,0,25,,2840,350,,,0,16,,2841,350,,,0,65,,2842,350,,,0,20,,2843,350,,,0
2300,'Semaine-03',552,,2844,350,,,0,66,,2845,350,,,0,16,,2846,350,,,0,75,,2847,350,,,0,25,,2848,350,,,0,21,,2849,350,,,0,60,,2850,350,,,0,20,,2851,350,,,0
2500,'Semaine-02',609,,2890,330,,,0,34,,2887,350,,,0,61,,2891,330,,,0,32,,2888,350,,,0,23,,2892,330,,,0,69,,2889,350,,,0
2500,'Semaine-03',609,,2896,330,,,0,34,,2893,350,,,0,61,,2897,330,,,0,29,,2894,350,,,0,26,,2898,330,,,0,69,,2895,350,,,0
2600,'Semaine-02',507,,2911,300,,,0,17,,2912,310,,,0
2600,'Semaine-03',507,,2913,300,,,0,17,,2914,310,,,0
2800,'Semaine-02',527,,2957,200,,,0,20,,2956,200,,,0,55,,2954,450,,,0,15,,2963,200,,,0,15,,2964,200,,,0,15,,2953,490,,,0,55,,2955,450,,,0,16,,2958,200,,,0,15,,2959,200,,,0,15,,2960,200,,,0,61,,2961,200,,,0,20,,2962,200,,,0
2800,'Semaine-03',527,,2969,200,,,0,20,,2968,200,,,0,55,,2966,450,,,0,15,,2978,200,,,0,15,,2975,200,,,0,15,,2965,490,,,0,10,,2976,200,,,0,50,,2967,450,,,0,11,,2977,200,,,0,10,,2970,200,,,0,10,,2971,200,,,0,16,,2972,200,,,0,55,,2973,200,,,0,20,,2974,200,,,0
3100,'Dimanche-04',729,,4473,390,,,0,218,,4474,390,,,0,278,,4472,390,,,0,123,,4465,390,,,0,160,,4466,390,,,0,118,,4467,390,,,0,118,,4468,390,,,0,159,,4469,390,,,0,127,,4470,390,,,0,221,,4464,390,,,0,254,,4471,390,,,0
3100,'Samedi-04',618,,4476,390,,,0,83,,4487,390,,,0,204,,4488,390,,,0,125,,4485,390,,,0,124,,4475,390,,,0,164,,4486,390,,,0,124,,4477,390,,,0,164,,4478,390,,,0,124,,4479,390,,,0,124,,4480,390,,,0,164,,4481,390,,,0,27,,4482,390,,,0,256,,4483,390,,,0,214,,4484,390,,,0
3100,'Semaine-02',622,,3071,390,,,0,81,,3047,390,,,0,41,,3057,390,,,0,82,,3072,390,,,0,82,,3066,390,,,0,42,,3067,390,,,0,82,,3068,390,,,0,81,,3074,390,,,0,45,,3069,390,,,0,83,,3070,390,,,0,83,,3048,390,,,0,83,,3049,390,,,0,43,,3050,390,,,0,84,,3051,390,,,0,86,,3052,390,,,0,88,,3053,390,,,0,46,,3054,390,,,0,85,,3055,390,,,0,81,,3056,390,,,0,80,,3058,390,,,0,41,,3059,390,,,0,80,,3060,390,,,0,81,,3061,390,,,0,40,,3062,390,,,0,80,,3063,390,,,0,80,,3064,390,,,0,40,,3065,390,,,0
3100,'Semaine-03',628,,3099,390,,,0,80,,3075,390,,,0,40,,3085,390,,,0,80,,3100,390,,,0,80,,3094,390,,,0,40,,3095,390,,,0,80,,3096,390,,,0,80,,3102,390,,,0,43,,3097,390,,,0,83,,3098,390,,,0,83,,3076,390,,,0,83,,3077,390,,,0,42,,3078,390,,,0,82,,3079,390,,,0,85,,3080,390,,,0,45,,3081,390,,,0,86,,3082,390,,,0,85,,3083,390,,,0,84,,3084,390,,,0,42,,3086,390,,,0,82,,3087,390,,,0,79,,3088,390,,,0,40,,3089,390,,,0,79,,3090,390,,,0,80,,3091,390,,,0,40,,3092,390,,,0,80,,3093,390,,,0
3200,'Dimanche-04',623,,4489,400,,,0,214,,4494,400,,,0,263,,4497,400,,,0,152,,4498,400,,,0,159,,4490,400,,,0,122,,4500,400,,,0,120,,4491,400,,,0,159,,4493,400,,,0,118,,4492,400,,,0,214,,4495,400,,,0,256,,4496,400,,,0
3200,'Samedi-04',554,,4501,280,,,0,181,,4507,400,,,0,77,,4502,400,,,0,120,,4510,400,,,0,123,,4511,400,,,0,164,,4512,400,,,0,124,,4503,400,,,0,164,,4514,400,,,0,124,,4504,400,,,0,128,,4505,400,,,0,160,,4506,400,,,0,235,,4508,400,,,0,256,,4509,400,,,0
3200,'Semaine-02',650,,3142,400,,,0,81,,3117,400,,,0,82,,3145,400,,,0,42,,3128,400,,,0,80,,3136,400,,,0,82,,3137,400,,,0,42,,3138,400,,,0,83,,3139,400,,,0,83,,3140,400,,,0,83,,3141,400,,,0,43,,3118,400,,,0,83,,3119,400,,,0,85,,3120,400,,,0,87,,3144,400,,,0,23,,3121,50,,,0,24,,3122,400,,,0,63,,3146,50,,,0,22,,3123,400,,,0,63,,3147,50,,,0,22,,3124,400,,,0,81,,3125,400,,,0,41,,3126,400,,,0,81,,3127,400,,,0,81,,3129,400,,,0,41,,3130,400,,,0,81,,3131,400,,,0,80,,3132,400,,,0,40,,3133,400,,,0,80,,3134,400,,,0,80,,3135,400,,,0
3200,'Semaine-03',651,,3173,400,,,0,80,,3148,400,,,0,80,,3176,400,,,0,40,,3159,400,,,0,80,,3167,400,,,0,78,,3168,400,,,0,41,,3169,400,,,0,81,,3170,400,,,0,83,,3171,400,,,0,43,,3172,400,,,0,83,,3149,400,,,0,82,,3150,400,,,0,83,,3151,400,,,0,46,,3175,400,,,0,59,,3152,50,,,0,26,,3153,400,,,0,20,,3177,50,,,0,64,,3154,400,,,0,20,,3178,50,,,0,65,,3155,400,,,0,44,,3156,400,,,0,82,,3157,400,,,0,83,,3158,400,,,0,40,,3160,400,,,0,80,,3161,400,,,0,80,,3162,400,,,0,40,,3163,400,,,0,80,,3164,400,,,0,80,,3165,400,,,0,40,,3166,400,,,0
9800,'Semaine-02',645,,3278,190,0,21 10,0,104,,3266,290,,,0,107,,3270,290,,,0,150,,3271,290,,,0,497,,3272,290,,,0,108,,3273,290,,,0,108,,3274,290,,,0,109,,3275,290,,,0,106,,3276,290,,,0,98,,3277,290,,,0,99,,3267,290,,,0,95,,3268,290,,,0,95,,3269,290,4,,0
9800,'Semaine-03',650,,3291,190,0,21 10,0,102,,3279,290,,,0,104,,3283,290,,,0,145,,3284,290,,,0,508,,3285,290,,,0,105,,3286,290,,,0,105,,3287,290,,,0,104,,3288,290,,,0,103,,3289,290,,,0,97,,3290,290,,,0,98,,3280,290,,,0,90,,3281,290,,,0,90,,3282,290,4,,0
11100,'Dimanche-04',831,,4574,420,0,5 10,0,188,,4573,420,0,5 10,0,290,,4575,420,0,5 10,0,249,,4576,420,0,5 10,0,345,,4577,420,0,5 10,0
11100,'Samedi-04',831,,4582,420,0,5 10,0,188,,4581,420,0,5 10,0,290,,4583,420,0,5 10,0,249,,4584,420,0,5 10,0,345,,4585,420,0,5 10,0
11100,'Semaine-02',543,,3304,420,0,5 14,0,70,,3302,420,0,5 14,0,33,,3305,420,0,5 14,0,70,,3303,420,0,5 14,0,30,,3309,420,0,5 14,0,70,,3310,420,0,5 14,0,30,,3301,420,0,5 10,0,106,,3311,420,0,5 10,0,97,,3315,420,0,5 10,0,273,,3300,420,0,5 10,0,400,,3306,420,0,5 14,0,23,,3308,420,0,5 14,0,71,,3307,420,0,5 14,0,331,,3314,350,0,5 10,0
11100,'Semaine-03',544,,3324,420,0,5 15,0,14,,3318,420,0,5 10,0,61,,3322,420,0,5 15,0,27,,3325,420,0,5 15,0,5,,3319,420,0,5 10,0,55,,3323,420,0,5 15,0,31,,3331,420,0,5 15,0,20,,3326,420,0,5 15,0,44,,3320,420,0,5 10,0,16,,3333,420,0,5 15,0,39,,3321,420,0,5 10,0,157,,3334,420,0,5 10,0,36,,3316,420,0,5 10,0,265,,3317,420,0,5 10,0,340,,3328,420,0,5 10,0,46,,3327,350,0,5 15,0,53,,3330,420,0,5 10,0,59,,3329,350,0,5 15,0,335,,3332,350,0,5 10,0
