100,'Dimanche-04',608,,4395,220,,,0,200,,4384,220,,,0,125,,4385,220,,,0,170,,4386,220,,,0,125,,4387,220,,,0,124,,4388,220,,,0,160,,4389,220,,,0,120,,4390,220,,,0,124,,4391,220,,,0,175,,4392,220,,,0,115,,4393,220,,,0,155,,4394,220,,,0
100,'Samedi-04',608,,4407,220,,,0,200,,4396,220,,,0,125,,4397,220,,,0,170,,4398,220,,,0,125,,4399,220,,,0,124,,4400,220,,,0,160,,4401,220,,,0,120,,4402,220,,,0,124,,4403,220,,,0,175,,4404,220,,,0,115,,4405,220,,,0,155,,4406,220,,,0
100,'Semaine-02',450,,2638,220,,,0,100,,2639,220,,,0,70,,2640,220,,,0,81,,2641,220,,,0,129,,2642,220,,,0,99,,2645,220,,,0,30,,2654,220,,,0,100,,2646,220,,,0,146,,2655,220,,,0,95,,2647,220,,,0,100,,2648,220,,,0,100,,2652,220,,,0,110,,2649,220,,,0,49,,2650,220,,,0,154,,2643,220,,,0,90,,2644,220,,,0,103,,2653,220,,,0,197,,2651,220,,,0
100,'Semaine-03',452,,2656,220,,,0,103,,2657,220,,,0,65,,2658,220,,,0,81,,2659,220,,,0,119,,2660,220,,,0,105,,2663,220,,,0,94,,2672,220,,,0,101,,2664,220,,,0,100,,2673,220,,,0,38,,2665,220,,,0,142,,2666,220,,,0,100,,2670,220,,,0,110,,2667,220,,,0,35,,2668,220,,,0,108,,2661,220,,,0,95,,2662,220,,,0,173,,2671,220,,,0,185,,2669,220,,,0
2000,'Dimanche-04',706,,4432,260,,,0,12,,4432,500,,,0,112,,4433,260,,,0,12,,4433,500,,,0,114,,4434,260,,,0,52,,4434,500,,,0,113,,4435,260,,,0,12,,4435,500,,,0,113,,4436,260,,,0,12,,4436,500,,,0,152,,4437,260,,,0,12,,4437,500,,,0,113,,4438,260,,,0,12,,4438,500,,,0,153,,4439,260,,,0,12,,4439,500,,,0
2000,'Samedi-04',706,,4440,260,,,0,12,,4440,500,,,0,112,,4441,260,,,0,12,,4441,500,,,0,114,,4442,260,,,0,52,,4442,500,,,0,113,,4443,260,,,0,12,,4443,500,,,0,113,,4444,260,,,0,12,,4444,500,,,0,152,,4445,260,,,0,12,,4445,500,,,0,113,,4446,260,,,0,12,,4446,500,,,0,153,,4447,260,,,0,12,,4447,500,,,0
2000,'Semaine-02',649,,2730,260,,,0,52,,2730,500,,,0,113,,2731,260,,,0,12,,2731,500,,,0,113,,2732,260,,,0,12,,2732,500,,,0,154,,2733,260,,,0,12,,2733,500,,,0,114,,2734,260,,,0,12,,2734,500,,,0,113,,2735,260,,,0,52,,2735,500,,,0,114,,2736,260,,,0,12,,2736,500,,,0,114,,2737,260,,,0,52,,2737,500,,,0,114,,2738,260,,,0,12,,2738,500,,,0
2000,'Semaine-02-0001100',1939,,2740,260,,,0,12,,2740,500,,,0,152,,2739,260,,,0,12,,2739,500,,,0
2000,'Semaine-03',649,,2741,260,,,0,52,,2741,500,,,0,113,,2742,260,,,0,12,,2742,500,,,0,113,,2743,260,,,0,12,,2743,500,,,0,154,,2744,260,,,0,12,,2744,500,,,0,114,,2745,260,,,0,12,,2745,500,,,0,113,,2746,260,,,0,52,,2746,500,,,0,114,,2747,260,,,0,12,,2747,500,,,0,114,,2748,260,,,0,52,,2748,500,,,0,114,,2749,260,,,0,12,,2749,500,,,0
2000,'Semaine-03-0001100',1939,,2751,260,,,0,12,,2751,500,,,0,152,,2750,260,,,0,12,,2750,500,,,0
2800,'Semaine-02',528,,2954,60,,,0,85,,2953,100,,,0,15,,2955,60,,,0
2800,'Semaine-03',528,,2966,60,,,0,85,,2965,100,,,0,20,,2967,60,,,0
