101,'Dimanche-04',800,,4408,560,,,0,206,,4409,560,,,0,131,,4410,560,,,0,173,,4411,560,,,0,127,,4412,560,,,0,120,,4413,560,,,0,160,,4414,560,,,0,120,,4415,560,,,0,117,,4416,560,,,0,174,,4417,560,,,0,114,,4418,560,,,0,113,,4419,560,,,0
101,'Samedi-04',800,,4420,560,,,0,206,,4421,560,,,0,131,,4422,560,,,0,173,,4423,560,,,0,127,,4424,560,,,0,120,,4425,560,,,0,160,,4426,560,,,0,120,,4427,560,,,0,117,,4428,560,,,0,174,,4429,560,,,0,114,,4430,560,,,0,113,,4431,560,,,0
101,'Semaine-02',654,,2686,560,,,0,101,,2695,560,,,0,70,,2697,560,,,0,100,,2698,560,,,0,106,,2699,560,,,0,95,,2700,560,,,0,100,,2702,560,,,0,99,,2701,560,,,0,111,,2703,560,,,0,86,,2687,560,,,0,110,,2688,560,,,0,91,,2689,560,,,0,105,,2690,560,,,0,29,,2691,560,,,0,69,,2692,560,,,0,108,,2693,560,,,0,182,,2694,560,,,0,190,,2696,560,,,0
101,'Semaine-03',659,,2704,560,,,0,141,,2713,560,,,0,30,,2715,560,,,0,90,,2716,560,,,0,111,,2717,560,,,0,105,,2718,560,,,0,95,,2720,560,,,0,104,,2719,560,,,0,106,,2721,560,,,0,81,,2705,560,,,0,105,,2706,560,,,0,96,,2707,560,,,0,105,,2708,560,,,0,74,,2709,560,,,0,103,,2710,560,,,0,43,,2711,560,,,0,173,,2712,560,,,0,135,,2714,560,,,0
2001,'Dimanche-04',732,,4448,60,,,0,124,,4449,60,,,0,166,,4450,60,,,0,125,,4451,60,,,0,165,,4452,60,,,0,125,,4453,60,,,0,165,,4454,60,,,0,125,,4455,60,,,0
2001,'Samedi-04',732,,4456,60,,,0,124,,4457,60,,,0,166,,4458,60,,,0,125,,4459,60,,,0,165,,4460,60,,,0,125,,4461,60,,,0,165,,4462,60,,,0,125,,4463,60,,,0
2001,'Semaine-02',717,,2760,60,,,0,125,,2761,60,,,0,165,,2762,60,,,0,126,,2763,60,,,0,126,,2764,60,,,0,165,,2765,60,,,0,126,,2766,60,,,0,166,,2767,60,,,0,126,,2768,60,,,0
2001,'Semaine-02-0001100',2005,,2770,60,,,0,124,,2769,60,,,0
2001,'Semaine-03',717,,2771,60,,,0,125,,2772,60,,,0,165,,2773,60,,,0,126,,2774,60,,,0,126,,2775,60,,,0,165,,2776,60,,,0,126,,2777,60,,,0,166,,2778,60,,,0,126,,2779,60,,,0
2001,'Semaine-03-0001100',2005,,2781,60,,,0,124,,2780,60,,,0
2801,'Semaine-02',1656,,2980,450,0,7,0,99,,2979,450,,,0,67,,2981,450,0,7,0
2801,'Semaine-03',1711,,2994,450,0,7,0,39,,2993,450,,,0,68,,2995,450,0,7,0
