101,'Dimanche-01',803,,5325,630,,,0,206,,5326,630,,,0,131,,5327,630,,,0,173,,5328,630,,,0,127,,5329,630,,,0,160,,5330,630,,,0,120,,5331,630,,,0,120,,5332,630,,,0,117,,5333,630,,,0,174,,5334,630,,,0,114,,5335,630,,,0,113,,5336,630,,,0
101,'Fête-1-01',803,,5337,630,,,0,206,,5338,630,,,0,131,,5339,630,,,0,173,,5340,630,,,0,127,,5341,630,,,0,160,,5342,630,,,0,120,,5343,630,,,0,120,,5344,630,,,0,117,,5345,630,,,0,174,,5346,630,,,0,114,,5347,630,,,0,113,,5348,630,,,0
101,'Fête-2-01',703,,5349,630,,,0,101,,5358,630,,,0,30,,5360,630,,,0,90,,5361,630,,,0,110,,5362,630,,,0,105,,5363,630,,,0,95,,5365,630,,,0,105,,5364,630,,,0,106,,5366,630,,,0,81,,5350,630,,,0,105,,5351,630,,,0,96,,5352,630,,,0,105,,5353,630,,,0,74,,5354,630,,,0,103,,5355,630,,,0,43,,5356,630,,,0,173,,5357,630,,,0,134,,5359,630,,,0
101,'Samedi-01',803,,5367,630,,,0,206,,5368,630,,,0,131,,5369,630,,,0,173,,5370,630,,,0,127,,5371,630,,,0,160,,5372,630,,,0,120,,5373,630,,,0,120,,5374,630,,,0,117,,5375,630,,,0,174,,5376,630,,,0,114,,5377,630,,,0,113,,5378,630,,,0
101,'Semaine-01',658,,5397,500,,,0,45,,5379,630,,,0,101,,5388,630,,,0,30,,5390,630,,,0,90,,5391,630,,,0,110,,5392,630,,,0,105,,5393,630,,,0,95,,5395,630,,,0,105,,5394,630,,,0,106,,5396,630,,,0,81,,5380,630,,,0,105,,5381,630,,,0,96,,5382,630,,,0,105,,5383,630,,,0,74,,5384,630,,,0,103,,5385,630,,,0,43,,5386,630,,,0,173,,5387,630,,,0,134,,5389,630,,,0
2001,'Dimanche-01',746,,5442,370,,,0,164,,5443,370,,,0,126,,5444,370,,,0,165,,5445,370,,,0,125,,5446,370,,,0,126,,5447,370,,,0,165,,5448,370,,,0,125,,5449,370,,,0
2001,'Fête-1-01',746,,5450,370,,,0,164,,5451,370,,,0,126,,5452,370,,,0,165,,5453,370,,,0,125,,5454,370,,,0,126,,5455,370,,,0,165,,5456,370,,,0,125,,5457,370,,,0
2001,'Fête-2-01',732,,5458,370,,,0,126,,5459,370,,,0,164,,5460,370,,,0,126,,5461,370,,,0,166,,5462,370,,,0,125,,5463,370,,,0,166,,5464,370,,,0,126,,5465,370,,,0,125,,5466,370,,,0
2001,'Samedi-01',746,,5467,370,,,0,164,,5468,370,,,0,126,,5469,370,,,0,165,,5470,370,,,0,125,,5471,370,,,0,126,,5472,370,,,0,165,,5473,370,,,0,125,,5474,370,,,0
2001,'Semaine-01',732,,5475,370,,,0,126,,5476,370,,,0,164,,5477,370,,,0,126,,5478,370,,,0,166,,5479,370,,,0,125,,5480,370,,,0,166,,5481,370,,,0,126,,5482,370,,,0,125,,5483,370,,,0
2001,'Semaine-01-0001100',2019,,5485,370,,,0,124,,5484,370,,,0
