101,'Dimanche-04',735,,4408,180,,,0,205,,4409,180,,,0,170,,4410,180,,,0,133,,4411,180,,,0,167,,4412,180,,,0,120,,4413,180,,,0,120,,4414,180,,,0,160,,4415,180,,,0,118,,4416,180,,,0,174,,4417,180,,,0,114,,4418,180,,,0,114,,4419,180,,,0
101,'Samedi-04',735,,4420,180,,,0,205,,4421,180,,,0,170,,4422,180,,,0,133,,4423,180,,,0,167,,4424,180,,,0,120,,4425,180,,,0,120,,4426,180,,,0,160,,4427,180,,,0,118,,4428,180,,,0,174,,4429,180,,,0,114,,4430,180,,,0,114,,4431,180,,,0
101,'Semaine-02',629,,2686,180,,,0,100,,2695,180,,,0,30,,2697,180,,,0,100,,2698,180,,,0,146,,2699,180,,,0,95,,2700,180,,,0,100,,2702,180,,,0,57,,2701,180,,,0,151,,2703,180,,,0,46,,2687,180,,,0,147,,2688,180,,,0,51,,2689,180,,,0,149,,2690,180,,,0,29,,2691,180,,,0,29,,2692,180,,,0,148,,2693,180,,,0,144,,2694,180,,,0,190,,2696,180,,,0
101,'Semaine-03',634,,2704,180,,,0,100,,2713,180,,,0,70,,2715,180,,,0,50,,2716,180,,,0,151,,2717,180,,,0,105,,2718,180,,,0,95,,2720,180,,,0,102,,2719,180,,,0,106,,2721,180,,,0,41,,2705,180,,,0,102,,2706,180,,,0,96,,2707,180,,,0,149,,2708,180,,,0,34,,2709,180,,,0,103,,2710,180,,,0,84,,2711,180,,,0,134,,2712,180,,,0,175,,2714,180,,,0
2100,'Semaine-02',521,,2782,30,,,0,30,,2783,30,,,0,70,,2784,30,,,0,35,,2785,30,,,0,70,,2786,30,,,0,75,,2787,30,,,0
2100,'Semaine-03',526,,2788,30,,,0,30,,2789,30,,,0,70,,2790,30,,,0,75,,2791,30,,,0,30,,2792,30,,,0,75,,2793,30,,,0
2101,'Semaine-02',1626,,2794,180,,,0,25,,2795,180,,,0,64,,2796,180,,,0,24,,2797,180,,,0,65,,2798,180,,,0,28,,2799,180,,,0
2101,'Semaine-03',1623,,2803,180,,,0,23,,2804,180,,,0,66,,2805,180,,,0,24,,2806,180,,,0,65,,2807,180,,,0,28,,2808,180,,,0
2801,'Semaine-02',1358,,2982,120,0,6,0,188,,2986,120,0,6,0,57,,2989,120,0,6,0,15,,2992,120,0,6,0,17,,2980,120,0,7,0,15,,2990,120,0,6,0,55,,2991,120,0,6,0,14,,2983,120,0,6,0,15,,2979,120,,,0,13,,2984,120,0,6,0,54,,2981,120,0,7,0,15,,2985,120,0,6,0,11,,2987,120,0,6,0,20,,2988,120,0,6,0
2801,'Semaine-03',1358,,2996,120,0,6,0,188,,3002,120,0,6,0,57,,3005,120,0,6,0,15,,3008,120,0,6,0,17,,3006,120,0,6,0,15,,2994,120,0,7,0,50,,3007,120,0,6,0,10,,2997,120,0,6,0,9,,2998,120,0,6,0,10,,2993,120,,,0,10,,2999,120,0,6,0,8,,3000,120,0,6,0,10,,2995,120,0,7,0,54,,3001,120,0,6,0,11,,3003,120,0,6,0,25,,3004,120,0,6,0
3300,'Dimanche-04',541,,4517,50,,,0,82,,4515,50,,,0,90,,4526,50,,,0,41,,4536,50,,,0,83,,4538,50,,,0,93,,4539,50,,,0,80,,4540,50,,,0,40,,4541,50,,,0,80,,4542,50,,,0,80,,4518,50,,,0,40,,4519,50,,,0,79,,4520,50,,,0,80,,4521,50,,,0,40,,4522,50,,,0,79,,4523,50,,,0,79,,4524,50,,,0,39,,4525,50,,,0,79,,4527,50,,,0,79,,4528,50,,,0,40,,4529,50,,,0,87,,4530,50,,,0,85,,4531,50,,,0,86,,4532,50,,,0,47,,4533,50,,,0,86,,4534,50,,,0,83,,4535,50,,,0,88,,4516,50,,,0,43,,4537,50,,,0,159,,4543,50,0,8 6,0
3300,'Samedi-04',601,,4546,50,,,0,41,,4544,50,,,0,81,,4555,50,,,0,82,,4565,50,,,0,42,,4567,50,,,0,84,,4568,50,,,0,81,,4569,50,,,0,42,,4570,50,,,0,82,,4571,50,,,0,82,,4547,50,,,0,82,,4548,50,,,0,42,,4549,50,,,0,82,,4550,50,,,0,82,,4551,50,,,0,42,,4552,50,,,0,82,,4553,50,,,0,82,,4554,50,,,0,45,,4556,50,,,0,79,,4557,50,,,0,82,,4558,50,,,0,82,,4559,50,,,0,39,,4560,50,,,0,82,,4561,50,,,0,81,,4562,50,,,0,42,,4563,50,,,0,83,,4564,50,,,0,86,,4566,50,,,0,46,,4545,50,,,0,153,,4572,50,0,8 6,0
3300,'Semaine-02',603,,3208,50,,,0,41,,3236,50,,,0,81,,3217,50,,,0,82,,3227,50,,,0,42,,3230,50,,,0,82,,3231,50,,,0,82,,3232,50,,,0,42,,3233,50,,,0,83,,3234,50,,,0,83,,3209,50,,,0,83,,3210,50,,,0,43,,3211,50,,,0,83,,3212,50,,,0,84,,3213,50,,,0,86,,3214,50,,,0,47,,3215,50,,,0,86,,3216,50,,,0,85,,3218,50,,,0,82,,3219,50,,,0,41,,3220,50,,,0,81,,3221,50,,,0,81,,3222,50,,,0,41,,3223,50,,,0,81,,3224,50,,,0,80,,3225,50,,,0,40,,3226,50,,,0,80,,3228,50,,,0,80,,3229,50,,,0
3300,'Semaine-03',608,,3237,50,,,0,40,,3265,50,,,0,80,,3246,50,,,0,80,,3256,50,,,0,40,,3259,50,,,0,80,,3260,50,,,0,80,,3261,50,,,0,41,,3262,50,,,0,81,,3263,50,,,0,83,,3238,50,,,0,43,,3239,50,,,0,83,,3240,50,,,0,82,,3241,50,,,0,82,,3242,50,,,0,45,,3243,50,,,0,85,,3244,50,,,0,85,,3245,50,,,0,85,,3247,50,,,0,45,,3248,50,,,0,83,,3249,50,,,0,82,,3250,50,,,0,40,,3251,50,,,0,80,,3252,50,,,0,80,,3253,50,,,0,40,,3254,50,,,0,80,,3255,50,,,0,80,,3257,50,,,0,40,,3258,50,,,0
