101,'Dimanche-01',740,,5325,280,,,0,206,,5326,280,,,0,171,,5327,280,,,0,133,,5328,280,,,0,167,,5329,280,,,0,120,,5330,280,,,0,120,,5331,280,,,0,160,,5332,280,,,0,117,,5333,280,,,0,174,,5334,280,,,0,114,,5335,280,,,0,113,,5336,280,,,0
101,'Fête-1-01',740,,5337,280,,,0,206,,5338,280,,,0,171,,5339,280,,,0,133,,5340,280,,,0,167,,5341,280,,,0,120,,5342,280,,,0,120,,5343,280,,,0,160,,5344,280,,,0,117,,5345,280,,,0,174,,5346,280,,,0,114,,5347,280,,,0,113,,5348,280,,,0
101,'Fête-2-01',639,,5349,280,,,0,101,,5358,280,,,0,70,,5360,280,,,0,90,,5361,280,,,0,111,,5362,280,,,0,105,,5363,280,,,0,95,,5365,280,,,0,103,,5364,280,,,0,106,,5366,280,,,0,81,,5350,280,,,0,103,,5351,280,,,0,96,,5352,280,,,0,107,,5353,280,,,0,34,,5354,280,,,0,103,,5355,280,,,0,84,,5356,280,,,0,173,,5357,280,,,0,135,,5359,280,,,0
101,'Samedi-01',740,,5367,280,,,0,206,,5368,280,,,0,171,,5369,280,,,0,133,,5370,280,,,0,167,,5371,280,,,0,120,,5372,280,,,0,120,,5373,280,,,0,160,,5374,280,,,0,117,,5375,280,,,0,174,,5376,280,,,0,114,,5377,280,,,0,113,,5378,280,,,0
101,'Semaine-01',634,,5397,150,,,0,5,,5379,280,,,0,101,,5388,280,,,0,70,,5390,280,,,0,90,,5391,280,,,0,111,,5392,280,,,0,105,,5393,280,,,0,95,,5395,280,,,0,103,,5394,280,,,0,106,,5396,280,,,0,81,,5380,280,,,0,103,,5381,280,,,0,96,,5382,280,,,0,107,,5383,280,,,0,34,,5384,280,,,0,103,,5385,280,,,0,84,,5386,280,,,0,173,,5387,280,,,0,135,,5389,280,,,0
2301,'Fête-2-01',1601,,5555,290,,,0,25,,5556,290,,,0,30,,5557,290,,,0,70,,5558,290,,,0,28,,5559,290,,,0,69,,5560,290,,,0,29,,5561,290,,,0
2301,'Semaine-01',1601,,5562,290,,,0,25,,5563,290,,,0,30,,5564,290,,,0,70,,5565,290,,,0,28,,5566,290,,,0,69,,5567,290,,,0,29,,5568,290,,,0
2801,'Fête-2-01',1405,,5685,220,0,22,0,150,,5688,220,0,22,0,71,,5692,220,0,22,0,27,,5683,220,0,23,0,55,,5691,220,0,22,0,19,,5686,220,0,22,0,10,,5682,220,,,0,10,,5687,220,0,22,0,58,,5684,220,0,23,0,19,,5689,220,0,22,0,15,,5693,220,0,22,0,15,,5690,220,0,22,0
2801,'Semaine-01',1405,,5697,220,0,22,0,150,,5703,220,0,22,0,56,,5706,220,0,22,0,15,,5710,220,0,22,0,12,,5707,220,0,22,0,15,,5695,220,0,23,0,5,,5708,220,0,22,0,50,,5709,220,0,22,0,10,,5698,220,0,22,0,9,,5699,220,0,22,0,10,,5694,220,,,0,10,,5700,220,0,22,0,8,,5701,220,0,22,0,50,,5696,220,0,23,0,14,,5702,220,0,22,0,10,,5704,220,0,22,0,25,,5705,220,0,22,0
3300,'Dimanche-01',547,,5934,160,,,0,82,,5932,160,,,0,90,,5943,160,,,0,81,,5953,160,,,0,43,,5955,160,,,0,93,,5956,160,,,0,80,,5957,160,,,0,40,,5958,160,,,0,80,,5959,160,,,0,80,,5935,160,,,0,40,,5936,160,,,0,79,,5937,160,,,0,80,,5938,160,,,0,40,,5939,160,,,0,79,,5940,160,,,0,79,,5941,160,,,0,39,,5942,160,,,0,79,,5944,160,,,0,79,,5945,160,,,0,40,,5946,160,,,0,87,,5947,160,,,0,85,,5948,160,,,0,86,,5949,160,,,0,47,,5950,160,,,0,86,,5951,160,,,0,83,,5952,160,,,0,88,,5933,160,,,0,43,,5954,160,,,0,159,,5960,160,0,8 6,0
3300,'Fête-1-01',607,,5963,160,,,0,41,,5961,160,,,0,81,,5972,160,,,0,82,,5982,160,,,0,42,,5984,160,,,0,84,,5985,160,,,0,81,,5986,160,,,0,82,,5987,160,,,0,42,,5988,160,,,0,82,,5964,160,,,0,82,,5965,160,,,0,42,,5966,160,,,0,82,,5967,160,,,0,82,,5968,160,,,0,42,,5969,160,,,0,82,,5970,160,,,0,82,,5971,160,,,0,85,,5973,160,,,0,39,,5974,160,,,0,82,,5975,160,,,0,82,,5976,160,,,0,39,,5977,160,,,0,82,,5978,160,,,0,81,,5979,160,,,0,42,,5980,160,,,0,83,,5981,160,,,0,86,,5983,160,,,0,86,,5962,160,,,0,113,,5989,160,0,8 6,0
3300,'Fête-2-01',613,,5990,160,,,0,40,,6018,160,,,0,81,,5999,160,,,0,80,,6009,160,,,0,40,,6012,160,,,0,80,,6013,160,,,0,80,,6014,160,,,0,42,,6015,160,,,0,81,,6016,160,,,0,83,,5991,160,,,0,83,,5992,160,,,0,43,,5993,160,,,0,82,,5994,160,,,0,82,,5995,160,,,0,46,,5996,160,,,0,85,,5997,160,,,0,85,,5998,160,,,0,84,,6000,160,,,0,44,,6001,160,,,0,83,,6002,160,,,0,82,,6003,160,,,0,40,,6004,160,,,0,80,,6005,160,,,0,79,,6006,160,,,0,40,,6007,160,,,0,80,,6008,160,,,0,80,,6010,160,,,0,40,,6011,160,,,0,96,,6017,110,0,8 6,0
3300,'Samedi-01',607,,6021,160,,,0,41,,6019,160,,,0,81,,6030,160,,,0,82,,6040,160,,,0,42,,6042,160,,,0,84,,6043,160,,,0,81,,6044,160,,,0,82,,6045,160,,,0,42,,6046,160,,,0,82,,6022,160,,,0,82,,6023,160,,,0,42,,6024,160,,,0,82,,6025,160,,,0,82,,6026,160,,,0,42,,6027,160,,,0,82,,6028,160,,,0,82,,6029,160,,,0,85,,6031,160,,,0,39,,6032,160,,,0,82,,6033,160,,,0,82,,6034,160,,,0,39,,6035,160,,,0,82,,6036,160,,,0,81,,6037,160,,,0,42,,6038,160,,,0,83,,6039,160,,,0,86,,6041,160,,,0,86,,6020,160,,,0,113,,6047,160,0,8 6,0
3300,'Semaine-01',613,,6048,160,,,0,40,,6076,160,,,0,81,,6057,160,,,0,80,,6067,160,,,0,40,,6070,160,,,0,80,,6071,160,,,0,80,,6072,160,,,0,42,,6073,160,,,0,81,,6074,160,,,0,83,,6049,160,,,0,83,,6050,160,,,0,43,,6051,160,,,0,82,,6052,160,,,0,82,,6053,160,,,0,46,,6054,160,,,0,85,,6055,160,,,0,85,,6056,160,,,0,84,,6058,160,,,0,44,,6059,160,,,0,83,,6060,160,,,0,82,,6061,160,,,0,40,,6062,160,,,0,80,,6063,160,,,0,79,,6064,160,,,0,40,,6065,160,,,0,80,,6066,160,,,0,80,,6068,160,,,0,40,,6069,160,,,0,96,,6075,110,0,8 6,0
9001,'Semaine-01',1847,,6080,190,,,0
