101,'Dimanche-02',757,,7950,500,,,0,246,,7951,500,,,0,131,,7952,500,,,0,173,,7953,500,,,0,127,,7954,500,,,0,120,,7955,500,,,0,160,,7956,500,,,0,120,,7957,500,,,0,117,,7958,500,,,0,174,,7959,500,,,0,114,,7960,500,,,0,113,,7961,500,,,0
101,'Fête-1-02',757,,7962,500,,,0,246,,7963,500,,,0,131,,7964,500,,,0,173,,7965,500,,,0,127,,7966,500,,,0,120,,7967,500,,,0,160,,7968,500,,,0,120,,7969,500,,,0,117,,7970,500,,,0,174,,7971,500,,,0,114,,7972,500,,,0,113,,7973,500,,,0
101,'Fête-2-02',657,,7974,500,,,0,101,,7983,500,,,0,70,,7985,500,,,0,90,,7986,500,,,0,110,,7987,500,,,0,105,,7988,500,,,0,95,,7990,500,,,0,105,,7989,500,,,0,106,,7991,500,,,0,81,,7975,500,,,0,105,,7976,500,,,0,96,,7977,500,,,0,105,,7978,500,,,0,74,,7979,500,,,0,103,,7980,500,,,0,43,,7981,500,,,0,173,,7982,500,,,0,134,,7984,500,,,0
101,'Samedi-02',757,,7992,500,,,0,246,,7993,500,,,0,131,,7994,500,,,0,173,,7995,500,,,0,127,,7996,500,,,0,120,,7997,500,,,0,160,,7998,500,,,0,120,,7999,500,,,0,117,,8000,500,,,0,174,,8001,500,,,0,114,,8002,500,,,0,113,,8003,500,,,0
101,'Semaine-02',652,,8022,370,,,0,5,,8004,500,,,0,101,,8013,500,,,0,70,,8015,500,,,0,90,,8016,500,,,0,110,,8017,500,,,0,105,,8018,500,,,0,95,,8020,500,,,0,105,,8019,500,,,0,106,,8021,500,,,0,81,,8005,500,,,0,105,,8006,500,,,0,96,,8007,500,,,0,105,,8008,500,,,0,74,,8009,500,,,0,103,,8010,500,,,0,43,,8011,500,,,0,173,,8012,500,,,0,134,,8014,500,,,0
2000,'Dimanche-02',726,,8023,680,,,0,124,,8024,680,,,0,166,,8025,680,,,0,125,,8026,680,,,0,165,,8027,680,,,0,125,,8028,680,,,0,125,,8029,680,,,0,165,,8030,680,,,0
2000,'Fête-1-02',726,,8031,680,,,0,124,,8032,680,,,0,166,,8033,680,,,0,125,,8034,680,,,0,165,,8035,680,,,0,125,,8036,680,,,0,125,,8037,680,,,0,165,,8038,680,,,0
2000,'Fête-2-02',711,,8039,680,,,0,125,,8040,680,,,0,165,,8041,680,,,0,126,,8042,680,,,0,126,,8043,680,,,0,165,,8044,680,,,0,126,,8045,680,,,0,166,,8046,680,,,0,126,,8047,680,,,0
2000,'Samedi-02',726,,8048,680,,,0,124,,8049,680,,,0,166,,8050,680,,,0,125,,8051,680,,,0,165,,8052,680,,,0,125,,8053,680,,,0,125,,8054,680,,,0,165,,8055,680,,,0
2000,'Semaine-02',711,,8056,680,,,0,125,,8057,680,,,0,165,,8058,680,,,0,126,,8059,680,,,0,126,,8060,680,,,0,165,,8061,680,,,0,126,,8062,680,,,0,166,,8063,680,,,0,126,,8064,680,,,0
2000,'Semaine-02-0001100',1959,,8066,680,,,0,164,,8065,680,,,0
2801,'Fête-2-02',1704,,8308,390,0,23,0,44,,8307,390,,,0,68,,8309,390,0,23,0
2801,'Semaine-02',1704,,8320,390,0,23,0,44,,8319,390,,,0,68,,8321,390,0,23,0
