100,'Dimanche-04',558,,4395,50,,,0,200,,4384,50,,,0,165,,4385,50,,,0,130,,4386,50,,,0,165,,4387,50,,,0,124,,4388,50,,,0,160,,4389,50,,,0,120,,4390,50,,,0,124,,4391,50,,,0,175,,4392,50,,,0,115,,4393,50,,,0,115,,4394,50,,,0
100,'Samedi-04',558,,4407,50,,,0,200,,4396,50,,,0,165,,4397,50,,,0,130,,4398,50,,,0,165,,4399,50,,,0,124,,4400,50,,,0,160,,4401,50,,,0,120,,4402,50,,,0,124,,4403,50,,,0,175,,4404,50,,,0,115,,4405,50,,,0,115,,4406,50,,,0
100,'Semaine-02',438,,2638,50,,,0,100,,2639,50,,,0,70,,2640,50,,,0,41,,2641,50,,,0,170,,2642,50,,,0,100,,2645,50,,,0,30,,2654,50,,,0,100,,2646,50,,,0,105,,2655,50,,,0,95,,2647,50,,,0,100,,2648,50,,,0,100,,2652,50,,,0,110,,2649,50,,,0,90,,2650,50,,,0,154,,2643,50,,,0,50,,2644,50,,,0,104,,2653,50,,,0,197,,2651,50,,,0
100,'Semaine-03',440,,2656,50,,,0,103,,2657,50,,,0,65,,2658,50,,,0,41,,2659,50,,,0,160,,2660,50,,,0,106,,2663,50,,,0,94,,2672,50,,,0,101,,2664,50,,,0,99,,2673,50,,,0,38,,2665,50,,,0,102,,2666,50,,,0,100,,2670,50,,,0,110,,2667,50,,,0,75,,2668,50,,,0,109,,2661,50,,,0,95,,2662,50,,,0,174,,2671,50,,,0,145,,2669,50,,,0
2000,'Dimanche-04',648,,4432,10,,,0,164,,4433,10,,,0,125,,4434,10,,,0,165,,4435,10,,,0,125,,4436,10,,,0,125,,4437,10,,,0,165,,4438,10,,,0,125,,4439,10,,,0
2000,'Samedi-04',648,,4440,10,,,0,164,,4441,10,,,0,125,,4442,10,,,0,165,,4443,10,,,0,125,,4444,10,,,0,125,,4445,10,,,0,165,,4446,10,,,0,125,,4447,10,,,0
2000,'Semaine-02',630,,2730,10,,,0,125,,2731,10,,,0,165,,2732,10,,,0,126,,2733,10,,,0,166,,2734,10,,,0,125,,2735,10,,,0,166,,2736,10,,,0,126,,2737,10,,,0,126,,2738,10,,,0
2000,'Semaine-02-0001100',1921,,2740,10,,,0,124,,2739,10,,,0
2000,'Semaine-03',630,,2741,10,,,0,125,,2742,10,,,0,165,,2743,10,,,0,126,,2744,10,,,0,166,,2745,10,,,0,125,,2746,10,,,0,166,,2747,10,,,0,126,,2748,10,,,0,126,,2749,10,,,0
2000,'Semaine-03-0001100',1921,,2751,10,,,0,124,,2750,10,,,0
2800,'Semaine-02',603,,2953,10,,,0
2800,'Semaine-03',603,,2965,10,,,0
