2000001900,'Dimanche-02',539,,9051,20,0,19,0,170,,9052,20,0,19,0,130,,9053,20,0,19,0,170,,9054,20,0,19,0,130,,9055,20,0,19,0,170,,9056,20,0,19,0,130,,9057,20,0,19,0,170,,9058,20,0,19,0,130,,9059,20,0,19,0,170,,9060,20,0,19,0,130,,9061,20,0,19,0,170,,9062,20,0,19,0
2000001900,'Fête-1-02',539,,9063,20,0,19,0,170,,9064,20,0,19,0,130,,9065,20,0,19,0,170,,9066,20,0,19,0,130,,9067,20,0,19,0,170,,9068,20,0,19,0,130,,9069,20,0,19,0,170,,9070,20,0,19,0,130,,9071,20,0,19,0,170,,9072,20,0,19,0,130,,9073,20,0,19,0,170,,9074,20,0,19,0
2000001900,'Fête-2-02',444,,9075,20,0,19,0,100,,9076,20,0,19,0,70,,9077,20,0,19,0,100,,9078,20,0,19,0,100,,9079,20,0,19,0,100,,9080,20,0,19,0,96,,9081,20,0,19,0,100,,9082,20,0,19,0,100,,9083,20,0,19,0,100,,9084,20,0,19,0,100,,9085,20,0,19,0,100,,9086,20,0,19,0,100,,9087,20,0,19,0,34,,9088,20,0,19,0,100,,9089,20,0,19,0,96,,9090,20,0,19,0,165,,9091,20,0,19,0,149,,9092,20,0,19,0
2000001900,'Samedi-02',539,,9093,20,0,19,0,170,,9094,20,0,19,0,130,,9095,20,0,19,0,170,,9096,20,0,19,0,130,,9097,20,0,19,0,170,,9098,20,0,19,0,130,,9099,20,0,19,0,170,,9100,20,0,19,0,130,,9101,20,0,19,0,170,,9102,20,0,19,0,130,,9103,20,0,19,0,170,,9104,20,0,19,0
2000001900,'Semaine-02',444,,9105,20,0,19,0,100,,9106,20,0,19,0,70,,9107,20,0,19,0,100,,9108,20,0,19,0,100,,9109,20,0,19,0,100,,9110,20,0,19,0,96,,9111,20,0,19,0,100,,9112,20,0,19,0,100,,9113,20,0,19,0,100,,9114,20,0,19,0,100,,9115,20,0,19,0,100,,9116,20,0,19,0,100,,9117,20,0,19,0,34,,9118,20,0,19,0,100,,9119,20,0,19,0,96,,9120,20,0,19,0,165,,9121,20,0,19,0,149,,9122,20,0,19,0
2000001901,'Dimanche-02',744,,9123,60,0,19,0,170,,9124,60,0,19,0,131,,9125,60,0,19,0,171,,9126,60,0,19,0,130,,9127,60,0,19,0,170,,9128,60,0,19,0,130,,9129,60,0,19,0,170,,9130,60,0,19,0,129,,9131,60,0,19,0,170,,9132,60,0,19,0,130,,9133,60,0,19,0,170,,9134,60,0,19,0
2000001901,'Fête-1-02',744,,9135,60,0,19,0,170,,9136,60,0,19,0,131,,9137,60,0,19,0,171,,9138,60,0,19,0,130,,9139,60,0,19,0,170,,9140,60,0,19,0,130,,9141,60,0,19,0,170,,9142,60,0,19,0,129,,9143,60,0,19,0,170,,9144,60,0,19,0,130,,9145,60,0,19,0,170,,9146,60,0,19,0
2000001901,'Fête-2-02',700,,9147,60,0,19,0,100,,9148,60,0,19,0,30,,9149,60,0,19,0,101,,9150,60,0,19,0,100,,9151,60,0,19,0,95,,9152,60,0,19,0,100,,9153,60,0,19,0,100,,9154,60,0,19,0,100,,9155,60,0,19,0,100,,9156,60,0,19,0,103,,9157,60,0,19,0,101,,9158,60,0,19,0,100,,9159,60,0,19,0,70,,9160,60,0,19,0,56,,9161,60,0,19,0,99,,9162,60,0,19,0,160,,9163,60,0,19,0,139,,9164,60,0,19,0
2000001901,'Samedi-02',744,,9165,60,0,19,0,170,,9166,60,0,19,0,131,,9167,60,0,19,0,171,,9168,60,0,19,0,130,,9169,60,0,19,0,170,,9170,60,0,19,0,130,,9171,60,0,19,0,170,,9172,60,0,19,0,129,,9173,60,0,19,0,170,,9174,60,0,19,0,130,,9175,60,0,19,0,170,,9176,60,0,19,0
2000001901,'Semaine-02',700,,9177,60,0,19,0,100,,9178,60,0,19,0,30,,9179,60,0,19,0,101,,9180,60,0,19,0,100,,9181,60,0,19,0,95,,9182,60,0,19,0,100,,9183,60,0,19,0,100,,9184,60,0,19,0,100,,9185,60,0,19,0,100,,9186,60,0,19,0,103,,9187,60,0,19,0,101,,9188,60,0,19,0,100,,9189,60,0,19,0,70,,9190,60,0,19,0,56,,9191,60,0,19,0,99,,9192,60,0,19,0,160,,9193,60,0,19,0,139,,9194,60,0,19,0
