101,'Dimanche-04',750,,4408,380,,,0,206,,4409,380,,,0,171,,4410,380,,,0,173,,4411,380,,,0,127,,4412,380,,,0,120,,4413,380,,,0,160,,4414,380,,,0,120,,4415,380,,,0,117,,4416,380,,,0,174,,4417,380,,,0,114,,4418,380,,,0,113,,4419,380,,,0
101,'Samedi-04',750,,4420,380,,,0,206,,4421,380,,,0,171,,4422,380,,,0,173,,4423,380,,,0,127,,4424,380,,,0,120,,4425,380,,,0,160,,4426,380,,,0,120,,4427,380,,,0,117,,4428,380,,,0,174,,4429,380,,,0,114,,4430,380,,,0,113,,4431,380,,,0
101,'Semaine-02',644,,2686,380,,,0,101,,2695,380,,,0,70,,2697,380,,,0,100,,2698,380,,,0,106,,2699,380,,,0,95,,2700,380,,,0,100,,2702,380,,,0,99,,2701,380,,,0,111,,2703,380,,,0,86,,2687,380,,,0,109,,2688,380,,,0,91,,2689,380,,,0,106,,2690,380,,,0,29,,2691,380,,,0,69,,2692,380,,,0,108,,2693,380,,,0,182,,2694,380,,,0,150,,2696,380,,,0
101,'Semaine-03',649,,2704,380,,,0,101,,2713,380,,,0,70,,2715,380,,,0,90,,2716,380,,,0,111,,2717,380,,,0,105,,2718,380,,,0,95,,2720,380,,,0,104,,2719,380,,,0,106,,2721,380,,,0,81,,2705,380,,,0,104,,2706,380,,,0,96,,2707,380,,,0,106,,2708,380,,,0,34,,2709,380,,,0,103,,2710,380,,,0,83,,2711,380,,,0,173,,2712,380,,,0,135,,2714,380,,,0
2801,'Semaine-02',1647,,2980,270,0,7,0,99,,2979,270,,,0,67,,2981,270,0,7,0
2801,'Semaine-03',1702,,2994,270,0,7,0,39,,2993,270,,,0,68,,2995,270,0,7,0
2000000100,'Dimanche-04',553,,4623,20,4,,0,170,,4624,20,4,,0,130,,4625,20,4,,0,170,,4626,20,4,,0,130,,4627,20,4,,0,170,,4628,20,4,,0,130,,4629,20,4,,0,170,,4630,20,4,,0,130,,4631,20,4,,0,170,,4632,20,4,,0,130,,4633,20,4,,0,170,,4634,20,4,,0
2000000100,'Samedi-04',553,,4647,20,4,,0,170,,4648,20,4,,0,130,,4649,20,4,,0,170,,4650,20,4,,0,130,,4651,20,4,,0,170,,4652,20,4,,0,130,,4653,20,4,,0,170,,4654,20,4,,0,130,,4655,20,4,,0,170,,4656,20,4,,0,130,,4657,20,4,,0,170,,4658,20,4,,0
2000000100,'Semaine-02',459,,3442,20,4,,0,100,,3443,20,4,,0,70,,3444,20,4,,0,100,,3445,20,4,,0,100,,3446,20,4,,0,101,,3447,20,4,,0,90,,3448,20,4,,0,105,,3449,20,4,,0,100,,3450,20,4,,0,100,,3451,20,4,,0,100,,3452,20,4,,0,100,,3453,20,4,,0,100,,3454,20,4,,0,34,,3455,20,4,,0,100,,3456,20,4,,0,90,,3457,20,4,,0,171,,3458,20,4,,0,184,,3459,20,4,,0
2000000100,'Semaine-03',459,,3478,20,4,,0,100,,3479,20,4,,0,70,,3480,20,4,,0,100,,3481,20,4,,0,100,,3482,20,4,,0,101,,3483,20,4,,0,90,,3484,20,4,,0,105,,3485,20,4,,0,100,,3486,20,4,,0,100,,3487,20,4,,0,100,,3488,20,4,,0,100,,3489,20,4,,0,100,,3490,20,4,,0,34,,3491,20,4,,0,100,,3492,20,4,,0,90,,3493,20,4,,0,171,,3494,20,4,,0,184,,3495,20,4,,0
