2401,'Fête-2-02',1639,,8205,60,,,0,85,,8206,60,,,0,85,,8208,60,,,0,45,,8207,60,,,0
2401,'Semaine-02',1639,,8209,60,,,0,85,,8210,60,,,0,85,,8213,60,,,0,21,,8212,60,,,0,24,,8211,60,,,0
2501,'Fête-2-02',1557,,8226,170,,,0,80,,8227,170,,,0,74,,8228,170,,,0,39,,8229,170,,,0,80,,8230,170,,,0,28,,8231,170,,,0
2501,'Semaine-02',1557,,8232,170,,,0,80,,8233,170,,,0,74,,8234,170,,,0,39,,8235,170,,,0,80,,8236,170,,,0,28,,8237,170,,,0
2701,'Fête-2-02',609,,8262,60,,,0,40,,8263,60,,,0,81,,8264,60,,,0,80,,8265,60,,,0,744,,8269,60,,,0,81,,8266,60,,,0,84,,8270,60,,,0,86,,8267,60,,,0,45,,8268,60,,,0
2701,'Semaine-02',609,,8271,60,,,0,40,,8272,60,,,0,81,,8273,60,,,0,80,,8274,60,,,0,744,,8278,60,,,0,81,,8275,60,,,0,84,,8279,60,,,0,86,,8276,60,,,0,45,,8277,60,,,0
3200,'Dimanche-02',558,,8455,170,,,0,254,,8460,170,,,0,223,,8463,170,,,0,192,,8464,170,,,0,119,,8456,170,,,0,162,,8466,170,,,0,120,,8457,170,,,0,119,,8459,170,,,0,158,,8458,170,,,0,215,,8461,170,,,0,216,,8462,170,,,0,213,,8465,170,0,6,0
3200,'Fête-1-02',529,,8467,50,,,0,181,,8473,170,,,0,37,,8468,170,,,0,160,,8476,170,,,0,123,,8477,170,,,0,124,,8478,170,,,0,164,,8469,170,,,0,124,,8480,170,,,0,164,,8470,170,,,0,128,,8471,170,,,0,120,,8472,170,,,0,276,,8474,170,,,0,216,,8475,170,,,0,207,,8479,170,0,6,0
3200,'Fête-2-02',625,,8506,170,,,0,80,,8481,170,,,0,39,,8509,170,,,0,80,,8492,170,,,0,80,,8500,170,,,0,41,,8501,170,,,0,81,,8502,170,,,0,81,,8503,170,,,0,43,,8504,170,,,0,84,,8505,170,,,0,83,,8482,170,,,0,42,,8483,170,,,0,82,,8484,170,,,0,85,,8508,170,,,0,85,,8486,170,,,0,44,,8487,170,,,0,86,,8488,170,,,0,85,,8489,170,,,0,82,,8490,170,,,0,43,,8491,170,,,0,81,,8493,170,,,0,80,,8494,170,,,0,40,,8495,170,,,0,80,,8496,170,,,0,80,,8497,170,,,0,40,,8498,170,,,0,80,,8499,170,,,0,112,,8507,170,0,6,0
3200,'Samedi-02',529,,8512,50,,,0,181,,8518,170,,,0,37,,8513,170,,,0,160,,8521,170,,,0,123,,8522,170,,,0,124,,8523,170,,,0,164,,8514,170,,,0,124,,8525,170,,,0,164,,8515,170,,,0,128,,8516,170,,,0,120,,8517,170,,,0,276,,8519,170,,,0,216,,8520,170,,,0,207,,8524,170,0,6,0
3200,'Semaine-02',625,,8551,170,,,0,80,,8526,170,,,0,39,,8554,170,,,0,80,,8537,170,,,0,80,,8545,170,,,0,41,,8546,170,,,0,81,,8547,170,,,0,81,,8548,170,,,0,43,,8549,170,,,0,84,,8550,170,,,0,83,,8527,170,,,0,42,,8528,170,,,0,82,,8529,170,,,0,85,,8553,170,,,0,85,,8531,170,,,0,44,,8532,170,,,0,86,,8533,170,,,0,85,,8534,170,,,0,82,,8535,170,,,0,43,,8536,170,,,0,81,,8538,170,,,0,80,,8539,170,,,0,40,,8540,170,,,0,80,,8541,170,,,0,80,,8542,170,,,0,40,,8543,170,,,0,80,,8544,170,,,0,112,,8552,170,0,6,0
