101,'Dimanche-02',800,,7950,570,,,0,206,,7951,570,,,0,131,,7952,570,,,0,173,,7953,570,,,0,127,,7954,570,,,0,120,,7955,570,,,0,160,,7956,570,,,0,120,,7957,570,,,0,117,,7958,570,,,0,174,,7959,570,,,0,114,,7960,570,,,0,113,,7961,570,,,0
101,'Fête-1-02',800,,7962,570,,,0,206,,7963,570,,,0,131,,7964,570,,,0,173,,7965,570,,,0,127,,7966,570,,,0,120,,7967,570,,,0,160,,7968,570,,,0,120,,7969,570,,,0,117,,7970,570,,,0,174,,7971,570,,,0,114,,7972,570,,,0,113,,7973,570,,,0
101,'Fête-2-02',700,,7974,570,,,0,101,,7983,570,,,0,30,,7985,570,,,0,90,,7986,570,,,0,110,,7987,570,,,0,105,,7988,570,,,0,95,,7990,570,,,0,105,,7989,570,,,0,106,,7991,570,,,0,81,,7975,570,,,0,105,,7976,570,,,0,96,,7977,570,,,0,105,,7978,570,,,0,74,,7979,570,,,0,103,,7980,570,,,0,43,,7981,570,,,0,173,,7982,570,,,0,134,,7984,570,,,0
101,'Samedi-02',800,,7992,570,,,0,206,,7993,570,,,0,131,,7994,570,,,0,173,,7995,570,,,0,127,,7996,570,,,0,120,,7997,570,,,0,160,,7998,570,,,0,120,,7999,570,,,0,117,,8000,570,,,0,174,,8001,570,,,0,114,,8002,570,,,0,113,,8003,570,,,0
101,'Semaine-02',655,,8022,440,,,0,45,,8004,570,,,0,101,,8013,570,,,0,30,,8015,570,,,0,90,,8016,570,,,0,110,,8017,570,,,0,105,,8018,570,,,0,95,,8020,570,,,0,105,,8019,570,,,0,106,,8021,570,,,0,81,,8005,570,,,0,105,,8006,570,,,0,96,,8007,570,,,0,105,,8008,570,,,0,74,,8009,570,,,0,103,,8010,570,,,0,43,,8011,570,,,0,173,,8012,570,,,0,134,,8014,570,,,0
2001,'Dimanche-02',732,,8067,70,,,0,124,,8068,70,,,0,166,,8069,70,,,0,125,,8070,70,,,0,165,,8071,70,,,0,125,,8072,70,,,0,165,,8073,70,,,0,125,,8074,70,,,0
2001,'Fête-1-02',732,,8075,70,,,0,124,,8076,70,,,0,166,,8077,70,,,0,125,,8078,70,,,0,165,,8079,70,,,0,125,,8080,70,,,0,165,,8081,70,,,0,125,,8082,70,,,0
2001,'Fête-2-02',717,,8083,70,,,0,125,,8084,70,,,0,165,,8085,70,,,0,126,,8086,70,,,0,126,,8087,70,,,0,165,,8088,70,,,0,126,,8089,70,,,0,166,,8090,70,,,0,126,,8091,70,,,0
2001,'Samedi-02',732,,8092,70,,,0,124,,8093,70,,,0,166,,8094,70,,,0,125,,8095,70,,,0,165,,8096,70,,,0,125,,8097,70,,,0,165,,8098,70,,,0,125,,8099,70,,,0
2001,'Semaine-02',717,,8100,70,,,0,125,,8101,70,,,0,165,,8102,70,,,0,126,,8103,70,,,0,126,,8104,70,,,0,165,,8105,70,,,0,126,,8106,70,,,0,166,,8107,70,,,0,126,,8108,70,,,0
2001,'Semaine-02-0001100',2005,,8110,70,,,0,124,,8109,70,,,0
2801,'Fête-2-02',1707,,8308,460,0,23,0,44,,8307,460,,,0,68,,8309,460,0,23,0
2801,'Semaine-02',1707,,8320,460,0,23,0,44,,8319,460,,,0,68,,8321,460,0,23,0
