3100,'Dimanche-02',717,,8369,260,,,0,217,,8370,260,,,0,278,,8368,260,,,0,123,,8361,260,,,0,120,,8362,260,,,0,158,,8363,260,,,0,118,,8364,260,,,0,119,,8365,260,,,0,167,,8366,260,,,0,221,,8360,260,,,0,215,,8367,260,,,0
3100,'Fête-1-02',606,,8372,260,,,0,43,,8383,260,,,0,203,,8384,260,,,0,165,,8381,260,,,0,124,,8371,260,,,0,164,,8382,260,,,0,124,,8373,260,,,0,124,,8374,260,,,0,164,,8375,260,,,0,124,,8376,260,,,0,164,,8377,260,,,0,27,,8378,260,,,0,216,,8379,260,,,0,255,,8380,260,,,0
3100,'Fête-2-02',613,,8409,260,,,0,40,,8385,260,,,0,80,,8395,260,,,0,80,,8410,260,,,0,40,,8404,260,,,0,80,,8405,260,,,0,80,,8406,260,,,0,41,,8412,260,,,0,82,,8407,260,,,0,83,,8408,260,,,0,83,,8386,260,,,0,43,,8387,260,,,0,82,,8388,260,,,0,82,,8389,260,,,0,45,,8390,260,,,0,85,,8391,260,,,0,86,,8392,260,,,0,85,,8393,260,,,0,45,,8394,260,,,0,82,,8396,260,,,0,82,,8397,260,,,0,39,,8398,260,,,0,80,,8399,260,,,0,80,,8400,260,,,0,40,,8401,260,,,0,80,,8402,260,,,0,80,,8403,260,,,0,121,,8411,260,0,5 6,0
3100,'Samedi-02',606,,8414,260,,,0,43,,8425,260,,,0,203,,8426,260,,,0,165,,8423,260,,,0,124,,8413,260,,,0,164,,8424,260,,,0,124,,8415,260,,,0,124,,8416,260,,,0,164,,8417,260,,,0,124,,8418,260,,,0,164,,8419,260,,,0,27,,8420,260,,,0,216,,8421,260,,,0,255,,8422,260,,,0
3100,'Semaine-02',613,,8451,260,,,0,40,,8427,260,,,0,80,,8437,260,,,0,80,,8452,260,,,0,40,,8446,260,,,0,80,,8447,260,,,0,80,,8448,260,,,0,41,,8454,260,,,0,82,,8449,260,,,0,83,,8450,260,,,0,83,,8428,260,,,0,43,,8429,260,,,0,82,,8430,260,,,0,82,,8431,260,,,0,45,,8432,260,,,0,85,,8433,260,,,0,86,,8434,260,,,0,85,,8435,260,,,0,45,,8436,260,,,0,82,,8438,260,,,0,82,,8439,260,,,0,39,,8440,260,,,0,80,,8441,260,,,0,80,,8442,260,,,0,40,,8443,260,,,0,80,,8444,260,,,0,80,,8445,260,,,0,121,,8453,260,0,5 6,0
3300,'Dimanche-02',609,,8559,490,,,0,42,,8557,490,,,0,91,,8568,490,,,0,81,,8578,490,,,0,83,,8580,490,,,0,53,,8581,490,,,0,80,,8582,490,,,0,80,,8583,490,,,0,40,,8584,490,,,0,80,,8560,490,,,0,80,,8561,490,,,0,39,,8562,490,,,0,80,,8563,490,,,0,80,,8564,490,,,0,39,,8565,490,,,0,79,,8566,490,,,0,79,,8567,490,,,0,39,,8569,490,,,0,79,,8570,490,,,0,80,,8571,490,,,0,87,,8572,490,,,0,45,,8573,490,,,0,85,,8574,490,,,0,87,,8575,490,,,0,86,,8576,490,,,0,43,,8577,490,,,0,88,,8558,490,,,0,83,,8579,490,,,0
3300,'Fête-1-02',629,,8588,490,,,0,81,,8586,490,,,0,42,,8597,490,,,0,82,,8607,490,,,0,82,,8609,490,,,0,84,,8610,490,,,0,41,,8611,490,,,0,82,,8612,490,,,0,82,,8613,490,,,0,42,,8589,490,,,0,82,,8590,490,,,0,82,,8591,490,,,0,42,,8592,490,,,0,82,,8593,490,,,0,82,,8594,490,,,0,42,,8595,490,,,0,82,,8596,490,,,0,85,,8598,490,,,0,79,,8599,490,,,0,42,,8600,490,,,0,82,,8601,490,,,0,79,,8602,490,,,0,41,,8603,490,,,0,81,,8604,490,,,0,82,,8605,490,,,0,43,,8606,490,,,0,86,,8608,490,,,0,86,,8587,490,,,0
3300,'Fête-2-02',636,,8615,490,,,0,80,,8643,490,,,0,41,,8624,490,,,0,80,,8634,490,,,0,80,,8637,490,,,0,40,,8638,490,,,0,80,,8639,490,,,0,82,,8640,490,,,0,81,,8641,490,,,0,43,,8616,490,,,0,83,,8617,490,,,0,83,,8618,490,,,0,43,,8619,490,,,0,84,,8620,490,,,0,86,,8621,490,,,0,84,,8622,490,,,0,45,,8623,490,,,0,84,,8625,490,,,0,81,,8626,490,,,0,43,,8627,490,,,0,82,,8628,490,,,0,80,,8629,490,,,0,80,,8630,490,,,0,39,,8631,490,,,0,80,,8632,490,,,0,80,,8633,490,,,0,40,,8635,490,,,0,80,,8636,490,,,0
3300,'Samedi-02',629,,8646,490,,,0,81,,8644,490,,,0,42,,8655,490,,,0,82,,8665,490,,,0,82,,8667,490,,,0,84,,8668,490,,,0,41,,8669,490,,,0,82,,8670,490,,,0,82,,8671,490,,,0,42,,8647,490,,,0,82,,8648,490,,,0,82,,8649,490,,,0,42,,8650,490,,,0,82,,8651,490,,,0,82,,8652,490,,,0,42,,8653,490,,,0,82,,8654,490,,,0,85,,8656,490,,,0,79,,8657,490,,,0,42,,8658,490,,,0,82,,8659,490,,,0,79,,8660,490,,,0,41,,8661,490,,,0,81,,8662,490,,,0,82,,8663,490,,,0,43,,8664,490,,,0,86,,8666,490,,,0,86,,8645,490,,,0
3300,'Semaine-02',636,,8673,490,,,0,80,,8701,490,,,0,41,,8682,490,,,0,80,,8692,490,,,0,80,,8695,490,,,0,40,,8696,490,,,0,80,,8697,490,,,0,82,,8698,490,,,0,81,,8699,490,,,0,43,,8674,490,,,0,83,,8675,490,,,0,83,,8676,490,,,0,43,,8677,490,,,0,84,,8678,490,,,0,86,,8679,490,,,0,84,,8680,490,,,0,45,,8681,490,,,0,84,,8683,490,,,0,81,,8684,490,,,0,43,,8685,490,,,0,82,,8686,490,,,0,80,,8687,490,,,0,80,,8688,490,,,0,39,,8689,490,,,0,80,,8690,490,,,0,80,,8691,490,,,0,40,,8693,490,,,0,80,,8694,490,,,0
14001,'Dimanche-02',813,,8854,480,4,,0,3,,8856,10,,,0,109,,8856,630,4,,0,5,,8857,10,,,0,110,,8857,630,4,,0,5,,8858,10,,,0,111,,8858,630,4,,0,44,,8859,10,,,0,112,,8859,630,4,,0,3,,8860,10,,,0,112,,8860,630,4,,0,3,,8861,10,,,0,112,,8861,630,4,,0,8,,8862,10,,,0,152,,8862,630,4,,0,8,,8855,10,,,0
14001,'Fête-1-02',813,,8863,480,4,,0,3,,8865,10,,,0,109,,8865,630,4,,0,5,,8866,10,,,0,110,,8866,630,4,,0,5,,8867,10,,,0,111,,8867,630,4,,0,44,,8868,10,,,0,112,,8868,630,4,,0,3,,8869,10,,,0,112,,8869,630,4,,0,3,,8870,10,,,0,112,,8870,630,4,,0,8,,8871,10,,,0,152,,8871,630,4,,0,8,,8864,10,,,0
14001,'Fête-2-02',640,,8873,480,4,,0,4,,8884,10,,,0,196,,8872,580,4,,0,10,,8874,10,,,0,151,,8874,630,4,,0,9,,8875,10,,,0,111,,8875,630,4,,0,9,,8876,10,,,0,114,,8876,630,4,,0,11,,8877,10,,,0,154,,8877,630,4,,0,11,,8878,10,,,0,114,,8878,630,4,,0,11,,8879,10,,,0,114,,8879,630,4,,0,51,,8880,10,,,0,112,,8880,630,4,,0,13,,8881,10,,,0,111,,8881,600,4,,0,9,,8882,10,,,0,149,,8882,600,4,,0,6,,8883,10,,,0
14001,'Samedi-02',813,,8885,480,4,,0,3,,8887,10,,,0,109,,8887,630,4,,0,5,,8888,10,,,0,110,,8888,630,4,,0,5,,8889,10,,,0,111,,8889,630,4,,0,44,,8890,10,,,0,112,,8890,630,4,,0,3,,8891,10,,,0,112,,8891,630,4,,0,3,,8892,10,,,0,112,,8892,630,4,,0,8,,8893,10,,,0,152,,8893,630,4,,0,8,,8886,10,,,0
14001,'Semaine-02',640,,8895,480,4,,0,4,,8906,10,,,0,196,,8894,580,4,,0,10,,8896,10,,,0,151,,8896,630,4,,0,9,,8897,10,,,0,111,,8897,630,4,,0,9,,8898,10,,,0,114,,8898,630,4,,0,11,,8899,10,,,0,154,,8899,630,4,,0,11,,8900,10,,,0,114,,8900,630,4,,0,11,,8901,10,,,0,114,,8901,630,4,,0,51,,8902,10,,,0,112,,8902,630,4,,0,13,,8903,10,,,0,111,,8903,600,4,,0,9,,8904,10,,,0,149,,8904,600,4,,0,6,,8905,10,,,0
2000002300,'Dimanche-02',559,,9596,130,4,,0,79,,9598,130,4,,0,74,,9599,130,4,,0,101,,9600,130,4,,0,41,,9601,130,4,,0,75,,9602,130,4,,0,107,,9603,130,4,,0,97,,9604,130,4,,0,95,,9605,130,4,,0,82,,9606,130,4,,0,37,,9607,130,4,,0,83,,9608,130,4,,0,79,,9609,130,4,,0,42,,9610,130,4,,0,78,,9611,130,4,,0,80,,9612,130,4,,0,39,,9613,130,4,,0,82,,9614,130,4,,0,76,,9615,130,4,,0,106,,9616,130,4,,0,109,,9617,130,4,,0,112,,9618,130,4,,0,104,,9619,130,4,,0,111,,9620,130,4,,0,102,,9597,130,4,,0
2000002300,'Fête-1-02',601,,9621,130,4,,0,43,,9623,130,4,,0,81,,9624,130,4,,0,75,,9625,130,4,,0,47,,9626,130,4,,0,84,,9627,130,4,,0,81,,9628,130,4,,0,93,,9629,130,4,,0,50,,9630,130,4,,0,85,,9631,130,4,,0,79,,9632,130,4,,0,81,,9633,130,4,,0,43,,9634,130,4,,0,85,,9635,130,4,,0,79,,9636,130,4,,0,45,,9637,130,4,,0,83,,9638,130,4,,0,80,,9639,130,4,,0,40,,9640,130,4,,0,85,,9641,130,4,,0,87,,9642,130,4,,0,104,,9643,130,4,,0,80,,9644,130,4,,0,32,,9645,130,4,,0,104,,9646,130,4,,0,111,,9647,130,4,,0,96,,9622,130,4,,0
2000002300,'Fête-2-02',608,,9648,130,4,,0,40,,9649,130,4,,0,80,,9673,130,4,,0,81,,9674,130,4,,0,39,,9650,130,4,,0,80,,9672,130,4,,0,80,,9670,130,4,,0,41,,9669,130,4,,0,82,,9671,130,4,,0,83,,9668,130,4,,0,43,,9665,130,4,,0,83,,9667,130,4,,0,82,,9666,130,4,,0,82,,9664,130,4,,0,45,,9663,130,4,,0,85,,9662,130,4,,0,86,,9661,130,4,,0,85,,9660,130,4,,0,45,,9659,130,4,,0,82,,9658,130,4,,0,82,,9657,130,4,,0,39,,9656,130,4,,0,80,,9655,130,4,,0,80,,9654,130,4,,0,40,,9653,130,4,,0,80,,9652,130,4,,0,80,,9651,130,4,,0,121,,9675,130,4,,0
2000002300,'Samedi-02',601,,9676,130,4,,0,43,,9678,130,4,,0,81,,9679,130,4,,0,75,,9680,130,4,,0,47,,9681,130,4,,0,84,,9682,130,4,,0,81,,9683,130,4,,0,93,,9684,130,4,,0,50,,9685,130,4,,0,85,,9686,130,4,,0,79,,9687,130,4,,0,81,,9688,130,4,,0,43,,9689,130,4,,0,85,,9690,130,4,,0,79,,9691,130,4,,0,45,,9692,130,4,,0,83,,9693,130,4,,0,80,,9694,130,4,,0,40,,9695,130,4,,0,85,,9696,130,4,,0,87,,9697,130,4,,0,104,,9698,130,4,,0,80,,9699,130,4,,0,32,,9700,130,4,,0,104,,9701,130,4,,0,111,,9702,130,4,,0,96,,9677,130,4,,0
2000002300,'Semaine-02',608,,9703,130,4,,0,40,,9704,130,4,,0,80,,9728,130,4,,0,81,,9729,130,4,,0,39,,9705,130,4,,0,80,,9727,130,4,,0,80,,9725,130,4,,0,41,,9724,130,4,,0,82,,9726,130,4,,0,83,,9723,130,4,,0,43,,9720,130,4,,0,83,,9722,130,4,,0,82,,9721,130,4,,0,82,,9719,130,4,,0,45,,9718,130,4,,0,85,,9717,130,4,,0,86,,9716,130,4,,0,85,,9715,130,4,,0,45,,9714,130,4,,0,82,,9713,130,4,,0,82,,9712,130,4,,0,39,,9711,130,4,,0,80,,9710,130,4,,0,80,,9709,130,4,,0,40,,9708,130,4,,0,80,,9707,130,4,,0,80,,9706,130,4,,0,121,,9730,130,4,,0
2000002301,'Dimanche-02',608,,9731,10,,,0,34,,9741,10,,,0,80,,9736,10,,,0,101,,9746,10,,,0,36,,9742,10,,,0,80,,9735,10,,,0,107,,9737,10,,,0,97,,9738,10,,,0,95,,9745,10,,,0,75,,9739,10,,,0,44,,9734,10,,,0,78,,9747,10,,,0,84,,9740,10,,,0,37,,9744,10,,,0,83,,9743,10,,,0,79,,9733,10,,,0,40,,9748,10,,,0,77,,9749,10,,,0,81,,9754,10,,,0,106,,9751,10,,,0,109,,9750,10,,,0,112,,9755,10,,,0,104,,9753,10,,,0,111,,9752,10,,,0,142,,9732,10,,,0
2000002301,'Fête-1-02',611,,9756,10,,,0,43,,9766,10,,,0,76,,9761,10,,,0,75,,9772,10,,,0,52,,9767,10,,,0,80,,9760,10,,,0,85,,9769,10,,,0,88,,9762,10,,,0,95,,9763,10,,,0,40,,9771,10,,,0,84,,9764,10,,,0,76,,9759,10,,,0,48,,9773,10,,,0,80,,9765,10,,,0,84,,9770,10,,,0,40,,9768,10,,,0,88,,9758,10,,,0,75,,9774,10,,,0,85,,9775,10,,,0,40,,9780,10,,,0,92,,9777,10,,,0,104,,9776,10,,,0,72,,9781,10,,,0,40,,9782,10,,,0,104,,9779,10,,,0,151,,9778,10,,,0,96,,9757,10,,,0
2000002301,'Fête-2-02',618,,9811,10,,,0,40,,9808,10,,,0,80,,9809,10,,,0,80,,9810,10,,,0,40,,9806,10,,,0,80,,9807,10,,,0,80,,9804,10,,,0,41,,9803,10,,,0,82,,9805,10,,,0,83,,9801,10,,,0,83,,9798,10,,,0,43,,9802,10,,,0,82,,9800,10,,,0,82,,9799,10,,,0,45,,9797,10,,,0,85,,9796,10,,,0,86,,9795,10,,,0,85,,9794,10,,,0,85,,9793,10,,,0,42,,9792,10,,,0,82,,9791,10,,,0,79,,9790,10,,,0,40,,9789,10,,,0,80,,9788,10,,,0,80,,9787,10,,,0,40,,9786,10,,,0,80,,9785,10,,,0,34,,9784,10,,,0,98,,9783,10,,,0
2000002301,'Samedi-02',611,,9812,10,,,0,43,,9822,10,,,0,76,,9817,10,,,0,75,,9828,10,,,0,52,,9823,10,,,0,80,,9816,10,,,0,85,,9825,10,,,0,88,,9818,10,,,0,95,,9819,10,,,0,40,,9827,10,,,0,84,,9820,10,,,0,76,,9815,10,,,0,48,,9829,10,,,0,80,,9821,10,,,0,84,,9826,10,,,0,40,,9824,10,,,0,88,,9814,10,,,0,75,,9830,10,,,0,85,,9831,10,,,0,40,,9836,10,,,0,92,,9833,10,,,0,104,,9832,10,,,0,72,,9837,10,,,0,40,,9838,10,,,0,104,,9835,10,,,0,151,,9834,10,,,0,96,,9813,10,,,0
2000002301,'Semaine-02',618,,9867,10,,,0,40,,9864,10,,,0,80,,9865,10,,,0,80,,9866,10,,,0,40,,9862,10,,,0,80,,9863,10,,,0,80,,9860,10,,,0,41,,9859,10,,,0,82,,9861,10,,,0,83,,9857,10,,,0,83,,9854,10,,,0,43,,9858,10,,,0,82,,9856,10,,,0,82,,9855,10,,,0,45,,9853,10,,,0,85,,9852,10,,,0,86,,9851,10,,,0,85,,9850,10,,,0,85,,9849,10,,,0,42,,9848,10,,,0,82,,9847,10,,,0,79,,9846,10,,,0,40,,9845,10,,,0,80,,9844,10,,,0,80,,9843,10,,,0,40,,9842,10,,,0,80,,9841,10,,,0,34,,9840,10,,,0,98,,9839,10,,,0
2000002500,'Dimanche-02',548,,9868,280,4,,0,61,,9870,10,,,0,26,,9870,330,4,,0,12,,9871,10,,,0,66,,9871,330,4,,0,9,,9872,10,,,0,26,,9872,330,4,,0,2,,9873,10,,,0,66,,9873,330,4,,0,8,,9874,10,,,0,26,,9874,330,4,,0,52,,9875,10,,,0,26,,9875,330,4,,0,11,,9876,10,,,0,66,,9876,330,4,,0,10,,9877,10,,,0,26,,9877,330,4,,0,6,,9878,10,,,0,66,,9878,330,4,,0,19,,9879,10,,,0,26,,9879,330,4,,0,59,,9880,10,,,0,26,,9880,330,4,,0,69,,9881,10,,,0,23,,9882,10,,,0,3,,9881,330,4,,0,19,,9883,10,,,0,44,,9882,330,4,,0,22,,9883,330,4,,0,19,,9884,10,,,0,66,,9884,330,4,,0,14,,9885,10,,,0,26,,9885,330,4,,0,54,,9886,10,,,0,26,,9886,330,4,,0,14,,9887,10,,,0,66,,9887,330,4,,0,9,,9888,10,,,0,26,,9888,330,4,,0,15,,9889,10,,,0,66,,9889,330,4,,0,13,,9890,10,,,0,66,,9890,330,4,,0,14,,9891,10,,,0,26,,9891,330,4,,0,4,,9892,10,,,0,66,,9892,330,4,,0,9,,9893,10,,,0,26,,9893,330,4,,0,9,,9894,10,,,0,66,,9894,330,4,,0,9,,9895,10,,,0,26,,9895,330,4,,0,49,,9896,10,,,0,26,,9896,330,4,,0,9,,9897,10,,,0,66,,9897,330,4,,0,4,,9898,10,,,0,26,,9898,330,4,,0,9,,9899,10,,,0,66,,9899,330,4,,0,9,,9900,10,,,0,26,,9900,330,4,,0,10,,9901,10,,,0,66,,9901,330,4,,0,76,,9869,10,,,0
2000002500,'Fête-1-02',535,,9934,280,4,,0,66,,9903,330,4,,0,10,,9919,10,,,0,26,,9919,330,4,,0,17,,9904,10,,,0,66,,9904,330,4,,0,1,,9920,10,,,0,26,,9920,330,4,,0,11,,9905,10,,,0,66,,9905,330,4,,0,14,,9921,10,,,0,66,,9921,330,4,,0,14,,9906,10,,,0,26,,9906,330,4,,0,4,,9922,10,,,0,66,,9922,330,4,,0,14,,9907,10,,,0,26,,9907,330,4,,0,54,,9923,10,,,0,26,,9923,330,4,,0,11,,9908,10,,,0,66,,9908,330,4,,0,4,,9902,10,,,0,26,,9902,330,4,,0,7,,9909,10,,,0,66,,9909,330,4,,0,15,,9924,10,,,0,26,,9924,330,4,,0,52,,9910,10,,,0,26,,9910,330,4,,0,20,,9925,10,,,0,66,,9925,330,4,,0,19,,9911,10,,,0,66,,9911,330,4,,0,13,,9926,10,,,0,26,,9926,330,4,,0,5,,9912,10,,,0,66,,9912,330,4,,0,8,,9927,10,,,0,26,,9927,330,4,,0,58,,9913,10,,,0,26,,9913,330,4,,0,14,,9928,10,,,0,66,,9928,330,4,,0,18,,9914,10,,,0,26,,9914,330,4,,0,54,,9929,10,,,0,26,,9929,330,4,,0,64,,9915,10,,,0,26,,9915,330,4,,0,15,,9930,10,,,0,66,,9930,330,4,,0,10,,9916,10,,,0,26,,9916,330,4,,0,10,,9931,10,,,0,66,,9931,330,4,,0,6,,9917,10,,,0,26,,9917,330,4,,0,6,,9932,10,,,0,66,,9932,330,4,,0,85,,9918,10,,,0,26,,9918,330,4,,0,70,,9933,10,,,0
2000002500,'Fête-2-02',608,,9936,280,4,,0,10,,9937,10,,,0,26,,9937,330,4,,0,14,,9938,10,,,0,66,,9938,330,4,,0,14,,9935,10,,,0,66,,9935,330,4,,0,14,,9939,10,,,0,26,,9939,330,4,,0,14,,9940,10,,,0,66,,9940,330,4,,0,14,,9941,10,,,0,66,,9941,330,4,,0,14,,9942,10,,,0,26,,9942,330,4,,0,15,,9943,10,,,0,66,,9943,330,4,,0,16,,9944,10,,,0,66,,9944,330,4,,0,17,,9945,10,,,0,26,,9945,330,4,,0,57,,9946,10,,,0,26,,9946,330,4,,0,17,,9947,10,,,0,66,,9947,330,4,,0,16,,9948,10,,,0,26,,9948,330,4,,0,56,,9949,10,,,0,26,,9949,330,4,,0,19,,9950,10,,,0,66,,9950,330,4,,0,19,,9951,10,,,0,66,,9951,330,4,,0,20,,9952,10,,,0,26,,9952,330,4,,0,59,,9953,10,,,0,26,,9953,330,4,,0,59,,9954,10,,,0,26,,9954,330,4,,0,16,,9955,10,,,0,66,,9955,330,4,,0,16,,9956,10,,,0,26,,9956,330,4,,0,53,,9957,10,,,0,26,,9957,330,4,,0,14,,9958,10,,,0,66,,9958,330,4,,0,14,,9959,10,,,0,26,,9959,330,4,,0,54,,9960,10,,,0,26,,9960,330,4,,0,14,,9961,10,,,0,66,,9961,330,4,,0,14,,9962,10,,,0,20,,9963,10,,,0,6,,9962,330,4,,0,60,,9963,330,4,,0,4,,9964,10,,,0,26,,9964,330,4,,0,16,,9965,10,,,0
2000002500,'Samedi-02',535,,9998,280,4,,0,66,,9967,330,4,,0,10,,9983,10,,,0,26,,9983,330,4,,0,17,,9968,10,,,0,66,,9968,330,4,,0,1,,9984,10,,,0,26,,9984,330,4,,0,11,,9969,10,,,0,66,,9969,330,4,,0,14,,9985,10,,,0,66,,9985,330,4,,0,14,,9970,10,,,0,26,,9970,330,4,,0,4,,9986,10,,,0,66,,9986,330,4,,0,14,,9971,10,,,0,26,,9971,330,4,,0,54,,9987,10,,,0,26,,9987,330,4,,0,11,,9972,10,,,0,66,,9972,330,4,,0,4,,9966,10,,,0,26,,9966,330,4,,0,7,,9973,10,,,0,66,,9973,330,4,,0,15,,9988,10,,,0,26,,9988,330,4,,0,52,,9974,10,,,0,26,,9974,330,4,,0,20,,9989,10,,,0,66,,9989,330,4,,0,19,,9975,10,,,0,66,,9975,330,4,,0,13,,9990,10,,,0,26,,9990,330,4,,0,5,,9976,10,,,0,66,,9976,330,4,,0,8,,9991,10,,,0,26,,9991,330,4,,0,58,,9977,10,,,0,26,,9977,330,4,,0,14,,9992,10,,,0,66,,9992,330,4,,0,18,,9978,10,,,0,26,,9978,330,4,,0,54,,9993,10,,,0,26,,9993,330,4,,0,64,,9979,10,,,0,26,,9979,330,4,,0,15,,9994,10,,,0,66,,9994,330,4,,0,10,,9980,10,,,0,26,,9980,330,4,,0,10,,9995,10,,,0,66,,9995,330,4,,0,6,,9981,10,,,0,26,,9981,330,4,,0,6,,9996,10,,,0,66,,9996,330,4,,0,85,,9982,10,,,0,26,,9982,330,4,,0,70,,9997,10,,,0
2000002500,'Semaine-02',608,,10000,280,4,,0,10,,10001,10,,,0,26,,10001,330,4,,0,14,,10002,10,,,0,66,,10002,330,4,,0,14,,9999,10,,,0,66,,9999,330,4,,0,14,,10003,10,,,0,26,,10003,330,4,,0,14,,10004,10,,,0,66,,10004,330,4,,0,14,,10005,10,,,0,66,,10005,330,4,,0,14,,10006,10,,,0,26,,10006,330,4,,0,15,,10007,10,,,0,66,,10007,330,4,,0,16,,10008,10,,,0,66,,10008,330,4,,0,17,,10009,10,,,0,26,,10009,330,4,,0,57,,10010,10,,,0,26,,10010,330,4,,0,17,,10011,10,,,0,66,,10011,330,4,,0,16,,10012,10,,,0,26,,10012,330,4,,0,56,,10013,10,,,0,26,,10013,330,4,,0,19,,10014,10,,,0,66,,10014,330,4,,0,19,,10015,10,,,0,66,,10015,330,4,,0,20,,10016,10,,,0,26,,10016,330,4,,0,59,,10017,10,,,0,26,,10017,330,4,,0,59,,10018,10,,,0,26,,10018,330,4,,0,16,,10019,10,,,0,66,,10019,330,4,,0,16,,10020,10,,,0,26,,10020,330,4,,0,53,,10021,10,,,0,26,,10021,330,4,,0,14,,10022,10,,,0,66,,10022,330,4,,0,14,,10023,10,,,0,26,,10023,330,4,,0,54,,10024,10,,,0,26,,10024,330,4,,0,14,,10025,10,,,0,66,,10025,330,4,,0,14,,10026,10,,,0,20,,10027,10,,,0,6,,10026,330,4,,0,60,,10027,330,4,,0,4,,10028,10,,,0,26,,10028,330,4,,0,16,,10029,10,,,0
