100,'Dimanche-04',647,,4395,690,,,0,200,,4384,690,,,0,167,,4385,690,,,0,131,,4386,690,,,0,165,,4387,690,,,0,123,,4388,690,,,0,118,,4389,690,,,0,160,,4390,690,,,0,123,,4391,690,,,0,175,,4392,690,,,0,115,,4393,690,,,0,115,,4394,690,,,0
100,'Samedi-04',647,,4407,690,,,0,200,,4396,690,,,0,167,,4397,690,,,0,131,,4398,690,,,0,165,,4399,690,,,0,123,,4400,690,,,0,118,,4401,690,,,0,160,,4402,690,,,0,123,,4403,690,,,0,175,,4404,690,,,0,115,,4405,690,,,0,115,,4406,690,,,0
100,'Semaine-03',535,,2656,690,,,0,105,,2657,690,,,0,67,,2658,690,,,0,42,,2659,690,,,0,157,,2660,690,,,0,103,,2663,690,,,0,93,,2672,690,,,0,102,,2664,690,,,0,103,,2673,690,,,0,38,,2665,690,,,0,102,,2666,690,,,0,100,,2670,690,,,0,110,,2667,690,,,0,74,,2668,690,,,0,104,,2661,690,,,0,92,,2662,690,,,0,131,,2671,690,,,0,184,,2669,690,,,0
2100,'Semaine-03',553,,2788,330,,,0,70,,2789,330,,,0,32,,2790,330,,,0,76,,2791,330,,,0,70,,2792,330,,,0,35,,2793,330,,,0
2300,'Semaine-03',554,,2844,370,,,0,66,,2845,370,,,0,16,,2846,370,,,0,75,,2847,370,,,0,25,,2848,370,,,0,21,,2849,370,,,0,60,,2850,370,,,0,20,,2851,370,,,0
2500,'Semaine-03',611,,2896,350,,,0,34,,2893,370,,,0,61,,2897,350,,,0,29,,2894,370,,,0,66,,2898,350,,,0,29,,2895,370,,,0
2600,'Semaine-03',509,,2913,320,,,0,17,,2914,330,,,0
2800,'Semaine-03',529,,2969,220,,,0,20,,2968,220,,,0,55,,2966,470,,,0,15,,2978,220,,,0,15,,2975,220,,,0,15,,2965,510,,,0,10,,2976,220,,,0,50,,2967,470,,,0,11,,2977,220,,,0,10,,2970,220,,,0,10,,2971,220,,,0,16,,2972,220,,,0,55,,2973,220,,,0,20,,2974,220,,,0
3100,'Dimanche-04',731,,4473,410,,,0,218,,4474,410,,,0,278,,4472,410,,,0,123,,4465,410,,,0,160,,4466,410,,,0,118,,4467,410,,,0,118,,4468,410,,,0,159,,4469,410,,,0,127,,4470,410,,,0,221,,4464,410,,,0,254,,4471,410,,,0
3100,'Samedi-04',620,,4476,410,,,0,83,,4487,410,,,0,204,,4488,410,,,0,125,,4485,410,,,0,124,,4475,410,,,0,164,,4486,410,,,0,124,,4477,410,,,0,164,,4478,410,,,0,124,,4479,410,,,0,124,,4480,410,,,0,164,,4481,410,,,0,27,,4482,410,,,0,256,,4483,410,,,0,214,,4484,410,,,0
3100,'Semaine-03',630,,3099,410,,,0,80,,3075,410,,,0,41,,3085,410,,,0,80,,3100,410,,,0,80,,3094,410,,,0,40,,3095,410,,,0,79,,3096,410,,,0,80,,3102,410,,,0,43,,3097,410,,,0,83,,3098,410,,,0,83,,3076,410,,,0,83,,3077,410,,,0,42,,3078,410,,,0,83,,3079,410,,,0,84,,3080,410,,,0,45,,3081,410,,,0,86,,3082,410,,,0,85,,3083,410,,,0,84,,3084,410,,,0,42,,3086,410,,,0,82,,3087,410,,,0,79,,3088,410,,,0,40,,3089,410,,,0,79,,3090,410,,,0,80,,3091,410,,,0,40,,3092,410,,,0,80,,3093,410,,,0
3200,'Dimanche-04',625,,4489,420,,,0,214,,4494,420,,,0,263,,4497,420,,,0,152,,4498,420,,,0,159,,4490,420,,,0,122,,4500,420,,,0,120,,4491,420,,,0,159,,4493,420,,,0,118,,4492,420,,,0,214,,4495,420,,,0,256,,4496,420,,,0
3200,'Samedi-04',556,,4501,300,,,0,181,,4507,420,,,0,77,,4502,420,,,0,120,,4510,420,,,0,123,,4511,420,,,0,164,,4512,420,,,0,124,,4503,420,,,0,164,,4514,420,,,0,124,,4504,420,,,0,168,,4505,420,,,0,120,,4506,420,,,0,235,,4508,420,,,0,256,,4509,420,,,0
3200,'Semaine-03',653,,3173,420,,,0,80,,3148,420,,,0,80,,3176,420,,,0,40,,3159,420,,,0,80,,3167,420,,,0,78,,3168,420,,,0,41,,3169,420,,,0,81,,3170,420,,,0,83,,3171,420,,,0,43,,3172,420,,,0,83,,3149,420,,,0,82,,3150,420,,,0,83,,3151,420,,,0,46,,3175,420,,,0,59,,3152,70,,,0,26,,3153,420,,,0,20,,3177,70,,,0,64,,3154,420,,,0,20,,3178,70,,,0,65,,3155,420,,,0,44,,3156,420,,,0,82,,3157,420,,,0,83,,3158,420,,,0,40,,3160,420,,,0,80,,3161,420,,,0,80,,3162,420,,,0,40,,3163,420,,,0,80,,3164,420,,,0,80,,3165,420,,,0,40,,3166,420,,,0
9800,'Semaine-03',653,,3291,210,0,21 10,0,102,,3279,310,,,0,104,,3283,310,,,0,145,,3284,310,,,0,507,,3285,310,,,0,105,,3286,310,,,0,105,,3287,310,,,0,104,,3288,310,,,0,103,,3289,310,,,0,97,,3290,310,,,0,97,,3280,310,,,0,90,,3281,310,,,0
11100,'Dimanche-04',833,,4574,440,0,5 10,0,188,,4573,440,0,5 10,0,290,,4575,440,0,5 10,0,289,,4576,440,0,5 10,0,305,,4577,440,0,5 10,0
11100,'Samedi-04',833,,4582,440,0,5 10,0,188,,4581,440,0,5 10,0,290,,4583,440,0,5 10,0,289,,4584,440,0,5 10,0,305,,4585,440,0,5 10,0
11100,'Semaine-03',546,,3324,440,0,5 15,0,54,,3318,440,0,5 10,0,21,,3322,440,0,5 15,0,27,,3325,440,0,5 15,0,5,,3319,440,0,5 10,0,55,,3323,440,0,5 15,0,31,,3331,440,0,5 15,0,20,,3326,440,0,5 15,0,44,,3320,440,0,5 10,0,16,,3333,440,0,5 15,0,39,,3321,440,0,5 10,0,157,,3334,440,0,5 10,0,36,,3316,440,0,5 10,0,265,,3317,440,0,5 10,0,340,,3328,440,0,5 10,0,46,,3327,370,0,5 15,0,53,,3330,440,0,5 10,0,59,,3329,370,0,5 15,0,335,,3332,370,0,5 10,0
