100,'Dimanche-04',652,,4395,710,4,,0,200,,4384,710,4,,0,169,,4385,710,4,,0,131,,4386,710,4,,0,165,,4387,710,4,,0,123,,4388,710,4,,0,118,,4389,710,4,,0,160,,4390,710,4,,0,122,,4391,710,4,,0,175,,4392,710,4,,0,115,,4393,710,4,,0,115,,4394,710,4,,0
100,'Samedi-04',652,,4407,710,4,,0,200,,4396,710,4,,0,169,,4397,710,4,,0,131,,4398,710,4,,0,165,,4399,710,4,,0,123,,4400,710,4,,0,118,,4401,710,4,,0,160,,4402,710,4,,0,122,,4403,710,4,,0,175,,4404,710,4,,0,115,,4405,710,4,,0,115,,4406,710,4,,0
100,'Semaine-03',541,,2656,710,4,,0,105,,2657,710,4,,0,68,,2658,710,4,,0,43,,2659,710,4,,0,156,,2660,710,4,,0,103,,2663,710,4,,0,92,,2672,710,4,,0,103,,2664,710,4,,0,104,,2673,710,4,,0,38,,2665,710,4,,0,101,,2666,710,4,,0,100,,2670,710,4,,0,150,,2667,710,4,,0,34,,2668,710,4,,0,103,,2661,710,4,,0,92,,2662,710,4,,0,171,,2671,710,4,,0,143,,2669,710,4,,0
2100,'Semaine-03',558,,2788,350,4,,0,70,,2789,350,4,,0,73,,2790,350,4,,0,37,,2791,350,4,,0,70,,2792,350,4,,0,36,,2793,350,4,,0
2300,'Semaine-03',559,,2844,390,4,,0,66,,2845,390,4,,0,17,,2846,390,4,,0,75,,2847,390,4,,0,26,,2848,390,4,,0,61,,2849,390,4,,0,21,,2850,390,4,,0,20,,2851,390,4,,0
2500,'Semaine-03',617,,2896,370,4,,0,34,,2893,390,4,,0,61,,2897,370,4,,0,29,,2894,390,4,,0,66,,2898,370,4,,0,29,,2895,390,4,,0
2600,'Semaine-03',513,,2913,340,4,,0,17,,2914,350,4,,0
3100,'Dimanche-04',734,,4473,430,4,,0,218,,4474,430,4,,0,278,,4472,430,4,,0,123,,4465,430,4,,0,160,,4466,430,4,,0,118,,4467,430,4,,0,118,,4468,430,4,,0,159,,4469,430,4,,0,127,,4470,430,4,,0,221,,4464,430,4,,0,254,,4471,430,4,,0
3100,'Samedi-04',623,,4476,430,4,,0,83,,4487,430,4,,0,204,,4488,430,4,,0,125,,4485,430,4,,0,124,,4475,430,4,,0,164,,4486,430,4,,0,124,,4477,430,4,,0,164,,4478,430,4,,0,124,,4479,430,4,,0,124,,4480,430,4,,0,164,,4481,430,4,,0,27,,4482,430,4,,0,256,,4483,430,4,,0,214,,4484,430,4,,0
3100,'Semaine-03',636,,3099,430,4,,0,80,,3075,430,4,,0,42,,3085,430,4,,0,80,,3100,430,4,,0,80,,3094,430,4,,0,40,,3095,430,4,,0,77,,3096,430,4,,0,79,,3102,430,4,,0,44,,3097,430,4,,0,83,,3098,430,4,,0,83,,3076,430,4,,0,83,,3077,430,4,,0,42,,3078,430,4,,0,84,,3079,430,4,,0,84,,3080,430,4,,0,85,,3081,430,4,,0,46,,3082,430,4,,0,83,,3083,430,4,,0,84,,3084,430,4,,0,42,,3086,430,4,,0,82,,3087,430,4,,0,79,,3088,430,4,,0,40,,3089,430,4,,0,78,,3090,430,4,,0,80,,3091,430,4,,0,40,,3092,430,4,,0,80,,3093,430,4,,0
3200,'Dimanche-04',628,,4489,440,4,,0,214,,4494,440,4,,0,263,,4497,440,4,,0,152,,4498,440,4,,0,159,,4490,440,4,,0,122,,4500,440,4,,0,120,,4491,440,4,,0,159,,4493,440,4,,0,118,,4492,440,4,,0,214,,4495,440,4,,0,256,,4496,440,4,,0
3200,'Samedi-04',559,,4501,320,4,,0,181,,4507,440,4,,0,77,,4502,440,4,,0,120,,4510,440,4,,0,163,,4511,440,4,,0,124,,4512,440,4,,0,124,,4503,440,4,,0,164,,4514,440,4,,0,124,,4504,440,4,,0,168,,4505,440,4,,0,120,,4506,440,4,,0,235,,4508,440,4,,0,256,,4509,440,4,,0
3200,'Semaine-03',700,,3173,440,4,,0,41,,3148,440,4,,0,80,,3176,440,4,,0,80,,3159,440,4,,0,40,,3167,440,4,,0,77,,3168,440,4,,0,41,,3169,440,4,,0,81,,3170,440,4,,0,83,,3171,440,4,,0,83,,3172,440,4,,0,43,,3149,440,4,,0,82,,3150,440,4,,0,83,,3151,440,4,,0,86,,3175,440,4,,0,18,,3152,90,4,,0,27,,3153,440,4,,0,59,,3177,90,4,,0,24,,3154,440,4,,0,20,,3178,90,4,,0,65,,3155,440,4,,0,44,,3156,440,4,,0,82,,3157,440,4,,0,83,,3158,440,4,,0,80,,3160,440,4,,0,40,,3161,440,4,,0,80,,3162,440,4,,0,80,,3163,440,4,,0,40,,3164,440,4,,0,80,,3165,440,4,,0,80,,3166,440,4,,0
9800,'Semaine-03',702,,3291,230,4,,0,102,,3279,330,4,,0,104,,3283,330,4,,0,105,,3284,330,4,,0,506,,3285,330,4,,0,105,,3286,330,4,,0,105,,3287,330,4,,0,105,,3288,330,4,,0,102,,3289,330,4,,0,97,,3290,330,4,,0,95,,3280,330,4,,0,90,,3281,330,4,,0
11100,'Dimanche-04',839,,4574,460,4,,0,187,,4573,460,4,,0,291,,4575,460,4,,0,289,,4576,460,4,,0,305,,4577,460,4,,0
11100,'Samedi-04',839,,4582,460,4,,0,187,,4581,460,4,,0,291,,4583,460,4,,0,289,,4584,460,4,,0,305,,4585,460,4,,0
11100,'Semaine-03',605,,3318,460,4,,0,96,,3319,460,4,,0,110,,3320,460,4,,0,95,,3321,460,4,,0,114,,3334,460,4,,0,36,,3316,460,4,,0,265,,3317,460,4,,0,380,,3328,460,4,,0,99,,3330,460,4,,0,354,,3332,390,4,,0
