2200,'Fête-2-02',553,,8140,40,,,0,70,,8141,40,,,0,30,,8142,40,,,0,73,,8145,40,,,0,32,,8143,40,,,0,72,,8144,40,,,0
2200,'Semaine-02',553,,8146,40,,,0,70,,8147,40,,,0,30,,8148,40,,,0,73,,8151,40,,,0,32,,8149,40,,,0,72,,8150,40,,,0
3100,'Dimanche-02',710,,8369,170,,,0,217,,8370,170,,,0,278,,8368,170,,,0,123,,8361,170,,,0,120,,8362,170,,,0,158,,8363,170,,,0,118,,8364,170,,,0,119,,8365,170,,,0,167,,8366,170,,,0,221,,8360,170,,,0,215,,8367,170,,,0
3100,'Fête-1-02',559,,8372,170,,,0,83,,8383,170,,,0,203,,8384,170,,,0,165,,8381,170,,,0,124,,8371,170,,,0,124,,8382,170,,,0,164,,8373,170,,,0,124,,8374,170,,,0,164,,8375,170,,,0,124,,8376,170,,,0,124,,8377,170,,,0,67,,8378,170,,,0,216,,8379,170,,,0,215,,8380,170,,,0
3100,'Fête-2-02',606,,8409,170,,,0,40,,8385,170,,,0,80,,8395,170,,,0,80,,8410,170,,,0,40,,8404,170,,,0,80,,8405,170,,,0,80,,8406,170,,,0,41,,8412,170,,,0,82,,8407,170,,,0,83,,8408,170,,,0,43,,8386,170,,,0,83,,8387,170,,,0,82,,8388,170,,,0,82,,8389,170,,,0,45,,8390,170,,,0,85,,8391,170,,,0,86,,8392,170,,,0,85,,8393,170,,,0,45,,8394,170,,,0,82,,8396,170,,,0,82,,8397,170,,,0,39,,8398,170,,,0,80,,8399,170,,,0,80,,8400,170,,,0,40,,8401,170,,,0,80,,8402,170,,,0,80,,8403,170,,,0,121,,8411,170,0,5 6,0
3100,'Samedi-02',559,,8414,170,,,0,83,,8425,170,,,0,203,,8426,170,,,0,165,,8423,170,,,0,124,,8413,170,,,0,124,,8424,170,,,0,164,,8415,170,,,0,124,,8416,170,,,0,164,,8417,170,,,0,124,,8418,170,,,0,124,,8419,170,,,0,67,,8420,170,,,0,216,,8421,170,,,0,215,,8422,170,,,0
3100,'Semaine-02',606,,8451,170,,,0,40,,8427,170,,,0,80,,8437,170,,,0,80,,8452,170,,,0,40,,8446,170,,,0,80,,8447,170,,,0,80,,8448,170,,,0,41,,8454,170,,,0,82,,8449,170,,,0,83,,8450,170,,,0,43,,8428,170,,,0,83,,8429,170,,,0,82,,8430,170,,,0,82,,8431,170,,,0,45,,8432,170,,,0,85,,8433,170,,,0,86,,8434,170,,,0,85,,8435,170,,,0,45,,8436,170,,,0,82,,8438,170,,,0,82,,8439,170,,,0,39,,8440,170,,,0,80,,8441,170,,,0,80,,8442,170,,,0,40,,8443,170,,,0,80,,8444,170,,,0,80,,8445,170,,,0,121,,8453,170,0,5 6,0
11101,'Dimanche-02',735,,8798,40,,,0,183,,8794,170,,,0,188,,8793,170,,,0,297,,8795,170,,,0,249,,8796,170,,,0,154,,8799,40,,,0,148,,8797,170,,,0,293,,8800,40,,,0
11101,'Fête-1-02',735,,8806,40,,,0,183,,8802,170,,,0,188,,8801,170,,,0,297,,8803,170,,,0,249,,8804,170,,,0,154,,8807,40,,,0,148,,8805,170,,,0,293,,8808,40,,,0
11101,'Fête-2-02',726,,8817,180,,,0,100,,8820,180,,,0,100,,8821,180,,,0,11,,8819,180,,,0,220,,8824,40,,,0,56,,8823,170,,,0,201,,8809,170,,,0,190,,8810,180,,,0,30,,8812,180,,,0,70,,8813,180,,,0,30,,8814,180,,,0,70,,8815,180,,,0,30,,8816,180,,,0,70,,8818,180,,,0,30,,8811,180,,,0,110,,8822,170,,,0
11101,'Samedi-02',735,,8830,40,,,0,183,,8826,170,,,0,188,,8825,170,,,0,297,,8827,170,,,0,249,,8828,170,,,0,154,,8831,40,,,0,148,,8829,170,,,0,293,,8832,40,,,0
11101,'Semaine-02',646,,8843,120,,,0,3,,8842,170,,,0,96,,8849,170,,,0,167,,8850,180,,,0,95,,8847,180,,,0,149,,8853,40,,,0,47,,8852,170,,,0,226,,8833,180,,,0,110,,8834,110,,,0,10,,8836,180,,,0,91,,8837,110,,,0,19,,8844,180,,,0,56,,8839,110,,,0,30,,8840,110,,,0,13,,8838,110,,,0,51,,8845,180,,,0,9,,8841,110,,,0,84,,8846,180,,,0,37,,8835,180,,,0,108,,8851,40,,,0,194,,8848,170,,,0
