100,'Dimanche-01',630,,5264,520,,,0,200,,5253,520,,,0,125,,5254,520,,,0,170,,5255,520,,,0,125,,5256,520,,,0,164,,5257,520,,,0,119,,5258,520,,,0,120,,5259,520,,,0,163,,5260,520,,,0,135,,5261,520,,,0,155,,5262,520,,,0,115,,5263,520,,,0
100,'Samedi-01',630,,5306,520,,,0,200,,5295,520,,,0,125,,5296,520,,,0,170,,5297,520,,,0,125,,5298,520,,,0,164,,5299,520,,,0,119,,5300,520,,,0,120,,5301,520,,,0,163,,5302,520,,,0,135,,5303,520,,,0,155,,5304,520,,,0,115,,5305,520,,,0
100,'Semaine-01',515,,5307,520,,,0,104,,5308,520,,,0,26,,5309,520,,,0,81,,5310,520,,,0,119,,5311,520,,,0,104,,5314,520,,,0,94,,5323,520,,,0,101,,5315,520,,,0,100,,5324,520,,,0,78,,5316,520,,,0,102,,5317,520,,,0,100,,5321,520,,,0,110,,5318,520,,,0,75,,5319,520,,,0,107,,5312,520,,,0,93,,5313,520,,,0,133,,5322,520,,,0,184,,5320,520,,,0
2300,'Semaine-01',535,,5547,190,,,0,65,,5548,190,,,0,15,,5549,190,,,0,35,,5550,190,,,0,65,,5551,190,,,0,20,,5552,190,,,0,20,,5553,190,,,0,60,,5554,190,,,0
2400,'Semaine-01',604,,5574,130,,,0,22,,5575,130,,,0,33,,5576,130,,,0,92,,5578,130,,,0,74,,5579,130,,,0,80,,5577,130,,,0
2600,'Semaine-01',456,,5615,180,,,0
2800,'Semaine-01',507,,5669,50,,,0,20,,5668,50,,,0,15,,5666,290,,,0,15,,5680,50,,,0,50,,5676,50,,,0,10,,5677,50,,,0,10,,5665,330,,,0,8,,5678,50,,,0,8,,5667,290,,,0,8,,5681,50,,,0,8,,5679,50,,,0,48,,5670,50,,,0,10,,5671,50,,,0,11,,5672,50,,,0,9,,5673,50,,,0,10,,5674,50,,,0,60,,5675,50,,,0
3300,'Dimanche-01',601,,5934,370,,,0,42,,5932,370,,,0,91,,5943,370,,,0,81,,5953,370,,,0,43,,5955,370,,,0,93,,5956,370,,,0,80,,5957,370,,,0,80,,5958,370,,,0,40,,5959,370,,,0,80,,5935,370,,,0,80,,5936,370,,,0,39,,5937,370,,,0,80,,5938,370,,,0,80,,5939,370,,,0,39,,5940,370,,,0,79,,5941,370,,,0,79,,5942,370,,,0,39,,5944,370,,,0,79,,5945,370,,,0,80,,5946,370,,,0,47,,5947,370,,,0,85,,5948,370,,,0,85,,5949,370,,,0,87,,5950,370,,,0,46,,5951,370,,,0,83,,5952,370,,,0,88,,5933,370,,,0,83,,5954,370,,,0
3300,'Samedi-01',621,,6021,370,,,0,81,,6019,370,,,0,42,,6030,370,,,0,82,,6040,370,,,0,82,,6042,370,,,0,44,,6043,370,,,0,81,,6044,370,,,0,82,,6045,370,,,0,42,,6046,370,,,0,82,,6022,370,,,0,82,,6023,370,,,0,82,,6024,370,,,0,42,,6025,370,,,0,82,,6026,370,,,0,82,,6027,370,,,0,42,,6028,370,,,0,82,,6029,370,,,0,85,,6031,370,,,0,39,,6032,370,,,0,82,,6033,370,,,0,82,,6034,370,,,0,79,,6035,370,,,0,41,,6036,370,,,0,81,,6037,370,,,0,82,,6038,370,,,0,43,,6039,370,,,0,86,,6041,370,,,0,86,,6020,370,,,0
3300,'Semaine-01',628,,6048,370,,,0,80,,6076,370,,,0,41,,6057,370,,,0,80,,6067,370,,,0,80,,6070,370,,,0,40,,6071,370,,,0,80,,6072,370,,,0,82,,6073,370,,,0,41,,6074,370,,,0,83,,6049,370,,,0,83,,6050,370,,,0,83,,6051,370,,,0,43,,6052,370,,,0,83,,6053,370,,,0,86,,6054,370,,,0,45,,6055,370,,,0,85,,6056,370,,,0,84,,6058,370,,,0,81,,6059,370,,,0,43,,6060,370,,,0,82,,6061,370,,,0,80,,6062,370,,,0,40,,6063,370,,,0,79,,6064,370,,,0,80,,6065,370,,,0,40,,6066,370,,,0,80,,6068,370,,,0,80,,6069,370,,,0
9000,'Semaine-01',641,,6077,70,,,0,63,,6078,70,,,0
