100,'Dimanche-04',644,,4395,660,,,0,200,,4384,660,,,0,167,,4385,660,,,0,131,,4386,660,,,0,165,,4387,660,,,0,123,,4388,660,,,0,118,,4389,660,,,0,160,,4390,660,,,0,123,,4391,660,,,0,175,,4392,660,,,0,115,,4393,660,,,0,115,,4394,660,,,0
100,'Samedi-04',644,,4407,660,,,0,200,,4396,660,,,0,167,,4397,660,,,0,131,,4398,660,,,0,165,,4399,660,,,0,123,,4400,660,,,0,118,,4401,660,,,0,160,,4402,660,,,0,123,,4403,660,,,0,175,,4404,660,,,0,115,,4405,660,,,0,115,,4406,660,,,0
100,'Semaine-03',532,,2656,660,,,0,105,,2657,660,,,0,66,,2658,660,,,0,43,,2659,660,,,0,157,,2660,660,,,0,103,,2663,660,,,0,94,,2672,660,,,0,101,,2664,660,,,0,103,,2673,660,,,0,38,,2665,660,,,0,101,,2666,660,,,0,100,,2670,660,,,0,110,,2667,660,,,0,75,,2668,660,,,0,104,,2661,660,,,0,92,,2662,660,,,0,131,,2671,660,,,0,184,,2669,660,,,0
2100,'Semaine-03',551,,2788,300,,,0,70,,2789,300,,,0,31,,2790,300,,,0,75,,2791,300,,,0,30,,2792,300,,,0,75,,2793,300,,,0
2300,'Semaine-03',551,,2844,340,,,0,66,,2845,340,,,0,15,,2846,340,,,0,75,,2847,340,,,0,26,,2848,340,,,0,20,,2849,340,,,0,60,,2850,340,,,0,20,,2851,340,,,0
2500,'Semaine-03',608,,2896,320,,,0,34,,2893,340,,,0,61,,2897,320,,,0,29,,2894,340,,,0,26,,2898,320,,,0,69,,2895,340,,,0
2600,'Semaine-03',506,,2913,290,,,0,17,,2914,300,,,0
2800,'Semaine-03',525,,2969,190,,,0,20,,2968,190,,,0,55,,2966,440,,,0,15,,2978,190,,,0,15,,2975,190,,,0,15,,2965,480,,,0,10,,2976,190,,,0,50,,2967,440,,,0,11,,2977,190,,,0,10,,2970,190,,,0,10,,2971,190,,,0,16,,2972,190,,,0,55,,2973,190,,,0,20,,2974,190,,,0
3100,'Dimanche-04',728,,4473,380,,,0,218,,4474,380,,,0,278,,4472,380,,,0,123,,4465,380,,,0,160,,4466,380,,,0,118,,4467,380,,,0,118,,4468,380,,,0,159,,4469,380,,,0,127,,4470,380,,,0,221,,4464,380,,,0,254,,4471,380,,,0
3100,'Samedi-04',617,,4476,380,,,0,83,,4487,380,,,0,204,,4488,380,,,0,125,,4485,380,,,0,124,,4475,380,,,0,164,,4486,380,,,0,124,,4477,380,,,0,164,,4478,380,,,0,124,,4479,380,,,0,124,,4480,380,,,0,164,,4481,380,,,0,27,,4482,380,,,0,256,,4483,380,,,0,214,,4484,380,,,0
3100,'Semaine-03',627,,3099,380,,,0,80,,3075,380,,,0,40,,3085,380,,,0,80,,3100,380,,,0,80,,3094,380,,,0,40,,3095,380,,,0,80,,3096,380,,,0,80,,3102,380,,,0,43,,3097,380,,,0,83,,3098,380,,,0,83,,3076,380,,,0,43,,3077,380,,,0,82,,3078,380,,,0,82,,3079,380,,,0,85,,3080,380,,,0,45,,3081,380,,,0,86,,3082,380,,,0,85,,3083,380,,,0,84,,3084,380,,,0,42,,3086,380,,,0,82,,3087,380,,,0,79,,3088,380,,,0,40,,3089,380,,,0,79,,3090,380,,,0,80,,3091,380,,,0,40,,3092,380,,,0,80,,3093,380,,,0
3200,'Dimanche-04',622,,4489,390,,,0,214,,4494,390,,,0,223,,4497,390,,,0,192,,4498,390,,,0,159,,4490,390,,,0,122,,4500,390,,,0,120,,4491,390,,,0,159,,4493,390,,,0,118,,4492,390,,,0,214,,4495,390,,,0,216,,4496,390,,,0
3200,'Samedi-04',553,,4501,270,,,0,181,,4507,390,,,0,77,,4502,390,,,0,120,,4510,390,,,0,123,,4511,390,,,0,164,,4512,390,,,0,124,,4503,390,,,0,164,,4514,390,,,0,124,,4504,390,,,0,128,,4505,390,,,0,160,,4506,390,,,0,235,,4508,390,,,0,256,,4509,390,,,0
3200,'Semaine-03',649,,3173,390,,,0,80,,3148,390,,,0,80,,3176,390,,,0,40,,3159,390,,,0,80,,3167,390,,,0,79,,3168,390,,,0,41,,3169,390,,,0,81,,3170,390,,,0,83,,3171,390,,,0,43,,3172,390,,,0,83,,3149,390,,,0,82,,3150,390,,,0,83,,3151,390,,,0,45,,3175,390,,,0,60,,3152,40,,,0,25,,3153,390,,,0,21,,3177,40,,,0,64,,3154,390,,,0,20,,3178,40,,,0,65,,3155,390,,,0,44,,3156,390,,,0,82,,3157,390,,,0,83,,3158,390,,,0,40,,3160,390,,,0,80,,3161,390,,,0,80,,3162,390,,,0,40,,3163,390,,,0,80,,3164,390,,,0,80,,3165,390,,,0,40,,3166,390,,,0
11100,'Dimanche-04',830,,4574,410,0,5 10,0,188,,4573,410,0,5 10,0,290,,4575,410,0,5 10,0,249,,4576,410,0,5 10,0,345,,4577,410,0,5 10,0
11100,'Samedi-04',830,,4582,410,0,5 10,0,188,,4581,410,0,5 10,0,290,,4583,410,0,5 10,0,249,,4584,410,0,5 10,0,345,,4585,410,0,5 10,0
11100,'Semaine-03',542,,3324,410,0,5 15,0,15,,3318,410,0,5 10,0,60,,3322,410,0,5 15,0,27,,3325,410,0,5 15,0,6,,3319,410,0,5 10,0,54,,3323,410,0,5 15,0,31,,3331,410,0,5 15,0,20,,3326,410,0,5 15,0,45,,3320,410,0,5 10,0,15,,3333,410,0,5 15,0,40,,3321,410,0,5 10,0,157,,3334,410,0,5 10,0,35,,3316,410,0,5 10,0,265,,3317,410,0,5 10,0,341,,3328,410,0,5 10,0,5,,3327,340,0,5 15,0,94,,3330,410,0,5 10,0,58,,3329,340,0,5 15,0,336,,3332,340,0,5 10,0
