100,'Dimanche-01',659,,5264,760,4,,0,200,,5253,760,4,,0,169,,5254,760,4,,0,131,,5255,760,4,,0,165,,5256,760,4,,0,123,,5257,760,4,,0,158,,5258,760,4,,0,120,,5259,760,4,,0,122,,5260,760,4,,0,175,,5261,760,4,,0,115,,5262,760,4,,0,115,,5263,760,4,,0
100,'Samedi-01',659,,5306,760,4,,0,200,,5295,760,4,,0,169,,5296,760,4,,0,131,,5297,760,4,,0,165,,5298,760,4,,0,123,,5299,760,4,,0,158,,5300,760,4,,0,120,,5301,760,4,,0,122,,5302,760,4,,0,175,,5303,760,4,,0,115,,5304,760,4,,0,115,,5305,760,4,,0
100,'Semaine-01',547,,5307,760,4,,0,106,,5308,760,4,,0,68,,5309,760,4,,0,83,,5310,760,4,,0,116,,5311,760,4,,0,103,,5314,760,4,,0,92,,5323,760,4,,0,103,,5315,760,4,,0,104,,5324,760,4,,0,78,,5316,760,4,,0,101,,5317,760,4,,0,100,,5321,760,4,,0,110,,5318,760,4,,0,34,,5319,760,4,,0,103,,5312,760,4,,0,92,,5313,760,4,,0,171,,5322,760,4,,0,143,,5320,760,4,,0
2100,'Semaine-01',605,,5492,400,4,,0,30,,5493,400,4,,0,73,,5494,400,4,,0,37,,5495,400,4,,0,70,,5496,400,4,,0,36,,5497,400,4,,0
2300,'Semaine-01',606,,5547,440,4,,0,26,,5548,440,4,,0,17,,5549,440,4,,0,75,,5550,440,4,,0,26,,5551,440,4,,0,61,,5552,440,4,,0,21,,5553,440,4,,0,20,,5554,440,4,,0
2500,'Semaine-01',622,,5598,420,4,,0,34,,5595,440,4,,0,61,,5599,420,4,,0,29,,5596,440,4,,0,66,,5600,420,4,,0,29,,5597,440,4,,0
2600,'Semaine-01',519,,5615,390,4,,0,16,,5616,400,4,,0
3100,'Dimanche-01',739,,5744,480,4,,0,220,,5745,480,4,,0,278,,5743,480,4,,0,163,,5736,480,4,,0,120,,5737,480,4,,0,118,,5738,480,4,,0,118,,5739,480,4,,0,159,,5740,480,4,,0,127,,5741,480,4,,0,260,,5735,480,4,,0,213,,5742,480,4,,0
3100,'Samedi-01',628,,5789,480,4,,0,83,,5800,480,4,,0,206,,5801,480,4,,0,125,,5798,480,4,,0,164,,5788,480,4,,0,124,,5799,480,4,,0,124,,5790,480,4,,0,164,,5791,480,4,,0,124,,5792,480,4,,0,164,,5793,480,4,,0,124,,5794,480,4,,0,26,,5795,480,4,,0,256,,5796,480,4,,0,213,,5797,480,4,,0
3100,'Semaine-01',642,,5826,480,4,,0,80,,5802,480,4,,0,82,,5812,480,4,,0,41,,5827,480,4,,0,80,,5821,480,4,,0,80,,5822,480,4,,0,37,,5823,480,4,,0,79,,5829,480,4,,0,84,,5824,480,4,,0,43,,5825,480,4,,0,83,,5803,480,4,,0,83,,5804,480,4,,0,42,,5805,480,4,,0,84,,5806,480,4,,0,84,,5807,480,4,,0,85,,5808,480,4,,0,46,,5809,480,4,,0,82,,5810,480,4,,0,84,,5811,480,4,,0,82,,5813,480,4,,0,42,,5814,480,4,,0,79,,5815,480,4,,0,80,,5816,480,4,,0,37,,5817,480,4,,0,80,,5818,480,4,,0,80,,5819,480,4,,0,40,,5820,480,4,,0
3200,'Dimanche-01',635,,5830,490,4,,0,214,,5835,490,4,,0,263,,5838,490,4,,0,192,,5839,490,4,,0,119,,5831,490,4,,0,122,,5841,490,4,,0,160,,5832,490,4,,0,119,,5834,490,4,,0,118,,5833,490,4,,0,212,,5836,490,4,,0,256,,5837,490,4,,0
3200,'Samedi-01',606,,5887,370,4,,0,141,,5893,490,4,,0,77,,5888,490,4,,0,120,,5896,490,4,,0,163,,5897,490,4,,0,124,,5898,490,4,,0,124,,5889,490,4,,0,164,,5900,490,4,,0,124,,5890,490,4,,0,168,,5891,490,4,,0,120,,5892,490,4,,0,273,,5894,490,4,,0,216,,5895,490,4,,0
3200,'Semaine-01',706,,5926,490,4,,0,42,,5901,490,4,,0,80,,5929,490,4,,0,80,,5912,490,4,,0,40,,5920,490,4,,0,77,,5921,490,4,,0,81,,5922,490,4,,0,41,,5923,490,4,,0,83,,5924,490,4,,0,83,,5925,490,4,,0,43,,5902,490,4,,0,82,,5903,490,4,,0,83,,5904,490,4,,0,86,,5928,490,4,,0,18,,5905,140,4,,0,27,,5906,490,4,,0,59,,5930,140,4,,0,24,,5907,490,4,,0,20,,5931,140,4,,0,65,,5908,490,4,,0,84,,5909,490,4,,0,40,,5910,490,4,,0,83,,5911,490,4,,0,80,,5913,490,4,,0,40,,5914,490,4,,0,80,,5915,490,4,,0,80,,5916,490,4,,0,40,,5917,490,4,,0,80,,5918,490,4,,0,80,,5919,490,4,,0
9800,'Semaine-01',707,,6107,280,4,,0,102,,6095,380,4,,0,104,,6099,380,4,,0,105,,6100,380,4,,0,506,,6101,380,4,,0,105,,6102,380,4,,0,105,,6103,380,4,,0,105,,6104,380,4,,0,101,,6105,380,4,,0,97,,6106,380,4,,0,95,,6096,380,4,,0,90,,6097,380,4,,0
11100,'Dimanche-01',845,,6109,510,4,,0,187,,6108,510,4,,0,291,,6110,510,4,,0,290,,6111,510,4,,0,305,,6112,510,4,,0
11100,'Samedi-01',845,,6139,510,4,,0,187,,6138,510,4,,0,291,,6140,510,4,,0,290,,6141,510,4,,0,305,,6142,510,4,,0
11100,'Semaine-01',610,,6148,510,4,,0,97,,6149,510,4,,0,111,,6150,510,4,,0,95,,6151,510,4,,0,114,,6164,510,4,,0,75,,6146,510,4,,0,225,,6147,510,4,,0,380,,6158,510,4,,0,97,,6160,510,4,,0,396,,6162,440,4,,0
