2201,'Fête-2-01',1636,,5527,170,,,0,65,,5531,170,,,0,25,,5528,170,,,0,25,,5532,170,,,0,65,,5530,170,,,0,23,,5529,170,,,0
2201,'Semaine-01',1636,,5533,170,,,0,65,,5537,170,,,0,25,,5534,170,,,0,25,,5538,170,,,0,65,,5536,170,,,0,23,,5535,170,,,0
2000002200,'Dimanche-01',602,,6707,10,,,0,50,,6708,10,,,0,81,,6709,10,,,0,83,,6710,10,,,0,93,,6711,10,,,0,43,,6712,10,,,0,87,,6713,10,,,0,74,,6714,10,,,0,34,,6715,10,,,0,84,,6716,10,,,0,79,,6717,10,,,0,40,,6718,10,,,0,80,,6719,10,,,0,82,,6720,10,,,0,36,,6721,10,,,0,84,,6722,10,,,0,74,,6723,10,,,0,45,,6724,10,,,0,74,,6725,10,,,0,84,,6726,10,,,0,43,,6728,10,,,0,87,,6705,10,,,0,84,,6727,10,,,0,90,,6729,10,,,0,43,,6730,10,,,0,83,,6731,10,,,0,89,,6704,10,,,0,86,,6706,10,,,0
2000002200,'Fête-1-01',541,,6735,10,,,0,83,,6736,10,,,0,90,,6737,10,,,0,37,,6738,10,,,0,76,,6739,10,,,0,84,,6740,10,,,0,41,,6741,10,,,0,82,,6742,10,,,0,82,,6743,10,,,0,42,,6744,10,,,0,82,,6745,10,,,0,82,,6746,10,,,0,82,,6747,10,,,0,42,,6748,10,,,0,82,,6749,10,,,0,82,,6750,10,,,0,42,,6751,10,,,0,86,,6752,10,,,0,78,,6753,10,,,0,42,,6754,10,,,0,82,,6755,10,,,0,81,,6757,10,,,0,37,,6733,10,,,0,75,,6756,10,,,0,90,,6758,10,,,0,87,,6759,10,,,0,39,,6760,10,,,0,89,,6732,10,,,0,81,,6734,10,,,0
2000002200,'Fête-2-01',547,,6783,10,0,5 6,0,280,,6780,10,0,5 6,0,80,,6761,10,0,5 6,0,40,,6762,10,0,5 6,0,81,,6763,10,0,5 6,0,81,,6764,10,0,5 6,0,43,,6765,10,0,5 6,0,83,,6766,10,0,5 6,0,83,,6767,10,0,5 6,0,82,,6768,10,0,5 6,0,42,,6769,10,0,5 6,0,85,,6781,10,0,5 6,0,300,,6782,10,0,5 6,0,83,,6770,10,0,5 6,0,42,,6771,10,0,5 6,0,80,,6772,10,0,5 6,0,80,,6773,10,0,5 6,0,40,,6774,10,0,5 6,0,80,,6775,10,0,5 6,0,80,,6776,10,0,5 6,0,38,,6777,10,0,5 6,0,83,,6778,10,0,5 6,0,80,,6779,10,0,5 6,0
2000002200,'Samedi-01',541,,6787,10,,,0,83,,6788,10,,,0,90,,6789,10,,,0,37,,6790,10,,,0,76,,6791,10,,,0,84,,6792,10,,,0,41,,6793,10,,,0,82,,6794,10,,,0,82,,6795,10,,,0,42,,6796,10,,,0,82,,6797,10,,,0,82,,6798,10,,,0,82,,6799,10,,,0,42,,6800,10,,,0,82,,6801,10,,,0,82,,6802,10,,,0,42,,6803,10,,,0,86,,6804,10,,,0,78,,6805,10,,,0,42,,6806,10,,,0,82,,6807,10,,,0,81,,6809,10,,,0,37,,6785,10,,,0,75,,6808,10,,,0,90,,6810,10,,,0,87,,6811,10,,,0,39,,6812,10,,,0,89,,6784,10,,,0,81,,6786,10,,,0
2000002200,'Semaine-01',547,,6835,10,0,5 6,0,280,,6832,10,0,5 6,0,80,,6813,10,0,5 6,0,40,,6814,10,0,5 6,0,81,,6815,10,0,5 6,0,81,,6816,10,0,5 6,0,43,,6817,10,0,5 6,0,83,,6818,10,0,5 6,0,83,,6819,10,0,5 6,0,82,,6820,10,0,5 6,0,42,,6821,10,0,5 6,0,85,,6833,10,0,5 6,0,300,,6834,10,0,5 6,0,83,,6822,10,0,5 6,0,42,,6823,10,0,5 6,0,80,,6824,10,0,5 6,0,80,,6825,10,0,5 6,0,40,,6826,10,0,5 6,0,80,,6827,10,0,5 6,0,80,,6828,10,0,5 6,0,38,,6829,10,0,5 6,0,83,,6830,10,0,5 6,0,80,,6831,10,0,5 6,0
2000002201,'Dimanche-01',633,,6840,130,4,,0,90,,6836,130,4,,0,81,,6841,130,4,,0,43,,6842,130,4,,0,93,,6843,130,4,,0,83,,6844,130,4,,0,87,,6845,130,4,,0,34,,6846,130,4,,0,74,,6847,130,4,,0,84,,6848,130,4,,0,39,,6849,130,4,,0,80,,6850,130,4,,0,80,,6851,130,4,,0,42,,6852,130,4,,0,76,,6853,130,4,,0,84,,6854,130,4,,0,34,,6855,130,4,,0,85,,6856,130,4,,0,34,,6857,130,4,,0,84,,6859,130,4,,0,84,,6858,130,4,,0,86,,6838,130,4,,0,44,,6860,130,4,,0,90,,6861,130,4,,0,82,,6862,130,4,,0,84,,6863,130,4,,0,49,,6837,130,4,,0,84,,6839,130,4,,0,82,,6864,130,4,,0
2000002201,'Fête-1-01',612,,6865,130,4,,0,43,,6870,130,4,,0,90,,6866,130,4,,0,77,,6871,130,4,,0,36,,6872,130,4,,0,84,,6873,130,4,,0,81,,6874,130,4,,0,82,,6875,130,4,,0,42,,6876,130,4,,0,82,,6877,130,4,,0,82,,6878,130,4,,0,42,,6879,130,4,,0,82,,6880,130,4,,0,82,,6881,130,4,,0,42,,6882,130,4,,0,82,,6883,130,4,,0,82,,6884,130,4,,0,86,,6885,130,4,,0,38,,6886,130,4,,0,82,,6887,130,4,,0,82,,6889,130,4,,0,42,,6888,130,4,,0,76,,6868,130,4,,0,75,,6890,130,4,,0,50,,6891,130,4,,0,86,,6892,130,4,,0,80,,6893,130,4,,0,89,,6867,130,4,,0,39,,6869,130,4,,0,77,,6894,130,4,,0
2000002201,'Fête-2-01',619,,6917,130,4,,0,281,,6895,130,4,,0,40,,6896,130,4,,0,80,,6897,130,4,,0,81,,6898,130,4,,0,41,,6899,130,4,,0,83,,6900,130,4,,0,83,,6901,130,4,,0,43,,6902,130,4,,0,82,,6903,130,4,,0,82,,6915,130,4,,0,85,,6916,130,4,,0,300,,6904,130,4,,0,42,,6905,130,4,,0,83,,6906,130,4,,0,80,,6907,130,4,,0,40,,6908,130,4,,0,80,,6909,130,4,,0,80,,6910,130,4,,0,40,,6911,130,4,,0,80,,6912,130,4,,0,80,,6913,130,4,,0,40,,6914,130,4,,0
2000002201,'Samedi-01',612,,6918,130,4,,0,43,,6923,130,4,,0,90,,6919,130,4,,0,77,,6924,130,4,,0,36,,6925,130,4,,0,84,,6926,130,4,,0,81,,6927,130,4,,0,82,,6928,130,4,,0,42,,6929,130,4,,0,82,,6930,130,4,,0,82,,6931,130,4,,0,42,,6932,130,4,,0,82,,6933,130,4,,0,82,,6934,130,4,,0,42,,6935,130,4,,0,82,,6936,130,4,,0,82,,6937,130,4,,0,86,,6938,130,4,,0,38,,6939,130,4,,0,82,,6940,130,4,,0,82,,6942,130,4,,0,42,,6941,130,4,,0,76,,6921,130,4,,0,75,,6943,130,4,,0,50,,6944,130,4,,0,86,,6945,130,4,,0,80,,6946,130,4,,0,89,,6920,130,4,,0,39,,6922,130,4,,0,77,,6947,130,4,,0
2000002201,'Semaine-01',619,,6970,130,4,,0,281,,6948,130,4,,0,40,,6949,130,4,,0,80,,6950,130,4,,0,81,,6951,130,4,,0,41,,6952,130,4,,0,83,,6953,130,4,,0,83,,6954,130,4,,0,43,,6955,130,4,,0,82,,6956,130,4,,0,82,,6968,130,4,,0,85,,6969,130,4,,0,300,,6957,130,4,,0,42,,6958,130,4,,0,83,,6959,130,4,,0,80,,6960,130,4,,0,40,,6961,130,4,,0,80,,6962,130,4,,0,80,,6963,130,4,,0,40,,6964,130,4,,0,80,,6965,130,4,,0,80,,6966,130,4,,0,40,,6967,130,4,,0
