101,'Dimanche-04',758,,4408,520,,,0,246,,4409,520,,,0,131,,4410,520,,,0,173,,4411,520,,,0,127,,4412,520,,,0,120,,4413,520,,,0,160,,4414,520,,,0,120,,4415,520,,,0,117,,4416,520,,,0,174,,4417,520,,,0,114,,4418,520,,,0,113,,4419,520,,,0
101,'Samedi-04',758,,4420,520,,,0,246,,4421,520,,,0,131,,4422,520,,,0,173,,4423,520,,,0,127,,4424,520,,,0,120,,4425,520,,,0,160,,4426,520,,,0,120,,4427,520,,,0,117,,4428,520,,,0,174,,4429,520,,,0,114,,4430,520,,,0,113,,4431,520,,,0
101,'Semaine-02',653,,2686,520,,,0,101,,2695,520,,,0,70,,2697,520,,,0,100,,2698,520,,,0,105,,2699,520,,,0,95,,2700,520,,,0,100,,2702,520,,,0,100,,2701,520,,,0,111,,2703,520,,,0,86,,2687,520,,,0,110,,2688,520,,,0,91,,2689,520,,,0,105,,2690,520,,,0,29,,2691,520,,,0,69,,2692,520,,,0,108,,2693,520,,,0,182,,2694,520,,,0,189,,2696,520,,,0
101,'Semaine-03',658,,2704,520,,,0,101,,2713,520,,,0,70,,2715,520,,,0,90,,2716,520,,,0,110,,2717,520,,,0,105,,2718,520,,,0,95,,2720,520,,,0,105,,2719,520,,,0,106,,2721,520,,,0,81,,2705,520,,,0,105,,2706,520,,,0,96,,2707,520,,,0,105,,2708,520,,,0,74,,2709,520,,,0,103,,2710,520,,,0,43,,2711,520,,,0,173,,2712,520,,,0,134,,2714,520,,,0
2001,'Dimanche-04',730,,4448,20,,,0,124,,4449,20,,,0,166,,4450,20,,,0,125,,4451,20,,,0,165,,4452,20,,,0,125,,4453,20,,,0,165,,4454,20,,,0,125,,4455,20,,,0
2001,'Samedi-04',730,,4456,20,,,0,124,,4457,20,,,0,166,,4458,20,,,0,125,,4459,20,,,0,165,,4460,20,,,0,125,,4461,20,,,0,165,,4462,20,,,0,125,,4463,20,,,0
2001,'Semaine-02',715,,2760,20,,,0,125,,2761,20,,,0,165,,2762,20,,,0,126,,2763,20,,,0,126,,2764,20,,,0,165,,2765,20,,,0,126,,2766,20,,,0,166,,2767,20,,,0,126,,2768,20,,,0
2001,'Semaine-02-0001100',2003,,2770,20,,,0,124,,2769,20,,,0
2001,'Semaine-03',715,,2771,20,,,0,125,,2772,20,,,0,165,,2773,20,,,0,126,,2774,20,,,0,126,,2775,20,,,0,165,,2776,20,,,0,126,,2777,20,,,0,166,,2778,20,,,0,126,,2779,20,,,0
2001,'Semaine-03-0001100',2003,,2781,20,,,0,124,,2780,20,,,0
2801,'Semaine-02',1655,,2980,410,0,7,0,99,,2979,410,,,0,67,,2981,410,0,7,0
2801,'Semaine-03',1710,,2994,410,0,7,0,39,,2993,410,,,0,68,,2995,410,0,7,0
