101,'Dimanche-01',725,,5325,110,,,0,205,,5326,110,,,0,170,,5327,110,,,0,131,,5328,110,,,0,126,,5329,110,,,0,160,,5330,110,,,0,120,,5331,110,,,0,120,,5332,110,,,0,159,,5333,110,,,0,134,,5334,110,,,0,155,,5335,110,,,0,115,,5336,110,,,0
101,'Samedi-01',725,,5367,110,,,0,205,,5368,110,,,0,170,,5369,110,,,0,131,,5370,110,,,0,126,,5371,110,,,0,160,,5372,110,,,0,120,,5373,110,,,0,120,,5374,110,,,0,159,,5375,110,,,0,134,,5376,110,,,0,155,,5377,110,,,0,115,,5378,110,,,0
101,'Semaine-01',622,,5379,110,,,0,100,,5388,110,,,0,30,,5390,110,,,0,90,,5391,110,,,0,111,,5392,110,,,0,105,,5393,110,,,0,95,,5395,110,,,0,100,,5394,110,,,0,106,,5396,110,,,0,81,,5380,110,,,0,101,,5381,110,,,0,98,,5382,110,,,0,109,,5383,110,,,0,74,,5384,110,,,0,104,,5385,110,,,0,84,,5386,110,,,0,135,,5387,110,,,0,175,,5389,110,,,0
2101,'Semaine-01',654,,5512,110,0,5 6,0,79,,5513,110,0,5 6,0,81,,5514,110,0,5 6,0,796,,5506,110,,,0,23,,5507,110,,,0,26,,5508,110,,,0,65,,5509,110,,,0,25,,5510,110,,,0,68,,5511,110,,,0
2301,'Semaine-01',1543,,5562,110,,,0,65,,5563,110,,,0,30,,5564,110,,,0,70,,5565,110,,,0,30,,5566,110,,,0,69,,5567,110,,,0,30,,5568,110,,,0
2501,'Semaine-01',1548,,5607,110,,,0,80,,5608,110,,,0,74,,5609,110,,,0,39,,5610,110,,,0,80,,5611,110,,,0,29,,5612,110,,,0
2801,'Semaine-01',1348,,5697,50,0,22,0,185,,5703,50,0,22,0,16,,5706,50,0,22,0,55,,5710,50,0,22,0,12,,5707,50,0,22,0,15,,5695,50,0,23,0,5,,5708,50,0,22,0,10,,5709,50,0,22,0,10,,5698,50,0,22,0,49,,5699,50,0,22,0,10,,5694,50,,,0,10,,5700,50,0,22,0,9,,5701,50,0,22,0,10,,5696,50,0,23,0,14,,5702,50,0,22,0,52,,5704,50,0,22,0,25,,5705,50,0,22,0
3100,'Dimanche-01',659,,5744,110,,,0,256,,5745,110,,,0,238,,5743,110,,,0,163,,5736,110,,,0,120,,5737,110,,,0,118,,5738,110,,,0,158,,5739,110,,,0,119,,5740,110,,,0,127,,5741,110,,,0,261,,5735,110,,,0,215,,5742,110,,,0
3100,'Samedi-01',548,,5789,110,,,0,83,,5800,110,,,0,202,,5801,110,,,0,125,,5798,110,,,0,164,,5788,110,,,0,124,,5799,110,,,0,164,,5790,110,,,0,124,,5791,110,,,0,124,,5792,110,,,0,164,,5793,110,,,0,124,,5794,110,,,0,67,,5795,110,,,0,216,,5796,110,,,0,215,,5797,110,,,0
3100,'Semaine-01',554,,5826,110,,,0,80,,5802,110,,,0,80,,5812,110,,,0,40,,5827,110,,,0,80,,5821,110,,,0,80,,5822,110,,,0,40,,5823,110,,,0,81,,5829,110,,,0,81,,5824,110,,,0,43,,5825,110,,,0,83,,5803,110,,,0,83,,5804,110,,,0,82,,5805,110,,,0,42,,5806,110,,,0,85,,5807,110,,,0,85,,5808,110,,,0,85,,5809,110,,,0,45,,5810,110,,,0,85,,5811,110,,,0,84,,5813,110,,,0,82,,5814,110,,,0,40,,5815,110,,,0,80,,5816,110,,,0,80,,5817,110,,,0,40,,5818,110,,,0,80,,5819,110,,,0,80,,5820,110,,,0,121,,5828,110,0,5 6,0
3200,'Dimanche-01',549,,5830,110,,,0,254,,5835,110,,,0,223,,5838,110,,,0,192,,5839,110,,,0,119,,5831,110,,,0,122,,5841,110,,,0,160,,5832,110,,,0,119,,5834,110,,,0,118,,5833,110,,,0,255,,5836,110,,,0,216,,5837,110,,,0,213,,5840,110,0,6,0
3200,'Samedi-01',701,,5893,110,,,0,37,,5888,110,,,0,120,,5896,110,,,0,163,,5897,110,,,0,124,,5898,110,,,0,164,,5889,110,,,0,124,,5900,110,,,0,124,,5890,110,,,0,168,,5891,110,,,0,120,,5892,110,,,0,276,,5894,110,,,0,216,,5895,110,,,0,209,,5899,110,0,6,0
3200,'Semaine-01',618,,5926,110,,,0,39,,5901,110,,,0,79,,5929,110,,,0,79,,5912,110,,,0,40,,5920,110,,,0,82,,5921,110,,,0,81,,5922,110,,,0,41,,5923,110,,,0,83,,5924,110,,,0,83,,5925,110,,,0,83,,5902,110,,,0,42,,5903,110,,,0,82,,5904,110,,,0,84,,5928,110,,,0,85,,5906,110,,,0,45,,5907,110,,,0,86,,5908,110,,,0,85,,5909,110,,,0,42,,5910,110,,,0,84,,5911,110,,,0,81,,5913,110,,,0,80,,5914,110,,,0,40,,5915,110,,,0,80,,5916,110,,,0,80,,5917,110,,,0,41,,5918,110,,,0,80,,5919,110,,,0,112,,5927,110,0,6,0
9001,'Semaine-01',1646,,6081,20,0,5 6,0,95,,6079,20,0,5 6,0,87,,6080,20,,,0
11101,'Dimanche-01',907,,6169,110,,,0,148,,6168,110,,,0,296,,6170,110,,,0,288,,6171,110,,,0,304,,6172,110,,,0
11101,'Samedi-01',907,,6201,110,,,0,148,,6200,110,,,0,296,,6202,110,,,0,288,,6203,110,,,0,304,,6204,110,,,0
11101,'Semaine-01',637,,6218,50,,,0,1,,6217,110,,,0,96,,6224,110,,,0,170,,6225,110,,,0,55,,6222,110,,,0,193,,6227,110,,,0,265,,6208,120,,,0,110,,6209,50,,,0,10,,6211,120,,,0,91,,6212,50,,,0,19,,6219,120,,,0,56,,6214,50,,,0,30,,6215,50,,,0,13,,6213,50,,,0,11,,6220,120,,,0,49,,6216,50,,,0,45,,6221,120,,,0,78,,6210,120,,,0,301,,6223,110,,,0
