100,'Dimanche-04',700,,4395,770,4,,0,200,,4384,770,4,,0,130,,4385,770,4,,0,171,,4386,770,4,,0,125,,4387,770,4,,0,123,,4388,770,4,,0,157,,4389,770,4,,0,120,,4390,770,4,,0,122,,4391,770,4,,0,175,,4392,770,4,,0,115,,4393,770,4,,0,115,,4394,770,4,,0
100,'Samedi-04',700,,4407,770,4,,0,200,,4396,770,4,,0,130,,4397,770,4,,0,171,,4398,770,4,,0,125,,4399,770,4,,0,123,,4400,770,4,,0,157,,4401,770,4,,0,120,,4402,770,4,,0,122,,4403,770,4,,0,175,,4404,770,4,,0,115,,4405,770,4,,0,115,,4406,770,4,,0
100,'Semaine-03',548,,2656,770,4,,0,106,,2657,770,4,,0,68,,2658,770,4,,0,84,,2659,770,4,,0,115,,2660,770,4,,0,103,,2663,770,4,,0,92,,2672,770,4,,0,103,,2664,770,4,,0,105,,2673,770,4,,0,78,,2665,770,4,,0,101,,2666,770,4,,0,100,,2670,770,4,,0,110,,2667,770,4,,0,34,,2668,770,4,,0,102,,2661,770,4,,0,92,,2662,770,4,,0,171,,2671,770,4,,0,143,,2669,770,4,,0
2100,'Semaine-03',605,,2788,410,4,,0,30,,2789,410,4,,0,73,,2790,410,4,,0,38,,2791,410,4,,0,70,,2792,410,4,,0,36,,2793,410,4,,0
2300,'Semaine-03',606,,2844,450,4,,0,27,,2845,450,4,,0,17,,2846,450,4,,0,75,,2847,450,4,,0,26,,2848,450,4,,0,61,,2849,450,4,,0,21,,2850,450,4,,0,20,,2851,450,4,,0
2500,'Semaine-03',623,,2896,430,4,,0,34,,2893,450,4,,0,61,,2897,430,4,,0,29,,2894,450,4,,0,66,,2898,430,4,,0,29,,2895,450,4,,0
2600,'Semaine-03',520,,2913,400,4,,0,16,,2914,410,4,,0
3100,'Dimanche-04',740,,4473,490,4,,0,219,,4474,490,4,,0,278,,4472,490,4,,0,163,,4465,490,4,,0,120,,4466,490,4,,0,118,,4467,490,4,,0,118,,4468,490,4,,0,159,,4469,490,4,,0,127,,4470,490,4,,0,261,,4464,490,4,,0,213,,4471,490,4,,0
3100,'Samedi-04',629,,4476,490,4,,0,83,,4487,490,4,,0,205,,4488,490,4,,0,125,,4485,490,4,,0,164,,4475,490,4,,0,124,,4486,490,4,,0,124,,4477,490,4,,0,164,,4478,490,4,,0,124,,4479,490,4,,0,164,,4480,490,4,,0,124,,4481,490,4,,0,27,,4482,490,4,,0,256,,4483,490,4,,0,213,,4484,490,4,,0
3100,'Semaine-03',643,,3099,490,4,,0,80,,3075,490,4,,0,82,,3085,490,4,,0,40,,3100,490,4,,0,80,,3094,490,4,,0,80,,3095,490,4,,0,37,,3096,490,4,,0,79,,3102,490,4,,0,84,,3097,490,4,,0,43,,3098,490,4,,0,83,,3076,490,4,,0,83,,3077,490,4,,0,42,,3078,490,4,,0,84,,3079,490,4,,0,84,,3080,490,4,,0,85,,3081,490,4,,0,46,,3082,490,4,,0,83,,3083,490,4,,0,84,,3084,490,4,,0,82,,3086,490,4,,0,42,,3087,490,4,,0,79,,3088,490,4,,0,80,,3089,490,4,,0,37,,3090,490,4,,0,80,,3091,490,4,,0,80,,3092,490,4,,0,40,,3093,490,4,,0
3200,'Dimanche-04',635,,4489,500,4,,0,214,,4494,500,4,,0,263,,4497,500,4,,0,192,,4498,500,4,,0,119,,4490,500,4,,0,122,,4500,500,4,,0,160,,4491,500,4,,0,119,,4493,500,4,,0,118,,4492,500,4,,0,213,,4495,500,4,,0,256,,4496,500,4,,0
3200,'Samedi-04',606,,4501,380,4,,0,141,,4507,500,4,,0,77,,4502,500,4,,0,120,,4510,500,4,,0,163,,4511,500,4,,0,124,,4512,500,4,,0,124,,4503,500,4,,0,164,,4514,500,4,,0,124,,4504,500,4,,0,168,,4505,500,4,,0,120,,4506,500,4,,0,274,,4508,500,4,,0,216,,4509,500,4,,0
3200,'Semaine-03',707,,3173,500,4,,0,41,,3148,500,4,,0,80,,3176,500,4,,0,80,,3159,500,4,,0,40,,3167,500,4,,0,77,,3168,500,4,,0,81,,3169,500,4,,0,41,,3170,500,4,,0,83,,3171,500,4,,0,83,,3172,500,4,,0,43,,3149,500,4,,0,82,,3150,500,4,,0,84,,3151,500,4,,0,86,,3175,500,4,,0,17,,3152,150,4,,0,28,,3153,500,4,,0,58,,3177,150,4,,0,24,,3154,500,4,,0,20,,3178,150,4,,0,65,,3155,500,4,,0,84,,3156,500,4,,0,41,,3157,500,4,,0,83,,3158,500,4,,0,80,,3160,500,4,,0,40,,3161,500,4,,0,80,,3162,500,4,,0,80,,3163,500,4,,0,40,,3164,500,4,,0,80,,3165,500,4,,0,80,,3166,500,4,,0
9800,'Semaine-03',708,,3291,290,4,,0,102,,3279,390,4,,0,104,,3283,390,4,,0,105,,3284,390,4,,0,506,,3285,390,4,,0,105,,3286,390,4,,0,105,,3287,390,4,,0,104,,3288,390,4,,0,102,,3289,390,4,,0,97,,3290,390,4,,0,94,,3280,390,4,,0,90,,3281,390,4,,0
11100,'Dimanche-04',846,,4574,520,4,,0,187,,4573,520,4,,0,291,,4575,520,4,,0,290,,4576,520,4,,0,305,,4577,520,4,,0
11100,'Samedi-04',846,,4582,520,4,,0,187,,4581,520,4,,0,291,,4583,520,4,,0,290,,4584,520,4,,0,305,,4585,520,4,,0
11100,'Semaine-03',611,,3318,520,4,,0,97,,3319,520,4,,0,111,,3320,520,4,,0,95,,3321,520,4,,0,114,,3334,520,4,,0,75,,3316,520,4,,0,225,,3317,520,4,,0,380,,3328,520,4,,0,99,,3330,520,4,,0,394,,3332,450,4,,0
