101,'Dimanche-04',740,,4408,270,,,0,206,,4409,270,,,0,171,,4410,270,,,0,133,,4411,270,,,0,167,,4412,270,,,0,120,,4413,270,,,0,120,,4414,270,,,0,160,,4415,270,,,0,117,,4416,270,,,0,174,,4417,270,,,0,114,,4418,270,,,0,113,,4419,270,,,0
101,'Samedi-04',740,,4420,270,,,0,206,,4421,270,,,0,171,,4422,270,,,0,133,,4423,270,,,0,167,,4424,270,,,0,120,,4425,270,,,0,120,,4426,270,,,0,160,,4427,270,,,0,117,,4428,270,,,0,174,,4429,270,,,0,114,,4430,270,,,0,113,,4431,270,,,0
101,'Semaine-02',634,,2686,270,,,0,101,,2695,270,,,0,70,,2697,270,,,0,100,,2698,270,,,0,106,,2699,270,,,0,95,,2700,270,,,0,100,,2702,270,,,0,98,,2701,270,,,0,111,,2703,270,,,0,86,,2687,270,,,0,108,,2688,270,,,0,91,,2689,270,,,0,107,,2690,270,,,0,29,,2691,270,,,0,69,,2692,270,,,0,108,,2693,270,,,0,143,,2694,270,,,0,190,,2696,270,,,0
101,'Semaine-03',639,,2704,270,,,0,101,,2713,270,,,0,70,,2715,270,,,0,90,,2716,270,,,0,111,,2717,270,,,0,105,,2718,270,,,0,95,,2720,270,,,0,103,,2719,270,,,0,106,,2721,270,,,0,81,,2705,270,,,0,103,,2706,270,,,0,96,,2707,270,,,0,107,,2708,270,,,0,34,,2709,270,,,0,103,,2710,270,,,0,84,,2711,270,,,0,173,,2712,270,,,0,135,,2714,270,,,0
2301,'Semaine-02',1601,,2852,280,,,0,25,,2853,280,,,0,30,,2854,280,,,0,70,,2855,280,,,0,23,,2856,280,,,0,74,,2857,280,,,0,29,,2858,280,,,0
2301,'Semaine-03',1601,,2859,280,,,0,25,,2860,280,,,0,30,,2861,280,,,0,70,,2862,280,,,0,28,,2863,280,,,0,69,,2864,280,,,0,29,,2865,280,,,0
2401,'Semaine-02',1613,,2877,180,,,0,87,,2878,180,,,0,46,,2881,180,,,0,85,,2880,180,,,0,82,,2879,180,,,0
2401,'Semaine-03',1648,,2882,180,,,0,85,,2883,180,,,0,85,,2886,180,,,0,21,,2885,180,,,0,64,,2884,180,,,0
2801,'Semaine-02',1405,,2982,210,0,6,0,150,,2986,210,0,6,0,56,,2989,210,0,6,0,15,,2992,210,0,6,0,17,,2980,210,0,7,0,15,,2990,210,0,6,0,55,,2991,210,0,6,0,14,,2983,210,0,6,0,15,,2979,210,,,0,13,,2984,210,0,6,0,54,,2981,210,0,7,0,15,,2985,210,0,6,0,10,,2987,210,0,6,0,20,,2988,210,0,6,0
2801,'Semaine-03',1405,,2996,210,0,6,0,150,,3002,210,0,6,0,56,,3005,210,0,6,0,15,,3008,210,0,6,0,17,,3006,210,0,6,0,15,,2994,210,0,7,0,50,,3007,210,0,6,0,10,,2997,210,0,6,0,9,,2998,210,0,6,0,10,,2993,210,,,0,10,,2999,210,0,6,0,8,,3000,210,0,6,0,50,,2995,210,0,7,0,14,,3001,210,0,6,0,10,,3003,210,0,6,0,25,,3004,210,0,6,0
3300,'Dimanche-04',546,,4517,150,,,0,82,,4515,150,,,0,90,,4526,150,,,0,41,,4536,150,,,0,83,,4538,150,,,0,93,,4539,150,,,0,80,,4540,150,,,0,40,,4541,150,,,0,80,,4542,150,,,0,80,,4518,150,,,0,40,,4519,150,,,0,79,,4520,150,,,0,80,,4521,150,,,0,40,,4522,150,,,0,79,,4523,150,,,0,79,,4524,150,,,0,39,,4525,150,,,0,79,,4527,150,,,0,79,,4528,150,,,0,40,,4529,150,,,0,87,,4530,150,,,0,85,,4531,150,,,0,86,,4532,150,,,0,47,,4533,150,,,0,86,,4534,150,,,0,83,,4535,150,,,0,88,,4516,150,,,0,43,,4537,150,,,0,159,,4543,150,0,8 6,0
3300,'Samedi-04',606,,4546,150,,,0,41,,4544,150,,,0,81,,4555,150,,,0,82,,4565,150,,,0,42,,4567,150,,,0,84,,4568,150,,,0,81,,4569,150,,,0,42,,4570,150,,,0,82,,4571,150,,,0,82,,4547,150,,,0,82,,4548,150,,,0,42,,4549,150,,,0,82,,4550,150,,,0,82,,4551,150,,,0,42,,4552,150,,,0,82,,4553,150,,,0,82,,4554,150,,,0,85,,4556,150,,,0,39,,4557,150,,,0,82,,4558,150,,,0,82,,4559,150,,,0,39,,4560,150,,,0,82,,4561,150,,,0,81,,4562,150,,,0,42,,4563,150,,,0,83,,4564,150,,,0,86,,4566,150,,,0,86,,4545,150,,,0,113,,4572,150,0,8 6,0
3300,'Semaine-02',608,,3208,150,,,0,41,,3236,150,,,0,82,,3217,150,,,0,82,,3227,150,,,0,42,,3230,150,,,0,81,,3231,150,,,0,82,,3232,150,,,0,83,,3233,150,,,0,43,,3234,150,,,0,83,,3209,150,,,0,83,,3210,150,,,0,43,,3211,150,,,0,83,,3212,150,,,0,85,,3213,150,,,0,87,,3214,150,,,0,47,,3215,150,,,0,85,,3216,150,,,0,84,,3218,150,,,0,81,,3219,150,,,0,41,,3220,150,,,0,81,,3221,150,,,0,81,,3222,150,,,0,41,,3223,150,,,0,81,,3224,150,,,0,80,,3225,150,,,0,40,,3226,150,,,0,80,,3228,150,,,0,80,,3229,150,,,0,45,,3235,100,0,8 6,0
3300,'Semaine-03',613,,3237,150,,,0,40,,3265,150,,,0,81,,3246,150,,,0,80,,3256,150,,,0,40,,3259,150,,,0,79,,3260,150,,,0,80,,3261,150,,,0,42,,3262,150,,,0,81,,3263,150,,,0,83,,3238,150,,,0,83,,3239,150,,,0,43,,3240,150,,,0,82,,3241,150,,,0,83,,3242,150,,,0,46,,3243,150,,,0,85,,3244,150,,,0,85,,3245,150,,,0,84,,3247,150,,,0,43,,3248,150,,,0,83,,3249,150,,,0,82,,3250,150,,,0,40,,3251,150,,,0,80,,3252,150,,,0,80,,3253,150,,,0,40,,3254,150,,,0,80,,3255,150,,,0,80,,3257,150,,,0,40,,3258,150,,,0,96,,3264,100,0,8 6,0
