2100,'Fête-2-01',540,,5486,240,,,0,70,,5487,240,,,0,30,,5488,240,,,0,75,,5489,240,,,0,30,,5490,240,,,0,75,,5491,240,,,0
2100,'Semaine-01',540,,5492,240,,,0,70,,5493,240,,,0,30,,5494,240,,,0,75,,5495,240,,,0,30,,5496,240,,,0,75,,5497,240,,,0
2101,'Fête-2-01',1636,,5498,390,,,0,70,,5499,390,,,0,29,,5500,390,,,0,69,,5501,390,,,0,30,,5502,390,,,0
2101,'Semaine-01',1636,,5506,390,,,0,23,,5507,390,,,0,66,,5508,390,,,0,24,,5509,390,,,0,65,,5510,390,,,0,28,,5511,390,,,0
2201,'Fête-2-01',1641,,5527,250,,,0,65,,5531,250,,,0,25,,5528,250,,,0,25,,5532,250,,,0,65,,5530,250,,,0,23,,5529,250,,,0
2201,'Semaine-01',1641,,5533,250,,,0,65,,5537,250,,,0,25,,5534,250,,,0,25,,5538,250,,,0,65,,5536,250,,,0,23,,5535,250,,,0
3200,'Dimanche-01',611,,5830,330,,,0,214,,5835,330,,,0,223,,5838,330,,,0,192,,5839,330,,,0,119,,5831,330,,,0,162,,5841,330,,,0,120,,5832,330,,,0,159,,5834,330,,,0,118,,5833,330,,,0,215,,5836,330,,,0,216,,5837,330,,,0,253,,5840,330,0,6,0
3200,'Fête-1-01',542,,5842,210,,,0,181,,5848,330,,,0,77,,5843,330,,,0,120,,5851,330,,,0,123,,5852,330,,,0,164,,5853,330,,,0,124,,5844,330,,,0,124,,5855,330,,,0,164,,5845,330,,,0,128,,5846,330,,,0,160,,5847,330,,,0,236,,5849,330,,,0,216,,5850,330,,,0,247,,5854,330,0,6,0
3200,'Fête-2-01',638,,5881,330,,,0,80,,5856,330,,,0,40,,5884,330,,,0,80,,5867,330,,,0,80,,5875,330,,,0,41,,5876,330,,,0,81,,5877,330,,,0,81,,5878,330,,,0,83,,5879,330,,,0,43,,5880,330,,,0,83,,5857,330,,,0,82,,5858,330,,,0,42,,5859,330,,,0,85,,5883,330,,,0,85,,5861,330,,,0,85,,5862,330,,,0,45,,5863,330,,,0,85,,5864,330,,,0,82,,5865,330,,,0,83,,5866,330,,,0,40,,5868,330,,,0,80,,5869,330,,,0,80,,5870,330,,,0,40,,5871,330,,,0,80,,5872,330,,,0,80,,5873,330,,,0,40,,5874,330,,,0
3200,'Samedi-01',542,,5887,210,,,0,181,,5893,330,,,0,77,,5888,330,,,0,120,,5896,330,,,0,123,,5897,330,,,0,164,,5898,330,,,0,124,,5889,330,,,0,124,,5900,330,,,0,164,,5890,330,,,0,128,,5891,330,,,0,160,,5892,330,,,0,236,,5894,330,,,0,216,,5895,330,,,0,247,,5899,330,0,6,0
3200,'Semaine-01',638,,5926,330,,,0,80,,5901,330,,,0,40,,5929,330,,,0,80,,5912,330,,,0,80,,5920,330,,,0,41,,5921,330,,,0,81,,5922,330,,,0,81,,5923,330,,,0,83,,5924,330,,,0,43,,5925,330,,,0,83,,5902,330,,,0,82,,5903,330,,,0,42,,5904,330,,,0,85,,5928,330,,,0,85,,5906,330,,,0,85,,5907,330,,,0,45,,5908,330,,,0,85,,5909,330,,,0,82,,5910,330,,,0,83,,5911,330,,,0,40,,5913,330,,,0,80,,5914,330,,,0,80,,5915,330,,,0,40,,5916,330,,,0,80,,5917,330,,,0,80,,5918,330,,,0,40,,5919,330,,,0
11100,'Dimanche-01',722,,6113,350,0,5 6,0,100,,6109,350,0,5 10,0,188,,6108,350,0,5 10,0,290,,6110,350,0,5 10,0,249,,6111,350,0,5 10,0,198,,6114,350,0,5 6,0,107,,6112,350,0,5 10,0,379,,6115,350,0,5 6,0
11100,'Fête-1-01',722,,6121,350,0,5 6,0,100,,6117,350,0,5 10,0,188,,6116,350,0,5 10,0,290,,6118,350,0,5 10,0,249,,6119,350,0,5 10,0,198,,6122,350,0,5 6,0,107,,6120,350,0,5 10,0,379,,6123,350,0,5 6,0
11100,'Fête-2-01',534,,6128,350,0,5 14,0,70,,6126,350,0,5 14,0,30,,6129,350,0,5 14,0,70,,6127,350,0,5 14,0,30,,6133,350,0,5 14,0,70,,6134,350,0,5 14,0,33,,6125,350,0,5 10,0,100,,6135,350,0,5 10,0,207,,6137,350,0,5 6,0,165,,6124,350,0,5 10,0,400,,6130,350,0,5 14,0,30,,6132,350,0,5 14,0,70,,6131,350,0,5 14,0,130,,6136,350,0,5 10,0
11100,'Samedi-01',722,,6143,350,0,5 6,0,100,,6139,350,0,5 10,0,188,,6138,350,0,5 10,0,290,,6140,350,0,5 10,0,249,,6141,350,0,5 10,0,198,,6144,350,0,5 6,0,107,,6142,350,0,5 10,0,379,,6145,350,0,5 6,0
11100,'Semaine-01',534,,6154,350,0,5 15,0,15,,6148,350,0,5 10,0,60,,6152,350,0,5 15,0,27,,6155,350,0,5 15,0,6,,6149,350,0,5 10,0,14,,6153,350,0,5 15,0,51,,6167,350,0,16 17,0,20,,6161,350,0,5 15,0,20,,6156,350,0,5 15,0,5,,6150,350,0,16 17,0,55,,6163,350,0,5 15,0,40,,6151,350,0,16 17,0,157,,6164,350,0,16 17,0,35,,6146,350,0,16 17,0,105,,6166,350,0,5 6,0,160,,6147,350,0,5 10,0,341,,6158,350,0,5 10,0,6,,6157,280,0,5 15,0,91,,6160,350,0,5 10,0,61,,6159,280,0,5 15,0,233,,6165,280,0,5 6,0,103,,6162,280,0,5 10,0
