101,'Dimanche-02',743,,7950,330,,,0,206,,7951,330,,,0,171,,7952,330,,,0,133,,7953,330,,,0,167,,7954,330,,,0,120,,7955,330,,,0,160,,7956,330,,,0,120,,7957,330,,,0,117,,7958,330,,,0,174,,7959,330,,,0,114,,7960,330,,,0,113,,7961,330,,,0
101,'Fête-1-02',743,,7962,330,,,0,206,,7963,330,,,0,171,,7964,330,,,0,133,,7965,330,,,0,167,,7966,330,,,0,120,,7967,330,,,0,160,,7968,330,,,0,120,,7969,330,,,0,117,,7970,330,,,0,174,,7971,330,,,0,114,,7972,330,,,0,113,,7973,330,,,0
101,'Fête-2-02',642,,7974,330,,,0,101,,7983,330,,,0,70,,7985,330,,,0,90,,7986,330,,,0,111,,7987,330,,,0,105,,7988,330,,,0,95,,7990,330,,,0,104,,7989,330,,,0,106,,7991,330,,,0,81,,7975,330,,,0,103,,7976,330,,,0,96,,7977,330,,,0,107,,7978,330,,,0,34,,7979,330,,,0,103,,7980,330,,,0,83,,7981,330,,,0,173,,7982,330,,,0,135,,7984,330,,,0
101,'Samedi-02',743,,7992,330,,,0,206,,7993,330,,,0,171,,7994,330,,,0,133,,7995,330,,,0,167,,7996,330,,,0,120,,7997,330,,,0,160,,7998,330,,,0,120,,7999,330,,,0,117,,8000,330,,,0,174,,8001,330,,,0,114,,8002,330,,,0,113,,8003,330,,,0
101,'Semaine-02',637,,8022,200,,,0,5,,8004,330,,,0,101,,8013,330,,,0,70,,8015,330,,,0,90,,8016,330,,,0,111,,8017,330,,,0,105,,8018,330,,,0,95,,8020,330,,,0,104,,8019,330,,,0,106,,8021,330,,,0,81,,8005,330,,,0,103,,8006,330,,,0,96,,8007,330,,,0,107,,8008,330,,,0,34,,8009,330,,,0,103,,8010,330,,,0,83,,8011,330,,,0,173,,8012,330,,,0,135,,8014,330,,,0
2301,'Fête-2-02',1605,,8180,340,,,0,25,,8181,340,,,0,70,,8182,340,,,0,30,,8183,340,,,0,27,,8184,340,,,0,69,,8185,340,,,0,29,,8186,340,,,0
2301,'Semaine-02',1605,,8187,340,,,0,25,,8188,340,,,0,70,,8189,340,,,0,30,,8190,340,,,0,27,,8191,340,,,0,69,,8192,340,,,0,29,,8193,340,,,0
3300,'Dimanche-02',553,,8559,240,,,0,82,,8557,240,,,0,90,,8568,240,,,0,81,,8578,240,,,0,43,,8580,240,,,0,93,,8581,240,,,0,80,,8582,240,,,0,80,,8583,240,,,0,40,,8584,240,,,0,80,,8560,240,,,0,80,,8561,240,,,0,39,,8562,240,,,0,80,,8563,240,,,0,80,,8564,240,,,0,39,,8565,240,,,0,79,,8566,240,,,0,39,,8567,240,,,0,79,,8569,240,,,0,79,,8570,240,,,0,40,,8571,240,,,0,87,,8572,240,,,0,85,,8573,240,,,0,86,,8574,240,,,0,87,,8575,240,,,0,46,,8576,240,,,0,83,,8577,240,,,0,88,,8558,240,,,0,83,,8579,240,,,0,119,,8585,240,0,8 6,0
3300,'Fête-1-02',613,,8588,240,,,0,41,,8586,240,,,0,81,,8597,240,,,0,82,,8607,240,,,0,42,,8609,240,,,0,84,,8610,240,,,0,81,,8611,240,,,0,82,,8612,240,,,0,42,,8613,240,,,0,82,,8589,240,,,0,82,,8590,240,,,0,42,,8591,240,,,0,82,,8592,240,,,0,82,,8593,240,,,0,82,,8594,240,,,0,42,,8595,240,,,0,82,,8596,240,,,0,85,,8598,240,,,0,39,,8599,240,,,0,82,,8600,240,,,0,82,,8601,240,,,0,39,,8602,240,,,0,82,,8603,240,,,0,81,,8604,240,,,0,42,,8605,240,,,0,83,,8606,240,,,0,86,,8608,240,,,0,86,,8587,240,,,0,113,,8614,240,0,8 6,0
3300,'Fête-2-02',620,,8615,240,,,0,80,,8643,240,,,0,41,,8624,240,,,0,80,,8634,240,,,0,80,,8637,240,,,0,40,,8638,240,,,0,80,,8639,240,,,0,82,,8640,240,,,0,41,,8641,240,,,0,83,,8616,240,,,0,83,,8617,240,,,0,43,,8618,240,,,0,82,,8619,240,,,0,83,,8620,240,,,0,86,,8621,240,,,0,45,,8622,240,,,0,85,,8623,240,,,0,84,,8625,240,,,0,82,,8626,240,,,0,43,,8627,240,,,0,82,,8628,240,,,0,80,,8629,240,,,0,40,,8630,240,,,0,79,,8631,240,,,0,80,,8632,240,,,0,40,,8633,240,,,0,80,,8635,240,,,0,80,,8636,240,,,0,96,,8642,190,0,8 6,0
3300,'Samedi-02',613,,8646,240,,,0,41,,8644,240,,,0,81,,8655,240,,,0,82,,8665,240,,,0,42,,8667,240,,,0,84,,8668,240,,,0,81,,8669,240,,,0,82,,8670,240,,,0,42,,8671,240,,,0,82,,8647,240,,,0,82,,8648,240,,,0,42,,8649,240,,,0,82,,8650,240,,,0,82,,8651,240,,,0,82,,8652,240,,,0,42,,8653,240,,,0,82,,8654,240,,,0,85,,8656,240,,,0,39,,8657,240,,,0,82,,8658,240,,,0,82,,8659,240,,,0,39,,8660,240,,,0,82,,8661,240,,,0,81,,8662,240,,,0,42,,8663,240,,,0,83,,8664,240,,,0,86,,8666,240,,,0,86,,8645,240,,,0,113,,8672,240,0,8 6,0
3300,'Semaine-02',620,,8673,240,,,0,80,,8701,240,,,0,41,,8682,240,,,0,80,,8692,240,,,0,80,,8695,240,,,0,40,,8696,240,,,0,80,,8697,240,,,0,82,,8698,240,,,0,41,,8699,240,,,0,83,,8674,240,,,0,83,,8675,240,,,0,43,,8676,240,,,0,82,,8677,240,,,0,83,,8678,240,,,0,86,,8679,240,,,0,45,,8680,240,,,0,85,,8681,240,,,0,84,,8683,240,,,0,82,,8684,240,,,0,43,,8685,240,,,0,82,,8686,240,,,0,80,,8687,240,,,0,40,,8688,240,,,0,79,,8689,240,,,0,80,,8690,240,,,0,40,,8691,240,,,0,80,,8693,240,,,0,80,,8694,240,,,0,96,,8700,190,0,8 6,0
9001,'Semaine-02',1851,,8705,240,4,,0
