101,'Dimanche-02',745,,7950,360,,,0,206,,7951,360,,,0,171,,7952,360,,,0,133,,7953,360,,,0,167,,7954,360,,,0,120,,7955,360,,,0,160,,7956,360,,,0,120,,7957,360,,,0,117,,7958,360,,,0,174,,7959,360,,,0,114,,7960,360,,,0,113,,7961,360,,,0
101,'Fête-1-02',745,,7962,360,,,0,206,,7963,360,,,0,171,,7964,360,,,0,133,,7965,360,,,0,167,,7966,360,,,0,120,,7967,360,,,0,160,,7968,360,,,0,120,,7969,360,,,0,117,,7970,360,,,0,174,,7971,360,,,0,114,,7972,360,,,0,113,,7973,360,,,0
101,'Fête-2-02',644,,7974,360,,,0,101,,7983,360,,,0,70,,7985,360,,,0,90,,7986,360,,,0,111,,7987,360,,,0,105,,7988,360,,,0,95,,7990,360,,,0,104,,7989,360,,,0,106,,7991,360,,,0,81,,7975,360,,,0,103,,7976,360,,,0,96,,7977,360,,,0,107,,7978,360,,,0,34,,7979,360,,,0,103,,7980,360,,,0,83,,7981,360,,,0,173,,7982,360,,,0,135,,7984,360,,,0
101,'Samedi-02',745,,7992,360,,,0,206,,7993,360,,,0,171,,7994,360,,,0,133,,7995,360,,,0,167,,7996,360,,,0,120,,7997,360,,,0,160,,7998,360,,,0,120,,7999,360,,,0,117,,8000,360,,,0,174,,8001,360,,,0,114,,8002,360,,,0,113,,8003,360,,,0
101,'Semaine-02',639,,8022,230,,,0,5,,8004,360,,,0,101,,8013,360,,,0,70,,8015,360,,,0,90,,8016,360,,,0,111,,8017,360,,,0,105,,8018,360,,,0,95,,8020,360,,,0,104,,8019,360,,,0,106,,8021,360,,,0,81,,8005,360,,,0,103,,8006,360,,,0,96,,8007,360,,,0,107,,8008,360,,,0,34,,8009,360,,,0,103,,8010,360,,,0,83,,8011,360,,,0,173,,8012,360,,,0,135,,8014,360,,,0
3300,'Dimanche-02',555,,8559,270,,,0,82,,8557,270,,,0,91,,8568,270,,,0,81,,8578,270,,,0,43,,8580,270,,,0,93,,8581,270,,,0,80,,8582,270,,,0,80,,8583,270,,,0,40,,8584,270,,,0,80,,8560,270,,,0,80,,8561,270,,,0,39,,8562,270,,,0,80,,8563,270,,,0,80,,8564,270,,,0,39,,8565,270,,,0,79,,8566,270,,,0,79,,8567,270,,,0,39,,8569,270,,,0,79,,8570,270,,,0,40,,8571,270,,,0,87,,8572,270,,,0,85,,8573,270,,,0,85,,8574,270,,,0,87,,8575,270,,,0,46,,8576,270,,,0,83,,8577,270,,,0,88,,8558,270,,,0,83,,8579,270,,,0,119,,8585,270,0,8 6,0
3300,'Fête-1-02',615,,8588,270,,,0,41,,8586,270,,,0,82,,8597,270,,,0,82,,8607,270,,,0,82,,8609,270,,,0,44,,8610,270,,,0,81,,8611,270,,,0,82,,8612,270,,,0,42,,8613,270,,,0,82,,8589,270,,,0,82,,8590,270,,,0,42,,8591,270,,,0,82,,8592,270,,,0,82,,8593,270,,,0,82,,8594,270,,,0,42,,8595,270,,,0,82,,8596,270,,,0,85,,8598,270,,,0,39,,8599,270,,,0,82,,8600,270,,,0,82,,8601,270,,,0,39,,8602,270,,,0,81,,8603,270,,,0,81,,8604,270,,,0,42,,8605,270,,,0,83,,8606,270,,,0,86,,8608,270,,,0,86,,8587,270,,,0,113,,8614,270,0,8 6,0
3300,'Fête-2-02',623,,8615,270,,,0,80,,8643,270,,,0,41,,8624,270,,,0,80,,8634,270,,,0,80,,8637,270,,,0,40,,8638,270,,,0,80,,8639,270,,,0,82,,8640,270,,,0,41,,8641,270,,,0,83,,8616,270,,,0,83,,8617,270,,,0,43,,8618,270,,,0,82,,8619,270,,,0,83,,8620,270,,,0,86,,8621,270,,,0,45,,8622,270,,,0,85,,8623,270,,,0,84,,8625,270,,,0,82,,8626,270,,,0,43,,8627,270,,,0,82,,8628,270,,,0,80,,8629,270,,,0,40,,8630,270,,,0,79,,8631,270,,,0,80,,8632,270,,,0,40,,8633,270,,,0,80,,8635,270,,,0,80,,8636,270,,,0,96,,8642,220,0,8 6,0
3300,'Samedi-02',615,,8646,270,,,0,41,,8644,270,,,0,82,,8655,270,,,0,82,,8665,270,,,0,82,,8667,270,,,0,44,,8668,270,,,0,81,,8669,270,,,0,82,,8670,270,,,0,42,,8671,270,,,0,82,,8647,270,,,0,82,,8648,270,,,0,42,,8649,270,,,0,82,,8650,270,,,0,82,,8651,270,,,0,82,,8652,270,,,0,42,,8653,270,,,0,82,,8654,270,,,0,85,,8656,270,,,0,39,,8657,270,,,0,82,,8658,270,,,0,82,,8659,270,,,0,39,,8660,270,,,0,81,,8661,270,,,0,81,,8662,270,,,0,42,,8663,270,,,0,83,,8664,270,,,0,86,,8666,270,,,0,86,,8645,270,,,0,113,,8672,270,0,8 6,0
3300,'Semaine-02',623,,8673,270,,,0,80,,8701,270,,,0,41,,8682,270,,,0,80,,8692,270,,,0,80,,8695,270,,,0,40,,8696,270,,,0,80,,8697,270,,,0,82,,8698,270,,,0,41,,8699,270,,,0,83,,8674,270,,,0,83,,8675,270,,,0,43,,8676,270,,,0,82,,8677,270,,,0,83,,8678,270,,,0,86,,8679,270,,,0,45,,8680,270,,,0,85,,8681,270,,,0,84,,8683,270,,,0,82,,8684,270,,,0,43,,8685,270,,,0,82,,8686,270,,,0,80,,8687,270,,,0,40,,8688,270,,,0,79,,8689,270,,,0,80,,8690,270,,,0,40,,8691,270,,,0,80,,8693,270,,,0,80,,8694,270,,,0,96,,8700,220,0,8 6,0
14001,'Dimanche-02',827,,8856,60,,,0,114,,8857,60,,,0,115,,8858,60,,,0,155,,8859,60,,,0,115,,8860,60,,,0,115,,8861,60,,,0,160,,8862,60,,,0,120,,8855,60,,,0
14001,'Fête-1-02',827,,8865,60,,,0,114,,8866,60,,,0,115,,8867,60,,,0,155,,8868,60,,,0,115,,8869,60,,,0,115,,8870,60,,,0,160,,8871,60,,,0,120,,8864,60,,,0
14001,'Fête-2-02',737,,8884,520,4,,0,3,,8872,10,,,0,161,,8874,60,,,0,120,,8875,60,,,0,121,,8876,60,,,0,165,,8877,60,,,0,125,,8878,60,,,0,125,,8879,60,,,0,165,,8880,60,,,0,125,,8881,60,,,0,160,,8882,60,,,0,114,,8883,60,,,0
14001,'Samedi-02',827,,8887,60,,,0,114,,8888,60,,,0,115,,8889,60,,,0,155,,8890,60,,,0,115,,8891,60,,,0,115,,8892,60,,,0,160,,8893,60,,,0,120,,8886,60,,,0
14001,'Semaine-02',737,,8906,520,4,,0,3,,8894,10,,,0,161,,8896,60,,,0,120,,8897,60,,,0,121,,8898,60,,,0,165,,8899,60,,,0,125,,8900,60,,,0,125,,8901,60,,,0,165,,8902,60,,,0,125,,8903,60,,,0,160,,8904,60,,,0,114,,8905,60,,,0
