101,'Dimanche-04',721,,4408,100,,,0,205,,4409,100,,,0,130,,4410,100,,,0,171,,4411,100,,,0,125,,4412,100,,,0,160,,4413,100,,,0,120,,4414,100,,,0,120,,4415,100,,,0,159,,4416,100,,,0,135,,4417,100,,,0,155,,4418,100,,,0,115,,4419,100,,,0
101,'Samedi-04',721,,4420,100,,,0,205,,4421,100,,,0,130,,4422,100,,,0,171,,4423,100,,,0,125,,4424,100,,,0,160,,4425,100,,,0,120,,4426,100,,,0,120,,4427,100,,,0,159,,4428,100,,,0,135,,4429,100,,,0,155,,4430,100,,,0,115,,4431,100,,,0
101,'Semaine-02',612,,2686,100,,,0,100,,2695,100,,,0,30,,2697,100,,,0,100,,2698,100,,,0,106,,2699,100,,,0,95,,2700,100,,,0,100,,2702,100,,,0,95,,2701,100,,,0,111,,2703,100,,,0,85,,2687,100,,,0,105,,2688,100,,,0,95,,2689,100,,,0,109,,2690,100,,,0,70,,2691,100,,,0,29,,2692,100,,,0,109,,2693,100,,,0,185,,2694,100,,,0,190,,2696,100,,,0
101,'Semaine-03',617,,2704,100,,,0,100,,2713,100,,,0,30,,2715,100,,,0,90,,2716,100,,,0,111,,2717,100,,,0,105,,2718,100,,,0,95,,2720,100,,,0,100,,2719,100,,,0,106,,2721,100,,,0,80,,2705,100,,,0,100,,2706,100,,,0,100,,2707,100,,,0,109,,2708,100,,,0,75,,2709,100,,,0,104,,2710,100,,,0,84,,2711,100,,,0,135,,2712,100,,,0,175,,2714,100,,,0
2101,'Semaine-02',645,,2800,100,0,5 6,0,82,,2801,100,0,5 6,0,82,,2802,100,0,5 6,0,797,,2794,100,,,0,25,,2795,100,,,0,24,,2796,100,,,0,65,,2797,100,,,0,25,,2798,100,,,0,68,,2799,100,,,0
2101,'Semaine-03',649,,2809,100,0,5 6,0,79,,2810,100,0,5 6,0,81,,2811,100,0,5 6,0,796,,2803,100,,,0,23,,2804,100,,,0,26,,2805,100,,,0,65,,2806,100,,,0,25,,2807,100,,,0,68,,2808,100,,,0
2301,'Semaine-02',1538,,2852,100,,,0,65,,2853,100,,,0,30,,2854,100,,,0,70,,2855,100,,,0,25,,2856,100,,,0,74,,2857,100,,,0,30,,2858,100,,,0
2301,'Semaine-03',1538,,2859,100,,,0,65,,2860,100,,,0,30,,2861,100,,,0,70,,2862,100,,,0,30,,2863,100,,,0,69,,2864,100,,,0,30,,2865,100,,,0
2501,'Semaine-02',1543,,2899,100,,,0,80,,2900,100,,,0,34,,2901,100,,,0,80,,2902,100,,,0,75,,2903,100,,,0,34,,2904,100,,,0
2501,'Semaine-03',1543,,2905,100,,,0,80,,2906,100,,,0,34,,2907,100,,,0,80,,2908,100,,,0,80,,2909,100,,,0,29,,2910,100,,,0
3100,'Dimanche-04',655,,4473,100,,,0,256,,4474,100,,,0,238,,4472,100,,,0,163,,4465,100,,,0,120,,4466,100,,,0,118,,4467,100,,,0,158,,4468,100,,,0,119,,4469,100,,,0,127,,4470,100,,,0,261,,4464,100,,,0,215,,4471,100,,,0
3100,'Samedi-04',544,,4476,100,,,0,83,,4487,100,,,0,202,,4488,100,,,0,125,,4485,100,,,0,164,,4475,100,,,0,124,,4486,100,,,0,164,,4477,100,,,0,124,,4478,100,,,0,124,,4479,100,,,0,164,,4480,100,,,0,124,,4481,100,,,0,67,,4482,100,,,0,216,,4483,100,,,0,215,,4484,100,,,0
3100,'Semaine-02',542,,3071,100,,,0,81,,3047,100,,,0,81,,3057,100,,,0,42,,3072,100,,,0,82,,3066,100,,,0,82,,3067,100,,,0,42,,3068,100,,,0,82,,3074,100,,,0,83,,3069,100,,,0,83,,3070,100,,,0,43,,3048,100,,,0,83,,3049,100,,,0,83,,3050,100,,,0,44,,3051,100,,,0,85,,3052,100,,,0,87,,3053,100,,,0,86,,3054,100,,,0,46,,3055,100,,,0,82,,3056,100,,,0,82,,3058,100,,,0,81,,3059,100,,,0,41,,3060,100,,,0,81,,3061,100,,,0,81,,3062,100,,,0,40,,3063,100,,,0,80,,3064,100,,,0,80,,3065,100,,,0,111,,3073,100,0,5 6,0
3100,'Semaine-03',550,,3099,100,,,0,80,,3075,100,,,0,80,,3085,100,,,0,40,,3100,100,,,0,80,,3094,100,,,0,80,,3095,100,,,0,40,,3096,100,,,0,81,,3102,100,,,0,81,,3097,100,,,0,43,,3098,100,,,0,83,,3076,100,,,0,83,,3077,100,,,0,82,,3078,100,,,0,42,,3079,100,,,0,84,,3080,100,,,0,85,,3081,100,,,0,45,,3082,100,,,0,86,,3083,100,,,0,85,,3084,100,,,0,84,,3086,100,,,0,42,,3087,100,,,0,80,,3088,100,,,0,80,,3089,100,,,0,40,,3090,100,,,0,80,,3091,100,,,0,80,,3092,100,,,0,40,,3093,100,,,0,161,,3101,100,0,5 6,0
3200,'Dimanche-04',545,,4489,100,,,0,214,,4494,100,,,0,263,,4497,100,,,0,192,,4498,100,,,0,119,,4490,100,,,0,122,,4500,100,,,0,160,,4491,100,,,0,119,,4493,100,,,0,118,,4492,100,,,0,255,,4495,100,,,0,216,,4496,100,,,0,213,,4499,100,0,6,0
3200,'Samedi-04',657,,4507,100,,,0,77,,4502,100,,,0,120,,4510,100,,,0,163,,4511,100,,,0,124,,4512,100,,,0,164,,4503,100,,,0,124,,4514,100,,,0,124,,4504,100,,,0,168,,4505,100,,,0,120,,4506,100,,,0,276,,4508,100,,,0,216,,4509,100,,,0,210,,4513,100,0,6,0
3200,'Semaine-02',612,,3142,100,,,0,41,,3117,100,,,0,79,,3145,100,,,0,81,,3128,100,,,0,44,,3136,100,,,0,82,,3137,100,,,0,82,,3138,100,,,0,83,,3139,100,,,0,43,,3140,100,,,0,83,,3141,100,,,0,83,,3118,100,,,0,43,,3119,100,,,0,83,,3120,100,,,0,85,,3144,100,,,0,87,,3122,100,,,0,47,,3123,100,,,0,85,,3124,100,,,0,83,,3125,100,,,0,82,,3126,100,,,0,43,,3127,100,,,0,82,,3129,100,,,0,81,,3130,100,,,0,41,,3131,100,,,0,80,,3132,100,,,0,82,,3133,100,,,0,40,,3134,100,,,0,80,,3135,100,,,0,98,,3143,100,0,6,0
3200,'Semaine-03',614,,3173,100,,,0,39,,3148,100,,,0,79,,3176,100,,,0,79,,3159,100,,,0,40,,3167,100,,,0,82,,3168,100,,,0,81,,3169,100,,,0,41,,3170,100,,,0,83,,3171,100,,,0,83,,3172,100,,,0,83,,3149,100,,,0,42,,3150,100,,,0,81,,3151,100,,,0,84,,3175,100,,,0,45,,3153,100,,,0,85,,3154,100,,,0,86,,3155,100,,,0,86,,3156,100,,,0,42,,3157,100,,,0,84,,3158,100,,,0,81,,3160,100,,,0,80,,3161,100,,,0,40,,3162,100,,,0,80,,3163,100,,,0,80,,3164,100,,,0,42,,3165,100,,,0,80,,3166,100,,,0,112,,3174,100,0,6,0
9800,'Semaine-02',723,,3266,100,,,0,106,,3270,100,,,0,110,,3271,100,,,0,495,,3272,100,,,0,108,,3273,100,,,0,108,,3274,100,,,0,109,,3275,100,,,0,149,,3276,100,,,0,98,,3277,100,,,0,100,,3267,100,,,0,95,,3268,100,,,0,55,,3269,100,,,0
9800,'Semaine-03',726,,3279,100,,,0,103,,3283,100,,,0,105,,3284,100,,,0,506,,3285,100,,,0,105,,3286,100,,,0,105,,3287,100,,,0,104,,3288,100,,,0,105,,3289,100,,,0,98,,3290,100,,,0,99,,3280,100,,,0,90,,3281,100,,,0,90,,3282,100,,,0
11101,'Dimanche-04',903,,4590,100,,,0,148,,4589,100,,,0,295,,4591,100,,,0,289,,4592,100,,,0,303,,4593,100,,,0
11101,'Samedi-04',903,,4598,100,,,0,148,,4597,100,,,0,295,,4599,100,,,0,289,,4600,100,,,0,303,,4601,100,,,0
11101,'Semaine-02',710,,3353,110,,,0,108,,3356,110,,,0,101,,3357,110,,,0,11,,3355,100,,,0,227,,3359,100,,,0,245,,3345,100,,,0,141,,3346,110,,,0,65,,3348,110,,,0,30,,3349,110,,,0,70,,3350,110,,,0,30,,3351,110,,,0,70,,3352,110,,,0,49,,3354,110,,,0,65,,3347,110,,,0,305,,3361,100,,,0
11101,'Semaine-03',634,,3371,100,,,0,96,,3378,100,,,0,170,,3379,100,,,0,55,,3376,100,,,0,192,,3381,100,,,0,265,,3362,100,,,0,120,,3365,100,,,0,110,,3373,100,,,0,110,,3374,100,,,0,94,,3375,100,,,0,75,,3364,110,,,0,305,,3377,100,,,0
