101,'Dimanche-01',802,,5325,610,,,0,206,,5326,610,,,0,131,,5327,610,,,0,173,,5328,610,,,0,127,,5329,610,,,0,120,,5330,610,,,0,160,,5331,610,,,0,120,,5332,610,,,0,117,,5333,610,,,0,174,,5334,610,,,0,114,,5335,610,,,0,113,,5336,610,,,0
101,'Samedi-01',802,,5367,610,,,0,206,,5368,610,,,0,131,,5369,610,,,0,173,,5370,610,,,0,127,,5371,610,,,0,120,,5372,610,,,0,160,,5373,610,,,0,120,,5374,610,,,0,117,,5375,610,,,0,174,,5376,610,,,0,114,,5377,610,,,0,113,,5378,610,,,0
101,'Semaine-01',657,,5397,480,,,0,45,,5379,610,,,0,101,,5388,610,,,0,30,,5390,610,,,0,90,,5391,610,,,0,110,,5392,610,,,0,105,,5393,610,,,0,95,,5395,610,,,0,105,,5394,610,,,0,106,,5396,610,,,0,81,,5380,610,,,0,105,,5381,610,,,0,96,,5382,610,,,0,105,,5383,610,,,0,74,,5384,610,,,0,103,,5385,610,,,0,43,,5386,610,,,0,173,,5387,610,,,0,134,,5389,610,,,0
2001,'Dimanche-01',734,,5442,110,,,0,11,,5442,350,,,0,113,,5443,110,,,0,51,,5443,350,,,0,115,,5444,110,,,0,11,,5444,350,,,0,114,,5445,110,,,0,51,,5445,350,,,0,114,,5446,110,,,0,11,,5446,350,,,0,114,,5447,110,,,0,12,,5447,350,,,0,153,,5448,110,,,0,12,,5448,350,,,0,113,,5449,110,,,0,12,,5449,350,,,0
2001,'Samedi-01',734,,5467,110,,,0,11,,5467,350,,,0,113,,5468,110,,,0,51,,5468,350,,,0,115,,5469,110,,,0,11,,5469,350,,,0,114,,5470,110,,,0,51,,5470,350,,,0,114,,5471,110,,,0,11,,5471,350,,,0,114,,5472,110,,,0,12,,5472,350,,,0,153,,5473,110,,,0,12,,5473,350,,,0,113,,5474,110,,,0,12,,5474,350,,,0
2001,'Semaine-01',719,,5475,110,,,0,12,,5475,350,,,0,113,,5476,110,,,0,13,,5476,350,,,0,152,,5477,110,,,0,12,,5477,350,,,0,114,,5478,110,,,0,12,,5478,350,,,0,154,,5479,110,,,0,12,,5479,350,,,0,113,,5480,110,,,0,12,,5480,350,,,0,114,,5481,110,,,0,52,,5481,350,,,0,114,,5482,110,,,0,12,,5482,350,,,0,114,,5483,110,,,0,11,,5483,350,,,0
2001,'Semaine-01-0001100',2007,,5485,110,,,0,11,,5485,350,,,0,113,,5484,110,,,0,11,,5484,350,,,0
2801,'Semaine-01',1708,,5695,500,0,23,0,44,,5694,500,,,0,68,,5696,500,0,23,0
2000002000,'Dimanche-01',743,,6582,20,,,0,170,,6583,20,,,0,131,,6584,20,,,0,171,,6585,20,,,0,130,,6586,20,,,0,170,,6587,20,,,0,130,,6588,20,,,0,170,,6589,20,,,0,129,,6590,20,,,0,170,,6591,20,,,0,130,,6592,20,,,0,170,,6593,20,,,0
2000002000,'Samedi-01',743,,6661,20,,,0,170,,6662,20,,,0,131,,6663,20,,,0,171,,6664,20,,,0,130,,6665,20,,,0,170,,6666,20,,,0,130,,6667,20,,,0,170,,6668,20,,,0,129,,6669,20,,,0,170,,6670,20,,,0,130,,6671,20,,,0,170,,6672,20,,,0
2000002000,'Semaine-01',530,,6675,20,0,11 13,0,105,,6692,20,,,0,98,,6693,20,,,0,68,,6694,20,,,0,130,,6695,20,,,0,103,,6696,20,,,0,100,,6697,20,,,0,95,,6698,20,,,0,104,,6699,20,,,0,102,,6700,20,,,0,23,,6685,20,0,11 13,0,72,,6701,20,,,0,99,,6702,20,,,0,105,,6703,20,,,0,100,,6690,20,,,0,74,,6689,20,,,0,93,,6688,20,,,0,53,,6687,20,,,0,163,,6678,20,,,0,139,,6677,20,,,0
