100,'Dimanche-01',610,,5264,280,,,0,200,,5253,280,,,0,125,,5254,280,,,0,170,,5255,280,,,0,125,,5256,280,,,0,124,,5257,280,,,0,160,,5258,280,,,0,120,,5259,280,,,0,124,,5260,280,,,0,175,,5261,280,,,0,115,,5262,280,,,0,155,,5263,280,,,0
100,'Fête-1-01',610,,5276,280,,,0,200,,5265,280,,,0,125,,5266,280,,,0,170,,5267,280,,,0,125,,5268,280,,,0,124,,5269,280,,,0,160,,5270,280,,,0,120,,5271,280,,,0,124,,5272,280,,,0,175,,5273,280,,,0,115,,5274,280,,,0,155,,5275,280,,,0
100,'Fête-2-01',454,,5277,280,,,0,103,,5278,280,,,0,65,,5279,280,,,0,81,,5280,280,,,0,119,,5281,280,,,0,105,,5284,280,,,0,94,,5293,280,,,0,101,,5285,280,,,0,100,,5294,280,,,0,78,,5286,280,,,0,102,,5287,280,,,0,100,,5291,280,,,0,110,,5288,280,,,0,35,,5289,280,,,0,108,,5282,280,,,0,95,,5283,280,,,0,173,,5292,280,,,0,185,,5290,280,,,0
100,'Samedi-01',610,,5306,280,,,0,200,,5295,280,,,0,125,,5296,280,,,0,170,,5297,280,,,0,125,,5298,280,,,0,124,,5299,280,,,0,160,,5300,280,,,0,120,,5301,280,,,0,124,,5302,280,,,0,175,,5303,280,,,0,115,,5304,280,,,0,155,,5305,280,,,0
100,'Semaine-01',454,,5307,280,,,0,103,,5308,280,,,0,65,,5309,280,,,0,81,,5310,280,,,0,119,,5311,280,,,0,105,,5314,280,,,0,94,,5323,280,,,0,101,,5315,280,,,0,100,,5324,280,,,0,78,,5316,280,,,0,102,,5317,280,,,0,100,,5321,280,,,0,110,,5318,280,,,0,35,,5319,280,,,0,108,,5312,280,,,0,95,,5313,280,,,0,173,,5322,280,,,0,185,,5320,280,,,0
2000,'Dimanche-01',720,,5398,570,,,0,124,,5399,570,,,0,166,,5400,570,,,0,125,,5401,570,,,0,165,,5402,570,,,0,124,,5403,570,,,0,125,,5404,570,,,0,165,,5405,570,,,0
2000,'Fête-1-01',720,,5406,570,,,0,124,,5407,570,,,0,166,,5408,570,,,0,125,,5409,570,,,0,165,,5410,570,,,0,124,,5411,570,,,0,125,,5412,570,,,0,165,,5413,570,,,0
2000,'Fête-2-01',704,,5414,560,,,0,125,,5415,560,,,0,125,,5416,560,,,0,166,,5417,560,,,0,126,,5418,560,,,0,165,,5419,560,,,0,126,,5420,560,,,0,166,,5421,560,,,0,126,,5422,560,,,0
2000,'Samedi-01',720,,5423,570,,,0,124,,5424,570,,,0,166,,5425,570,,,0,125,,5426,570,,,0,165,,5427,570,,,0,124,,5428,570,,,0,125,,5429,570,,,0,165,,5430,570,,,0
2000,'Semaine-01',704,,5431,560,,,0,125,,5432,560,,,0,125,,5433,560,,,0,166,,5434,560,,,0,126,,5435,560,,,0,165,,5436,560,,,0,126,,5437,560,,,0,166,,5438,560,,,0,126,,5439,560,,,0
2000,'Semaine-01-0001100',1954,,5441,560,,,0,164,,5440,560,,,0
2800,'Fête-2-01',530,,5656,110,,,0,85,,5655,150,,,0,20,,5657,110,,,0
2800,'Semaine-01',530,,5666,110,,,0,85,,5665,150,,,0,16,,5667,110,,,0
2000001901,'Dimanche-01',740,,6498,10,0,19,0,170,,6499,10,0,19,0,131,,6500,10,0,19,0,171,,6501,10,0,19,0,130,,6502,10,0,19,0,170,,6503,10,0,19,0,130,,6504,10,0,19,0,170,,6505,10,0,19,0,129,,6506,10,0,19,0,170,,6507,10,0,19,0,130,,6508,10,0,19,0,170,,6509,10,0,19,0
2000001901,'Fête-1-01',740,,6510,10,0,19,0,170,,6511,10,0,19,0,131,,6512,10,0,19,0,171,,6513,10,0,19,0,130,,6514,10,0,19,0,170,,6515,10,0,19,0,130,,6516,10,0,19,0,170,,6517,10,0,19,0,129,,6518,10,0,19,0,170,,6519,10,0,19,0,130,,6520,10,0,19,0,170,,6521,10,0,19,0
2000001901,'Fête-2-01',656,,6522,10,0,19,0,100,,6523,10,0,19,0,70,,6524,10,0,19,0,101,,6525,10,0,19,0,100,,6526,10,0,19,0,95,,6527,10,0,19,0,100,,6528,10,0,19,0,100,,6529,10,0,19,0,100,,6530,10,0,19,0,100,,6531,10,0,19,0,103,,6532,10,0,19,0,101,,6533,10,0,19,0,100,,6534,10,0,19,0,30,,6535,10,0,19,0,96,,6536,10,0,19,0,99,,6537,10,0,19,0,160,,6538,10,0,19,0,139,,6539,10,0,19,0
2000001901,'Samedi-01',740,,6540,10,0,19,0,170,,6541,10,0,19,0,131,,6542,10,0,19,0,171,,6543,10,0,19,0,130,,6544,10,0,19,0,170,,6545,10,0,19,0,130,,6546,10,0,19,0,170,,6547,10,0,19,0,129,,6548,10,0,19,0,170,,6549,10,0,19,0,130,,6550,10,0,19,0,170,,6551,10,0,19,0
2000001901,'Semaine-01',656,,6552,10,0,19,0,100,,6553,10,0,19,0,70,,6554,10,0,19,0,101,,6555,10,0,19,0,100,,6556,10,0,19,0,95,,6557,10,0,19,0,100,,6558,10,0,19,0,100,,6559,10,0,19,0,100,,6560,10,0,19,0,100,,6561,10,0,19,0,103,,6562,10,0,19,0,101,,6563,10,0,19,0,100,,6564,10,0,19,0,30,,6565,10,0,19,0,96,,6566,10,0,19,0,99,,6567,10,0,19,0,160,,6568,10,0,19,0,139,,6569,10,0,19,0
