100,'Dimanche-04',656,,4395,740,4,,0,200,,4384,740,4,,0,169,,4385,740,4,,0,131,,4386,740,4,,0,165,,4387,740,4,,0,123,,4388,740,4,,0,158,,4389,740,4,,0,120,,4390,740,4,,0,122,,4391,740,4,,0,175,,4392,740,4,,0,115,,4393,740,4,,0,115,,4394,740,4,,0
100,'Samedi-04',656,,4407,740,4,,0,200,,4396,740,4,,0,169,,4397,740,4,,0,131,,4398,740,4,,0,165,,4399,740,4,,0,123,,4400,740,4,,0,158,,4401,740,4,,0,120,,4402,740,4,,0,122,,4403,740,4,,0,175,,4404,740,4,,0,115,,4405,740,4,,0,115,,4406,740,4,,0
100,'Semaine-02',544,,2638,740,4,,0,104,,2639,740,4,,0,71,,2640,740,4,,0,84,,2641,740,4,,0,125,,2642,740,4,,0,97,,2645,740,4,,0,28,,2654,740,4,,0,102,,2646,740,4,,0,151,,2655,740,4,,0,95,,2647,740,4,,0,99,,2648,740,4,,0,100,,2652,740,4,,0,110,,2649,740,4,,0,47,,2650,740,4,,0,150,,2643,740,4,,0,46,,2644,740,4,,0,102,,2653,740,4,,0,195,,2651,740,4,,0
100,'Semaine-03',545,,2656,740,4,,0,105,,2657,740,4,,0,68,,2658,740,4,,0,83,,2659,740,4,,0,116,,2660,740,4,,0,103,,2663,740,4,,0,92,,2672,740,4,,0,103,,2664,740,4,,0,104,,2673,740,4,,0,38,,2665,740,4,,0,101,,2666,740,4,,0,100,,2670,740,4,,0,150,,2667,740,4,,0,34,,2668,740,4,,0,103,,2661,740,4,,0,92,,2662,740,4,,0,171,,2671,740,4,,0,143,,2669,740,4,,0
2100,'Semaine-02',601,,2782,380,4,,0,30,,2783,380,4,,0,73,,2784,380,4,,0,36,,2785,380,4,,0,70,,2786,380,4,,0,36,,2787,380,4,,0
2100,'Semaine-03',602,,2788,380,4,,0,30,,2789,380,4,,0,73,,2790,380,4,,0,37,,2791,380,4,,0,70,,2792,380,4,,0,36,,2793,380,4,,0
2300,'Semaine-02',605,,2836,420,4,,0,26,,2837,420,4,,0,16,,2838,420,4,,0,76,,2839,420,4,,0,24,,2840,420,4,,0,58,,2841,420,4,,0,24,,2842,420,4,,0,21,,2843,420,4,,0
2300,'Semaine-03',603,,2844,420,4,,0,26,,2845,420,4,,0,17,,2846,420,4,,0,75,,2847,420,4,,0,26,,2848,420,4,,0,61,,2849,420,4,,0,21,,2850,420,4,,0,20,,2851,420,4,,0
2500,'Semaine-02',622,,2890,400,4,,0,34,,2887,420,4,,0,59,,2891,400,4,,0,33,,2888,420,4,,0,62,,2892,400,4,,0,29,,2889,420,4,,0
2500,'Semaine-03',620,,2896,400,4,,0,34,,2893,420,4,,0,61,,2897,400,4,,0,29,,2894,420,4,,0,66,,2898,400,4,,0,29,,2895,420,4,,0
2600,'Semaine-02',517,,2911,370,4,,0,18,,2912,380,4,,0
2600,'Semaine-03',517,,2913,370,4,,0,16,,2914,380,4,,0
3100,'Dimanche-04',737,,4473,460,4,,0,219,,4474,460,4,,0,278,,4472,460,4,,0,123,,4465,460,4,,0,160,,4466,460,4,,0,118,,4467,460,4,,0,118,,4468,460,4,,0,159,,4469,460,4,,0,127,,4470,460,4,,0,261,,4464,460,4,,0,213,,4471,460,4,,0
3100,'Samedi-04',626,,4476,460,4,,0,83,,4487,460,4,,0,205,,4488,460,4,,0,125,,4485,460,4,,0,164,,4475,460,4,,0,124,,4486,460,4,,0,124,,4477,460,4,,0,164,,4478,460,4,,0,124,,4479,460,4,,0,164,,4480,460,4,,0,124,,4481,460,4,,0,27,,4482,460,4,,0,256,,4483,460,4,,0,213,,4484,460,4,,0
3100,'Semaine-02',635,,3071,460,4,,0,81,,3047,460,4,,0,43,,3057,460,4,,0,83,,3072,460,4,,0,82,,3066,460,4,,0,82,,3067,460,4,,0,39,,3068,460,4,,0,80,,3074,460,4,,0,86,,3069,460,4,,0,43,,3070,460,4,,0,83,,3048,460,4,,0,83,,3049,460,4,,0,83,,3050,460,4,,0,45,,3051,460,4,,0,85,,3052,460,4,,0,89,,3053,460,4,,0,86,,3054,460,4,,0,44,,3055,460,4,,0,81,,3056,460,4,,0,79,,3058,460,4,,0,41,,3059,460,4,,0,80,,3060,460,4,,0,81,,3061,460,4,,0,39,,3062,460,4,,0,80,,3063,460,4,,0,80,,3064,460,4,,0,40,,3065,460,4,,0
3100,'Semaine-03',640,,3099,460,4,,0,80,,3075,460,4,,0,82,,3085,460,4,,0,40,,3100,460,4,,0,80,,3094,460,4,,0,80,,3095,460,4,,0,37,,3096,460,4,,0,79,,3102,460,4,,0,84,,3097,460,4,,0,43,,3098,460,4,,0,83,,3076,460,4,,0,83,,3077,460,4,,0,42,,3078,460,4,,0,84,,3079,460,4,,0,84,,3080,460,4,,0,85,,3081,460,4,,0,46,,3082,460,4,,0,83,,3083,460,4,,0,84,,3084,460,4,,0,82,,3086,460,4,,0,42,,3087,460,4,,0,79,,3088,460,4,,0,80,,3089,460,4,,0,37,,3090,460,4,,0,80,,3091,460,4,,0,40,,3092,460,4,,0,80,,3093,460,4,,0
3200,'Dimanche-04',632,,4489,470,4,,0,214,,4494,470,4,,0,263,,4497,470,4,,0,192,,4498,470,4,,0,119,,4490,470,4,,0,122,,4500,470,4,,0,160,,4491,470,4,,0,119,,4493,470,4,,0,118,,4492,470,4,,0,213,,4495,470,4,,0,256,,4496,470,4,,0
3200,'Samedi-04',603,,4501,350,4,,0,141,,4507,470,4,,0,77,,4502,470,4,,0,120,,4510,470,4,,0,163,,4511,470,4,,0,124,,4512,470,4,,0,124,,4503,470,4,,0,164,,4514,470,4,,0,124,,4504,470,4,,0,168,,4505,470,4,,0,120,,4506,470,4,,0,274,,4508,470,4,,0,216,,4509,470,4,,0
3200,'Semaine-02',705,,3142,470,4,,0,42,,3117,470,4,,0,82,,3145,470,4,,0,82,,3128,470,4,,0,39,,3136,470,4,,0,82,,3137,470,4,,0,82,,3138,470,4,,0,43,,3139,470,4,,0,83,,3140,470,4,,0,83,,3141,470,4,,0,83,,3118,470,4,,0,43,,3119,470,4,,0,85,,3120,470,4,,0,87,,3144,470,4,,0,23,,3121,120,4,,0,64,,3122,470,4,,0,23,,3146,120,4,,0,22,,3123,470,4,,0,63,,3147,120,4,,0,22,,3124,470,4,,0,81,,3125,470,4,,0,40,,3126,470,4,,0,82,,3127,470,4,,0,81,,3129,470,4,,0,81,,3130,470,4,,0,41,,3131,470,4,,0,80,,3132,470,4,,0,80,,3133,470,4,,0,40,,3134,470,4,,0,80,,3135,470,4,,0
3200,'Semaine-03',704,,3173,470,4,,0,41,,3148,470,4,,0,80,,3176,470,4,,0,80,,3159,470,4,,0,40,,3167,470,4,,0,77,,3168,470,4,,0,81,,3169,470,4,,0,41,,3170,470,4,,0,83,,3171,470,4,,0,83,,3172,470,4,,0,43,,3149,470,4,,0,82,,3150,470,4,,0,83,,3151,470,4,,0,86,,3175,470,4,,0,18,,3152,120,4,,0,27,,3153,470,4,,0,59,,3177,120,4,,0,24,,3154,470,4,,0,20,,3178,120,4,,0,65,,3155,470,4,,0,84,,3156,470,4,,0,41,,3157,470,4,,0,83,,3158,470,4,,0,80,,3160,470,4,,0,40,,3161,470,4,,0,80,,3162,470,4,,0,80,,3163,470,4,,0,40,,3164,470,4,,0,80,,3165,470,4,,0,80,,3166,470,4,,0
9800,'Semaine-02',700,,3278,260,4,,0,104,,3266,360,4,,0,107,,3270,360,4,,0,106,,3271,360,4,,0,499,,3272,360,4,,0,108,,3273,360,4,,0,108,,3274,360,4,,0,110,,3275,360,4,,0,104,,3276,360,4,,0,97,,3277,360,4,,0,97,,3267,360,4,,0,95,,3268,360,4,,0
9800,'Semaine-03',705,,3291,260,4,,0,102,,3279,360,4,,0,104,,3283,360,4,,0,105,,3284,360,4,,0,506,,3285,360,4,,0,105,,3286,360,4,,0,105,,3287,360,4,,0,105,,3288,360,4,,0,101,,3289,360,4,,0,97,,3290,360,4,,0,95,,3280,360,4,,0,90,,3281,360,4,,0
11100,'Dimanche-04',842,,4574,490,4,,0,187,,4573,490,4,,0,291,,4575,490,4,,0,290,,4576,490,4,,0,305,,4577,490,4,,0
11100,'Samedi-04',842,,4582,490,4,,0,187,,4581,490,4,,0,291,,4583,490,4,,0,290,,4584,490,4,,0,305,,4585,490,4,,0
11100,'Semaine-02',556,,3304,490,4,,0,70,,3302,490,4,,0,77,,3305,490,4,,0,30,,3303,490,4,,0,70,,3309,490,4,,0,30,,3310,490,4,,0,67,,3301,490,4,,0,106,,3311,490,4,,0,53,,3315,490,4,,0,273,,3300,490,4,,0,404,,3306,490,4,,0,23,,3308,490,4,,0,71,,3307,490,4,,0,327,,3314,420,4,,0
11100,'Semaine-03',608,,3318,490,4,,0,96,,3319,490,4,,0,111,,3320,490,4,,0,95,,3321,490,4,,0,114,,3334,490,4,,0,35,,3316,490,4,,0,265,,3317,490,4,,0,380,,3328,490,4,,0,99,,3330,490,4,,0,354,,3332,420,4,,0
