100,'Dimanche-04',609,,4395,260,,,0,200,,4384,260,,,0,125,,4385,260,,,0,170,,4386,260,,,0,125,,4387,260,,,0,124,,4388,260,,,0,160,,4389,260,,,0,120,,4390,260,,,0,124,,4391,260,,,0,175,,4392,260,,,0,115,,4393,260,,,0,155,,4394,260,,,0
100,'Samedi-04',609,,4407,260,,,0,200,,4396,260,,,0,125,,4397,260,,,0,170,,4398,260,,,0,125,,4399,260,,,0,124,,4400,260,,,0,160,,4401,260,,,0,120,,4402,260,,,0,124,,4403,260,,,0,175,,4404,260,,,0,115,,4405,260,,,0,155,,4406,260,,,0
100,'Semaine-02',451,,2638,260,,,0,100,,2639,260,,,0,70,,2640,260,,,0,81,,2641,260,,,0,129,,2642,260,,,0,99,,2645,260,,,0,70,,2654,260,,,0,100,,2646,260,,,0,106,,2655,260,,,0,95,,2647,260,,,0,100,,2648,260,,,0,100,,2652,260,,,0,110,,2649,260,,,0,89,,2650,260,,,0,114,,2643,260,,,0,90,,2644,260,,,0,103,,2653,260,,,0,197,,2651,260,,,0
100,'Semaine-03',453,,2656,260,,,0,103,,2657,260,,,0,65,,2658,260,,,0,81,,2659,260,,,0,119,,2660,260,,,0,105,,2663,260,,,0,94,,2672,260,,,0,101,,2664,260,,,0,100,,2673,260,,,0,38,,2665,260,,,0,142,,2666,260,,,0,100,,2670,260,,,0,110,,2667,260,,,0,35,,2668,260,,,0,108,,2661,260,,,0,95,,2662,260,,,0,173,,2671,260,,,0,185,,2669,260,,,0
2000,'Dimanche-04',719,,4432,540,,,0,124,,4433,540,,,0,166,,4434,540,,,0,125,,4435,540,,,0,125,,4436,540,,,0,164,,4437,540,,,0,125,,4438,540,,,0,165,,4439,540,,,0
2000,'Samedi-04',719,,4440,540,,,0,124,,4441,540,,,0,166,,4442,540,,,0,125,,4443,540,,,0,125,,4444,540,,,0,164,,4445,540,,,0,125,,4446,540,,,0,165,,4447,540,,,0
2000,'Semaine-02',703,,2730,540,,,0,125,,2731,540,,,0,125,,2732,540,,,0,166,,2733,540,,,0,126,,2734,540,,,0,165,,2735,540,,,0,126,,2736,540,,,0,166,,2737,540,,,0,126,,2738,540,,,0
2000,'Semaine-02-0001100',1953,,2740,540,,,0,164,,2739,540,,,0
2000,'Semaine-03',703,,2741,540,,,0,125,,2742,540,,,0,125,,2743,540,,,0,166,,2744,540,,,0,126,,2745,540,,,0,165,,2746,540,,,0,126,,2747,540,,,0,166,,2748,540,,,0,126,,2749,540,,,0
2000,'Semaine-03-0001100',1953,,2751,540,,,0,164,,2750,540,,,0
2800,'Semaine-02',529,,2954,100,,,0,85,,2953,140,,,0,15,,2955,100,,,0
2800,'Semaine-03',529,,2966,100,,,0,85,,2965,140,,,0,20,,2967,100,,,0
