101,'Dimanche-04',739,,4408,250,,,0,205,,4409,250,,,0,171,,4410,250,,,0,133,,4411,250,,,0,167,,4412,250,,,0,120,,4413,250,,,0,120,,4414,250,,,0,160,,4415,250,,,0,117,,4416,250,,,0,174,,4417,250,,,0,114,,4418,250,,,0,114,,4419,250,,,0
101,'Samedi-04',739,,4420,250,,,0,205,,4421,250,,,0,171,,4422,250,,,0,133,,4423,250,,,0,167,,4424,250,,,0,120,,4425,250,,,0,120,,4426,250,,,0,160,,4427,250,,,0,117,,4428,250,,,0,174,,4429,250,,,0,114,,4430,250,,,0,114,,4431,250,,,0
101,'Semaine-02',633,,2686,250,,,0,100,,2695,250,,,0,70,,2697,250,,,0,100,,2698,250,,,0,106,,2699,250,,,0,95,,2700,250,,,0,100,,2702,250,,,0,98,,2701,250,,,0,111,,2703,250,,,0,46,,2687,250,,,0,148,,2688,250,,,0,51,,2689,250,,,0,147,,2690,250,,,0,29,,2691,250,,,0,69,,2692,250,,,0,108,,2693,250,,,0,144,,2694,250,,,0,190,,2696,250,,,0
101,'Semaine-03',638,,2704,250,,,0,100,,2713,250,,,0,70,,2715,250,,,0,50,,2716,250,,,0,151,,2717,250,,,0,105,,2718,250,,,0,95,,2720,250,,,0,103,,2719,250,,,0,106,,2721,250,,,0,41,,2705,250,,,0,143,,2706,250,,,0,56,,2707,250,,,0,147,,2708,250,,,0,34,,2709,250,,,0,103,,2710,250,,,0,84,,2711,250,,,0,174,,2712,250,,,0,135,,2714,250,,,0
2301,'Semaine-02',1559,,2852,260,,,0,65,,2853,260,,,0,30,,2854,260,,,0,70,,2855,260,,,0,23,,2856,260,,,0,74,,2857,260,,,0,30,,2858,260,,,0
2301,'Semaine-03',1559,,2859,260,,,0,65,,2860,260,,,0,30,,2861,260,,,0,70,,2862,260,,,0,28,,2863,260,,,0,69,,2864,260,,,0,30,,2865,260,,,0
2401,'Semaine-02',1611,,2877,160,,,0,47,,2878,160,,,0,86,,2881,160,,,0,85,,2880,160,,,0,82,,2879,160,,,0
2401,'Semaine-03',1646,,2882,160,,,0,85,,2883,160,,,0,85,,2886,160,,,0,21,,2885,160,,,0,64,,2884,160,,,0
2801,'Semaine-02',1403,,2982,190,0,6,0,150,,2986,190,0,6,0,56,,2989,190,0,6,0,15,,2992,190,0,6,0,17,,2980,190,0,7,0,15,,2990,190,0,6,0,55,,2991,190,0,6,0,14,,2983,190,0,6,0,15,,2979,190,,,0,13,,2984,190,0,6,0,54,,2981,190,0,7,0,15,,2985,190,0,6,0,10,,2987,190,0,6,0,20,,2988,190,0,6,0
2801,'Semaine-03',1403,,2996,190,0,6,0,150,,3002,190,0,6,0,56,,3005,190,0,6,0,15,,3008,190,0,6,0,17,,3006,190,0,6,0,15,,2994,190,0,7,0,50,,3007,190,0,6,0,10,,2997,190,0,6,0,9,,2998,190,0,6,0,10,,2993,190,,,0,10,,2999,190,0,6,0,8,,3000,190,0,6,0,50,,2995,190,0,7,0,14,,3001,190,0,6,0,10,,3003,190,0,6,0,25,,3004,190,0,6,0
3300,'Dimanche-04',545,,4517,130,,,0,82,,4515,130,,,0,90,,4526,130,,,0,41,,4536,130,,,0,83,,4538,130,,,0,93,,4539,130,,,0,80,,4540,130,,,0,40,,4541,130,,,0,80,,4542,130,,,0,80,,4518,130,,,0,40,,4519,130,,,0,79,,4520,130,,,0,80,,4521,130,,,0,40,,4522,130,,,0,79,,4523,130,,,0,79,,4524,130,,,0,39,,4525,130,,,0,79,,4527,130,,,0,79,,4528,130,,,0,40,,4529,130,,,0,87,,4530,130,,,0,85,,4531,130,,,0,86,,4532,130,,,0,47,,4533,130,,,0,86,,4534,130,,,0,83,,4535,130,,,0,88,,4516,130,,,0,43,,4537,130,,,0,159,,4543,130,0,8 6,0
3300,'Samedi-04',605,,4546,130,,,0,41,,4544,130,,,0,81,,4555,130,,,0,82,,4565,130,,,0,42,,4567,130,,,0,84,,4568,130,,,0,81,,4569,130,,,0,42,,4570,130,,,0,82,,4571,130,,,0,82,,4547,130,,,0,82,,4548,130,,,0,42,,4549,130,,,0,82,,4550,130,,,0,82,,4551,130,,,0,42,,4552,130,,,0,82,,4553,130,,,0,82,,4554,130,,,0,85,,4556,130,,,0,39,,4557,130,,,0,82,,4558,130,,,0,82,,4559,130,,,0,39,,4560,130,,,0,82,,4561,130,,,0,81,,4562,130,,,0,42,,4563,130,,,0,83,,4564,130,,,0,86,,4566,130,,,0,86,,4545,130,,,0,113,,4572,130,0,8 6,0
3300,'Semaine-02',607,,3208,130,,,0,41,,3236,130,,,0,82,,3217,130,,,0,82,,3227,130,,,0,42,,3230,130,,,0,81,,3231,130,,,0,82,,3232,130,,,0,83,,3233,130,,,0,43,,3234,130,,,0,83,,3209,130,,,0,83,,3210,130,,,0,43,,3211,130,,,0,83,,3212,130,,,0,85,,3213,130,,,0,87,,3214,130,,,0,47,,3215,130,,,0,85,,3216,130,,,0,84,,3218,130,,,0,81,,3219,130,,,0,41,,3220,130,,,0,81,,3221,130,,,0,81,,3222,130,,,0,41,,3223,130,,,0,81,,3224,130,,,0,80,,3225,130,,,0,40,,3226,130,,,0,80,,3228,130,,,0,80,,3229,130,,,0,45,,3235,80,0,8 6,0
3300,'Semaine-03',612,,3237,130,,,0,40,,3265,130,,,0,81,,3246,130,,,0,80,,3256,130,,,0,40,,3259,130,,,0,79,,3260,130,,,0,80,,3261,130,,,0,42,,3262,130,,,0,81,,3263,130,,,0,83,,3238,130,,,0,83,,3239,130,,,0,43,,3240,130,,,0,82,,3241,130,,,0,83,,3242,130,,,0,46,,3243,130,,,0,85,,3244,130,,,0,85,,3245,130,,,0,84,,3247,130,,,0,43,,3248,130,,,0,83,,3249,130,,,0,82,,3250,130,,,0,40,,3251,130,,,0,80,,3252,130,,,0,80,,3253,130,,,0,40,,3254,130,,,0,80,,3255,130,,,0,80,,3257,130,,,0,40,,3258,130,,,0,96,,3264,80,0,8 6,0
