101,'Dimanche-04',758,,4408,510,,,0,246,,4409,510,,,0,131,,4410,510,,,0,173,,4411,510,,,0,127,,4412,510,,,0,120,,4413,510,,,0,160,,4414,510,,,0,120,,4415,510,,,0,117,,4416,510,,,0,174,,4417,510,,,0,114,,4418,510,,,0,113,,4419,510,,,0
101,'Samedi-04',758,,4420,510,,,0,246,,4421,510,,,0,131,,4422,510,,,0,173,,4423,510,,,0,127,,4424,510,,,0,120,,4425,510,,,0,160,,4426,510,,,0,120,,4427,510,,,0,117,,4428,510,,,0,174,,4429,510,,,0,114,,4430,510,,,0,113,,4431,510,,,0
101,'Semaine-03',658,,2704,510,,,0,101,,2713,510,,,0,70,,2715,510,,,0,90,,2716,510,,,0,110,,2717,510,,,0,105,,2718,510,,,0,95,,2720,510,,,0,105,,2719,510,,,0,106,,2721,510,,,0,81,,2705,510,,,0,104,,2706,510,,,0,96,,2707,510,,,0,106,,2708,510,,,0,74,,2709,510,,,0,103,,2710,510,,,0,43,,2711,510,,,0,173,,2712,510,,,0,134,,2714,510,,,0
2000,'Dimanche-04',728,,4432,690,4,,0,124,,4433,690,4,,0,166,,4434,690,4,,0,125,,4435,690,4,,0,165,,4436,690,4,,0,125,,4437,690,4,,0,125,,4438,690,4,,0,165,,4439,690,4,,0
2000,'Samedi-04',728,,4440,690,4,,0,124,,4441,690,4,,0,166,,4442,690,4,,0,125,,4443,690,4,,0,165,,4444,690,4,,0,125,,4445,690,4,,0,125,,4446,690,4,,0,165,,4447,690,4,,0
2000,'Semaine-03',713,,2741,690,4,,0,125,,2742,690,4,,0,165,,2743,690,4,,0,126,,2744,690,4,,0,126,,2745,690,4,,0,165,,2746,690,4,,0,126,,2747,690,4,,0,166,,2748,690,4,,0,126,,2749,690,4,,0
2000,'Semaine-03-0001100',2001,,2751,690,4,,0,124,,2750,690,4,,0
2001,'Dimanche-04',730,,4448,10,,,0,124,,4449,10,,,0,166,,4450,10,,,0,125,,4451,10,,,0,165,,4452,10,,,0,125,,4453,10,,,0,165,,4454,10,,,0,125,,4455,10,,,0
2001,'Samedi-04',730,,4456,10,,,0,124,,4457,10,,,0,166,,4458,10,,,0,125,,4459,10,,,0,165,,4460,10,,,0,125,,4461,10,,,0,165,,4462,10,,,0,125,,4463,10,,,0
2001,'Semaine-03',715,,2771,10,,,0,125,,2772,10,,,0,165,,2773,10,,,0,126,,2774,10,,,0,126,,2775,10,,,0,165,,2776,10,,,0,126,,2777,10,,,0,166,,2778,10,,,0,126,,2779,10,,,0
2001,'Semaine-03-0001100',2003,,2781,10,,,0,124,,2780,10,,,0
2801,'Semaine-03',1710,,2994,400,0,23,0,39,,2993,400,,,0,68,,2995,400,0,23,0
2000001900,'Dimanche-04',546,,4671,60,4,,0,170,,4672,60,4,,0,130,,4673,60,4,,0,170,,4674,60,4,,0,130,,4675,60,4,,0,170,,4676,60,4,,0,130,,4677,60,4,,0,170,,4678,60,4,,0,130,,4679,60,4,,0,170,,4680,60,4,,0,130,,4681,60,4,,0,170,,4682,60,4,,0
2000001900,'Samedi-04',546,,4683,60,4,,0,170,,4684,60,4,,0,130,,4685,60,4,,0,170,,4686,60,4,,0,130,,4687,60,4,,0,170,,4688,60,4,,0,130,,4689,60,4,,0,170,,4690,60,4,,0,130,,4691,60,4,,0,170,,4692,60,4,,0,130,,4693,60,4,,0,170,,4694,60,4,,0
2000001900,'Semaine-03',451,,3544,60,4,,0,100,,3545,60,4,,0,70,,3546,60,4,,0,100,,3547,60,4,,0,100,,3548,60,4,,0,100,,3549,60,4,,0,96,,3550,60,4,,0,100,,3551,60,4,,0,100,,3552,60,4,,0,100,,3553,60,4,,0,100,,3554,60,4,,0,100,,3555,60,4,,0,100,,3556,60,4,,0,34,,3557,60,4,,0,100,,3558,60,4,,0,96,,3559,60,4,,0,165,,3560,60,4,,0,189,,3561,60,4,,0
