100,'Dimanche-04',657,,4395,750,4,,0,201,,4384,750,4,,0,169,,4385,750,4,,0,131,,4386,750,4,,0,165,,4387,750,4,,0,123,,4388,750,4,,0,157,,4389,750,4,,0,120,,4390,750,4,,0,123,,4391,750,4,,0,175,,4392,750,4,,0,115,,4393,750,4,,0,115,,4394,750,4,,0
100,'Samedi-04',657,,4407,750,4,,0,201,,4396,750,4,,0,169,,4397,750,4,,0,131,,4398,750,4,,0,165,,4399,750,4,,0,123,,4400,750,4,,0,157,,4401,750,4,,0,120,,4402,750,4,,0,123,,4403,750,4,,0,175,,4404,750,4,,0,115,,4405,750,4,,0,115,,4406,750,4,,0
100,'Semaine-03',546,,2656,750,4,,0,105,,2657,750,4,,0,68,,2658,750,4,,0,84,,2659,750,4,,0,115,,2660,750,4,,0,103,,2663,750,4,,0,92,,2672,750,4,,0,103,,2664,750,4,,0,105,,2673,750,4,,0,38,,2665,750,4,,0,141,,2666,750,4,,0,100,,2670,750,4,,0,110,,2667,750,4,,0,34,,2668,750,4,,0,103,,2661,750,4,,0,92,,2662,750,4,,0,171,,2671,750,4,,0,142,,2669,750,4,,0
2100,'Semaine-03',603,,2788,390,4,,0,30,,2789,390,4,,0,73,,2790,390,4,,0,37,,2791,390,4,,0,70,,2792,390,4,,0,36,,2793,390,4,,0
2300,'Semaine-03',604,,2844,430,4,,0,27,,2845,430,4,,0,17,,2846,430,4,,0,75,,2847,430,4,,0,26,,2848,430,4,,0,61,,2849,430,4,,0,20,,2850,430,4,,0,20,,2851,430,4,,0
2500,'Semaine-03',621,,2896,410,4,,0,34,,2893,430,4,,0,61,,2897,410,4,,0,29,,2894,430,4,,0,66,,2898,410,4,,0,29,,2895,430,4,,0
2600,'Semaine-03',518,,2913,380,4,,0,16,,2914,390,4,,0
3100,'Dimanche-04',738,,4473,470,4,,0,219,,4474,470,4,,0,278,,4472,470,4,,0,123,,4465,470,4,,0,160,,4466,470,4,,0,118,,4467,470,4,,0,118,,4468,470,4,,0,159,,4469,470,4,,0,127,,4470,470,4,,0,261,,4464,470,4,,0,213,,4471,470,4,,0
3100,'Samedi-04',627,,4476,470,4,,0,83,,4487,470,4,,0,205,,4488,470,4,,0,125,,4485,470,4,,0,164,,4475,470,4,,0,124,,4486,470,4,,0,124,,4477,470,4,,0,164,,4478,470,4,,0,124,,4479,470,4,,0,164,,4480,470,4,,0,124,,4481,470,4,,0,27,,4482,470,4,,0,256,,4483,470,4,,0,213,,4484,470,4,,0
3100,'Semaine-03',641,,3099,470,4,,0,80,,3075,470,4,,0,82,,3085,470,4,,0,40,,3100,470,4,,0,80,,3094,470,4,,0,80,,3095,470,4,,0,37,,3096,470,4,,0,79,,3102,470,4,,0,84,,3097,470,4,,0,43,,3098,470,4,,0,83,,3076,470,4,,0,83,,3077,470,4,,0,42,,3078,470,4,,0,84,,3079,470,4,,0,84,,3080,470,4,,0,85,,3081,470,4,,0,46,,3082,470,4,,0,83,,3083,470,4,,0,84,,3084,470,4,,0,82,,3086,470,4,,0,42,,3087,470,4,,0,79,,3088,470,4,,0,80,,3089,470,4,,0,37,,3090,470,4,,0,80,,3091,470,4,,0,80,,3092,470,4,,0,40,,3093,470,4,,0
3200,'Dimanche-04',633,,4489,480,4,,0,214,,4494,480,4,,0,263,,4497,480,4,,0,192,,4498,480,4,,0,119,,4490,480,4,,0,122,,4500,480,4,,0,160,,4491,480,4,,0,119,,4493,480,4,,0,118,,4492,480,4,,0,213,,4495,480,4,,0,256,,4496,480,4,,0
3200,'Samedi-04',604,,4501,360,4,,0,141,,4507,480,4,,0,77,,4502,480,4,,0,120,,4510,480,4,,0,163,,4511,480,4,,0,124,,4512,480,4,,0,124,,4503,480,4,,0,164,,4514,480,4,,0,124,,4504,480,4,,0,168,,4505,480,4,,0,120,,4506,480,4,,0,274,,4508,480,4,,0,216,,4509,480,4,,0
3200,'Semaine-03',705,,3173,480,4,,0,41,,3148,480,4,,0,80,,3176,480,4,,0,80,,3159,480,4,,0,40,,3167,480,4,,0,77,,3168,480,4,,0,81,,3169,480,4,,0,41,,3170,480,4,,0,83,,3171,480,4,,0,83,,3172,480,4,,0,43,,3149,480,4,,0,82,,3150,480,4,,0,84,,3151,480,4,,0,86,,3175,480,4,,0,17,,3152,130,4,,0,28,,3153,480,4,,0,58,,3177,130,4,,0,24,,3154,480,4,,0,20,,3178,130,4,,0,65,,3155,480,4,,0,84,,3156,480,4,,0,41,,3157,480,4,,0,83,,3158,480,4,,0,80,,3160,480,4,,0,40,,3161,480,4,,0,80,,3162,480,4,,0,80,,3163,480,4,,0,40,,3164,480,4,,0,80,,3165,480,4,,0,80,,3166,480,4,,0
9800,'Semaine-03',706,,3291,270,4,,0,102,,3279,370,4,,0,104,,3283,370,4,,0,105,,3284,370,4,,0,506,,3285,370,4,,0,105,,3286,370,4,,0,105,,3287,370,4,,0,105,,3288,370,4,,0,101,,3289,370,4,,0,97,,3290,370,4,,0,95,,3280,370,4,,0,90,,3281,370,4,,0
11100,'Dimanche-04',844,,4574,500,4,,0,187,,4573,500,4,,0,291,,4575,500,4,,0,289,,4576,500,4,,0,305,,4577,500,4,,0
11100,'Samedi-04',844,,4582,500,4,,0,187,,4581,500,4,,0,291,,4583,500,4,,0,289,,4584,500,4,,0,305,,4585,500,4,,0
11100,'Semaine-03',609,,3318,500,4,,0,97,,3319,500,4,,0,110,,3320,500,4,,0,95,,3321,500,4,,0,114,,3334,500,4,,0,76,,3316,500,4,,0,225,,3317,500,4,,0,380,,3328,500,4,,0,99,,3330,500,4,,0,354,,3332,430,4,,0
