2401,'Semaine-02',1605,,2877,70,,,0,47,,2878,70,,,0,86,,2881,70,,,0,85,,2880,70,,,0,82,,2879,70,,,0
2401,'Semaine-03',1640,,2882,70,,,0,85,,2883,70,,,0,85,,2886,70,,,0,21,,2885,70,,,0,24,,2884,70,,,0
2501,'Semaine-02',1557,,2899,180,,,0,80,,2900,180,,,0,74,,2901,180,,,0,39,,2902,180,,,0,75,,2903,180,,,0,33,,2904,180,,,0
2501,'Semaine-03',1557,,2905,180,,,0,80,,2906,180,,,0,74,,2907,180,,,0,39,,2908,180,,,0,80,,2909,180,,,0,28,,2910,180,,,0
2701,'Semaine-02',604,,2935,70,,,0,41,,2936,70,,,0,83,,2937,70,,,0,82,,2938,70,,,0,799,,2942,70,,,0,44,,2939,70,,,0,86,,2943,70,,,0,80,,2940,70,,,0,84,,2941,70,,,0
2701,'Semaine-03',610,,2944,70,,,0,40,,2945,70,,,0,81,,2946,70,,,0,80,,2947,70,,,0,744,,2951,70,,,0,81,,2948,70,,,0,84,,2952,70,,,0,86,,2949,70,,,0,45,,2950,70,,,0
3200,'Dimanche-04',559,,4489,180,,,0,254,,4494,180,,,0,223,,4497,180,,,0,192,,4498,180,,,0,119,,4490,180,,,0,162,,4500,180,,,0,120,,4491,180,,,0,119,,4493,180,,,0,158,,4492,180,,,0,215,,4495,180,,,0,216,,4496,180,,,0,213,,4499,180,0,6,0
3200,'Samedi-04',530,,4501,60,,,0,181,,4507,180,,,0,37,,4502,180,,,0,160,,4510,180,,,0,123,,4511,180,,,0,124,,4512,180,,,0,164,,4503,180,,,0,124,,4514,180,,,0,164,,4504,180,,,0,128,,4505,180,,,0,120,,4506,180,,,0,276,,4508,180,,,0,216,,4509,180,,,0,207,,4513,180,0,6,0
3200,'Semaine-02',625,,3142,180,,,0,81,,3117,180,,,0,41,,3145,180,,,0,82,,3128,180,,,0,83,,3136,180,,,0,42,,3137,180,,,0,82,,3138,180,,,0,83,,3139,180,,,0,83,,3140,180,,,0,44,,3141,180,,,0,83,,3118,180,,,0,83,,3119,180,,,0,44,,3120,180,,,0,86,,3144,180,,,0,87,,3122,180,,,0,86,,3123,180,,,0,85,,3124,180,,,0,42,,3125,180,,,0,81,,3126,180,,,0,81,,3127,180,,,0,42,,3129,180,,,0,81,,3130,180,,,0,81,,3131,180,,,0,40,,3132,180,,,0,80,,3133,180,,,0,80,,3134,180,,,0,40,,3135,180,,,0,98,,3143,180,0,6,0
3200,'Semaine-03',626,,3173,180,,,0,80,,3148,180,,,0,39,,3176,180,,,0,80,,3159,180,,,0,80,,3167,180,,,0,41,,3168,180,,,0,81,,3169,180,,,0,81,,3170,180,,,0,43,,3171,180,,,0,84,,3172,180,,,0,83,,3149,180,,,0,82,,3150,180,,,0,42,,3151,180,,,0,85,,3175,180,,,0,85,,3153,180,,,0,44,,3154,180,,,0,86,,3155,180,,,0,85,,3156,180,,,0,82,,3157,180,,,0,43,,3158,180,,,0,81,,3160,180,,,0,80,,3161,180,,,0,40,,3162,180,,,0,80,,3163,180,,,0,80,,3164,180,,,0,40,,3165,180,,,0,80,,3166,180,,,0,112,,3174,180,0,6,0
