2000002200,'Dimanche-01',613,,6707,130,4,,0,90,,6708,130,4,,0,41,,6709,130,4,,0,83,,6710,130,4,,0,93,,6711,130,4,,0,83,,6712,130,4,,0,47,,6713,130,4,,0,74,,6714,130,4,,0,34,,6715,130,4,,0,84,,6716,130,4,,0,79,,6717,130,4,,0,80,,6718,130,4,,0,40,,6719,130,4,,0,82,,6720,130,4,,0,36,,6721,130,4,,0,84,,6722,130,4,,0,74,,6723,130,4,,0,85,,6724,130,4,,0,34,,6725,130,4,,0,84,,6726,130,4,,0,83,,6728,130,4,,0,47,,6705,130,4,,0,84,,6727,130,4,,0,90,,6729,130,4,,0,83,,6730,130,4,,0,43,,6731,130,4,,0,89,,6704,130,4,,0,86,,6706,130,4,,0
2000002200,'Samedi-01',552,,6787,130,4,,0,83,,6788,130,4,,0,90,,6789,130,4,,0,77,,6790,130,4,,0,36,,6791,130,4,,0,84,,6792,130,4,,0,81,,6793,130,4,,0,42,,6794,130,4,,0,82,,6795,130,4,,0,82,,6796,130,4,,0,42,,6797,130,4,,0,82,,6798,130,4,,0,82,,6799,130,4,,0,42,,6800,130,4,,0,82,,6801,130,4,,0,82,,6802,130,4,,0,82,,6803,130,4,,0,46,,6804,130,4,,0,78,,6805,130,4,,0,82,,6806,130,4,,0,42,,6807,130,4,,0,81,,6809,130,4,,0,77,,6785,130,4,,0,35,,6808,130,4,,0,90,,6810,130,4,,0,87,,6811,130,4,,0,79,,6812,130,4,,0,49,,6784,130,4,,0,81,,6786,130,4,,0
2000002200,'Semaine-01',559,,6835,130,4,,0,280,,6832,130,4,,0,80,,6813,130,4,,0,40,,6814,130,4,,0,81,,6815,130,4,,0,81,,6816,130,4,,0,83,,6817,130,4,,0,43,,6818,130,4,,0,83,,6819,130,4,,0,82,,6820,130,4,,0,42,,6821,130,4,,0,85,,6833,130,4,,0,300,,6834,130,4,,0,83,,6822,130,4,,0,82,,6823,130,4,,0,40,,6824,130,4,,0,80,,6825,130,4,,0,80,,6826,130,4,,0,40,,6827,130,4,,0,80,,6828,130,4,,0,78,,6829,130,4,,0,43,,6830,130,4,,0,80,,6831,130,4,,0
2000002201,'Dimanche-01',620,,6840,10,,,0,90,,6836,10,,,0,41,,6841,10,,,0,83,,6842,10,,,0,93,,6843,10,,,0,83,,6844,10,,,0,47,,6845,10,,,0,74,,6846,10,,,0,74,,6847,10,,,0,44,,6848,10,,,0,79,,6849,10,,,0,80,,6850,10,,,0,40,,6851,10,,,0,82,,6852,10,,,0,76,,6853,10,,,0,44,,6854,10,,,0,74,,6855,10,,,0,85,,6856,10,,,0,34,,6857,10,,,0,84,,6859,10,,,0,84,,6858,10,,,0,46,,6838,10,,,0,84,,6860,10,,,0,90,,6861,10,,,0,82,,6862,10,,,0,44,,6863,10,,,0,89,,6837,10,,,0,84,,6839,10,,,0,82,,6864,10,,,0
2000002201,'Samedi-01',559,,6918,10,,,0,83,,6923,10,,,0,90,,6919,10,,,0,77,,6924,10,,,0,36,,6925,10,,,0,84,,6926,10,,,0,81,,6927,10,,,0,42,,6928,10,,,0,82,,6929,10,,,0,82,,6930,10,,,0,42,,6931,10,,,0,82,,6932,10,,,0,82,,6933,10,,,0,82,,6934,10,,,0,42,,6935,10,,,0,82,,6936,10,,,0,82,,6937,10,,,0,46,,6938,10,,,0,78,,6939,10,,,0,82,,6940,10,,,0,42,,6942,10,,,0,82,,6941,10,,,0,76,,6921,10,,,0,35,,6943,10,,,0,90,,6944,10,,,0,86,,6945,10,,,0,80,,6946,10,,,0,49,,6920,10,,,0,79,,6922,10,,,0,77,,6947,10,,,0
2000002201,'Semaine-01',606,,6970,10,,,0,241,,6948,10,,,0,80,,6949,10,,,0,80,,6950,10,,,0,41,,6951,10,,,0,81,,6952,10,,,0,83,,6953,10,,,0,43,,6954,10,,,0,83,,6955,10,,,0,82,,6956,10,,,0,82,,6968,10,,,0,45,,6969,10,,,0,300,,6957,10,,,0,82,,6958,10,,,0,83,,6959,10,,,0,40,,6960,10,,,0,80,,6961,10,,,0,80,,6962,10,,,0,40,,6963,10,,,0,80,,6964,10,,,0,80,,6965,10,,,0,40,,6966,10,,,0,80,,6967,10,,,0
2000002700,'Dimanche-01',620,,7405,10,,,0,90,,7409,10,,,0,41,,7406,10,,,0,83,,7410,10,,,0,93,,7411,10,,,0,83,,7412,10,,,0,45,,7413,10,,,0,75,,7414,10,,,0,74,,7415,10,,,0,45,,7416,10,,,0,79,,7417,10,,,0,80,,7418,10,,,0,40,,7419,10,,,0,82,,7420,10,,,0,76,,7421,10,,,0,43,,7422,10,,,0,75,,7423,10,,,0,84,,7424,10,,,0,35,,7425,10,,,0,84,,7426,10,,,0,84,,7427,10,,,0,46,,7428,10,,,0,84,,7407,10,,,0,90,,7429,10,,,0,82,,7430,10,,,0,44,,7431,10,,,0,89,,7432,10,,,0,84,,7433,10,,,0,82,,7408,10,,,0
2000002700,'Samedi-01',559,,7486,10,,,0,83,,7490,10,,,0,90,,7487,10,,,0,77,,7491,10,,,0,36,,7492,10,,,0,84,,7493,10,,,0,81,,7494,10,,,0,42,,7495,10,,,0,82,,7496,10,,,0,82,,7497,10,,,0,42,,7498,10,,,0,82,,7499,10,,,0,82,,7500,10,,,0,82,,7501,10,,,0,42,,7502,10,,,0,82,,7503,10,,,0,82,,7504,10,,,0,46,,7505,10,,,0,78,,7506,10,,,0,82,,7507,10,,,0,42,,7508,10,,,0,82,,7509,10,,,0,74,,7488,10,,,0,37,,7510,10,,,0,90,,7511,10,,,0,86,,7512,10,,,0,80,,7513,10,,,0,49,,7514,10,,,0,79,,7489,10,,,0,76,,7515,10,,,0
2000002700,'Semaine-01',606,,7535,10,,,0,241,,7516,10,,,0,80,,7518,10,,,0,80,,7534,10,,,0,41,,7533,10,,,0,81,,7532,10,,,0,83,,7531,10,,,0,43,,7530,10,,,0,83,,7529,10,,,0,82,,7528,10,,,0,82,,7536,10,,,0,45,,7537,10,,,0,382,,7527,10,,,0,83,,7526,10,,,0,40,,7525,10,,,0,80,,7524,10,,,0,80,,7523,10,,,0,40,,7522,10,,,0,80,,7521,10,,,0,80,,7520,10,,,0,40,,7519,10,,,0,80,,7517,10,,,0
2000002701,'Dimanche-01',613,,7538,180,4,,0,90,,7540,180,4,,0,41,,7565,180,4,,0,83,,7563,180,4,,0,93,,7564,180,4,,0,83,,7561,180,4,,0,47,,7562,180,4,,0,75,,7560,180,4,,0,75,,7559,180,4,,0,42,,7556,180,4,,0,79,,7558,180,4,,0,80,,7557,180,4,,0,40,,7555,180,4,,0,82,,7554,180,4,,0,77,,7552,180,4,,0,43,,7553,180,4,,0,76,,7551,180,4,,0,83,,7550,180,4,,0,36,,7549,180,4,,0,82,,7548,180,4,,0,84,,7547,180,4,,0,46,,7546,180,4,,0,85,,7539,180,4,,0,89,,7545,180,4,,0,83,,7544,180,4,,0,44,,7543,180,4,,0,88,,7542,180,4,,0,86,,7541,180,4,,0
2000002701,'Samedi-01',552,,7615,180,4,,0,83,,7618,180,4,,0,90,,7643,180,4,,0,77,,7641,180,4,,0,37,,7642,180,4,,0,83,,7639,180,4,,0,81,,7640,180,4,,0,42,,7638,180,4,,0,82,,7637,180,4,,0,82,,7634,180,4,,0,42,,7636,180,4,,0,82,,7635,180,4,,0,82,,7633,180,4,,0,42,,7632,180,4,,0,82,,7630,180,4,,0,82,,7631,180,4,,0,82,,7629,180,4,,0,46,,7628,180,4,,0,78,,7627,180,4,,0,82,,7626,180,4,,0,42,,7625,180,4,,0,81,,7624,180,4,,0,79,,7616,180,4,,0,33,,7623,180,4,,0,90,,7622,180,4,,0,87,,7621,180,4,,0,79,,7620,180,4,,0,49,,7619,180,4,,0,81,,7617,180,4,,0
2000002701,'Semaine-01',559,,7660,180,4,,0,360,,7659,180,4,,0,40,,7658,180,4,,0,81,,7657,180,4,,0,81,,7656,180,4,,0,83,,7655,180,4,,0,43,,7654,180,4,,0,83,,7653,180,4,,0,82,,7661,180,4,,0,42,,7662,180,4,,0,85,,7663,180,4,,0,465,,7652,180,4,,0,40,,7651,180,4,,0,80,,7650,180,4,,0,80,,7649,180,4,,0,40,,7648,180,4,,0,80,,7647,180,4,,0,80,,7646,180,4,,0,41,,7645,180,4,,0,80,,7644,180,4,,0
2000002900,'Dimanche-01',613,,7705,190,4,,0,7,,7681,10,,,0,14,,7681,200,4,,0,12,,7682,10,,,0,54,,7682,200,4,,0,10,,7685,10,,,0,14,,7685,200,4,,0,16,,7674,10,,,0,14,,7674,200,4,,0,59,,7684,10,,,0,14,,7684,200,4,,0,12,,7673,10,,,0,14,,7673,200,4,,0,53,,7665,10,,,0,14,,7665,200,4,,0,12,,7677,10,,,0,14,,7677,200,4,,0,59,,7675,10,,,0,14,,7675,200,4,,0,16,,7683,10,,,0,14,,7683,200,4,,0,56,,7676,10,,,0,14,,7676,200,4,,0,21,,7664,10,,,0,14,,7664,200,4,,0,51,,7686,10,,,0,14,,7686,200,4,,0,9,,7678,10,,,0,14,,7678,200,4,,0,62,,7687,10,,,0,14,,7687,200,4,,0,10,,7680,10,,,0,14,,7680,200,4,,0,5,,7688,10,,,0,54,,7688,200,4,,0,19,,7689,10,,,0,14,,7689,200,4,,0,14,,7679,10,,,0,54,,7679,200,4,,0,7,,7690,10,,,0,14,,7690,200,4,,0,15,,7691,10,,,0,14,,7691,200,4,,0,54,,7666,10,,,0,14,,7666,200,4,,0,10,,7692,10,,,0,14,,7692,200,4,,0,56,,7693,10,,,0,14,,7693,200,4,,0,11,,7694,10,,,0,14,,7694,200,4,,0,11,,7672,10,,,0,54,,7672,200,4,,0,14,,7699,10,,,0,14,,7699,200,4,,0,11,,7697,10,,,0,14,,7697,200,4,,0,48,,7702,10,,,0,14,,7702,200,4,,0,16,,7704,10,,,0,14,,7704,200,4,,0,61,,7698,10,,,0,14,,7698,200,4,,0,26,,7701,10,,,0,54,,7701,200,4,,0,16,,7695,10,,,0,14,,7695,200,4,,0,66,,7667,10,,,0,14,,7667,200,4,,0,17,,7669,10,,,0,14,,7669,200,4,,0,57,,7700,10,,,0,14,,7700,200,4,,0,19,,7696,10,,,0,14,,7696,200,4,,0,56,,7668,10,,,0,14,,7668,200,4,,0,27,,7670,10,,,0,54,,7670,200,4,,0,30,,7671,10,,,0,14,,7671,200,4,,0,68,,7703,10,,,0
2000002900,'Samedi-01',552,,7832,190,4,,0,7,,7808,10,,,0,54,,7808,200,4,,0,29,,7809,10,,,0,14,,7809,200,4,,0,55,,7812,10,,,0,14,,7812,200,4,,0,23,,7801,10,,,0,54,,7801,200,4,,0,22,,7811,10,,,0,14,,7811,200,4,,0,70,,7800,10,,,0,14,,7800,200,4,,0,8,,7793,10,,,0,14,,7793,200,4,,0,61,,7804,10,,,0,14,,7804,200,4,,0,11,,7802,10,,,0,14,,7802,200,4,,0,15,,7810,10,,,0,54,,7810,200,4,,0,17,,7803,10,,,0,14,,7803,200,4,,0,56,,7792,10,,,0,14,,7792,200,4,,0,16,,7813,10,,,0,14,,7813,200,4,,0,56,,7805,10,,,0,14,,7805,200,4,,0,21,,7814,10,,,0,14,,7814,200,4,,0,61,,7806,10,,,0,14,,7806,200,4,,0,11,,7807,10,,,0,14,,7807,200,4,,0,71,,7815,10,,,0,14,,7815,200,4,,0,71,,7816,10,,,0,14,,7816,200,4,,0,26,,7817,10,,,0,14,,7817,200,4,,0,51,,7818,10,,,0,14,,7818,200,4,,0,11,,7794,10,,,0,14,,7794,200,4,,0,57,,7819,10,,,0,14,,7819,200,4,,0,14,,7820,10,,,0,14,,7820,200,4,,0,8,,7821,10,,,0,54,,7821,200,4,,0,6,,7799,10,,,0,14,,7799,200,4,,0,7,,7826,10,,,0,14,,7826,200,4,,0,51,,7824,10,,,0,14,,7824,200,4,,0,9,,7829,10,,,0,14,,7829,200,4,,0,66,,7831,10,,,0,14,,7831,200,4,,0,11,,7825,10,,,0,14,,7825,200,4,,0,7,,7828,10,,,0,54,,7828,200,4,,0,15,,7822,10,,,0,14,,7822,200,4,,0,7,,7795,10,,,0,14,,7795,200,4,,0,60,,7797,10,,,0,14,,7797,200,4,,0,17,,7827,10,,,0,54,,7827,200,4,,0,30,,7823,10,,,0,14,,7823,200,4,,0,12,,7796,10,,,0,54,,7796,200,4,,0,20,,7798,10,,,0,14,,7798,200,4,,0,66,,7830,10,,,0
2000002900,'Semaine-01',545,,7833,10,,,0,14,,7833,200,4,,0,48,,7856,10,,,0,14,,7856,200,4,,0,4,,7857,10,,,0,14,,7857,200,4,,0,208,,7858,10,,,0,54,,7858,200,4,,0,4,,7834,10,,,0,14,,7834,200,4,,0,8,,7835,10,,,0,14,,7835,200,4,,0,4,,7836,10,,,0,14,,7836,200,4,,0,48,,7837,10,,,0,14,,7837,200,4,,0,4,,7838,10,,,0,14,,7838,200,4,,0,9,,7839,10,,,0,54,,7839,200,4,,0,3,,7868,10,,,0,14,,7868,200,4,,0,10,,7840,10,,,0,14,,7840,200,4,,0,7,,7869,10,,,0,54,,7869,200,4,,0,8,,7841,10,,,0,14,,7841,200,4,,0,4,,7842,10,,,0,14,,7842,200,4,,0,11,,7871,10,,,0,54,,7871,200,4,,0,6,,7870,10,,,0,14,,7870,200,4,,0,9,,7859,10,,,0,14,,7859,200,4,,0,3,,7860,10,,,0,54,,7860,200,4,,0,11,,7843,10,,,0,14,,7843,200,4,,0,6,,7844,10,,,0,14,,7844,200,4,,0,48,,7845,10,,,0,14,,7845,200,4,,0,4,,7846,10,,,0,14,,7846,200,4,,0,268,,7847,10,,,0,14,,7847,200,4,,0,9,,7866,10,,,0,14,,7866,200,4,,0,8,,7848,10,,,0,54,,7848,200,4,,0,4,,7863,10,,,0,14,,7863,200,4,,0,10,,7849,10,,,0,14,,7849,200,4,,0,7,,7862,10,,,0,54,,7862,200,4,,0,8,,7865,10,,,0,14,,7865,200,4,,0,4,,7850,10,,,0,14,,7850,200,4,,0,8,,7867,10,,,0,54,,7867,200,4,,0,4,,7851,10,,,0,14,,7851,200,4,,0,8,,7861,10,,,0,14,,7861,200,4,,0,4,,7852,10,,,0,54,,7852,200,4,,0,8,,7864,10,,,0,14,,7864,200,4,,0,4,,7853,10,,,0,14,,7853,200,4,,0,8,,7854,10,,,0,54,,7854,200,4,,0,4,,7855,10,,,0,14,,7855,200,4,,0,8,,7872,10,,,0,14,,7872,200,4,,0,4,,7873,10,,,0,54,,7873,200,4,,0,8,,7874,10,,,0,14,,7874,200,4,,0,4,,7875,10,,,0,14,,7875,200,4,,0,8,,7876,10,,,0,54,,7876,200,4,,0,4,,7877,10,,,0,14,,7877,200,4,,0
