2000002300,'Dimanche-01',550,,6971,100,,,0,79,,6973,100,,,0,74,,6974,100,,,0,101,,6975,100,,,0,41,,6976,100,,,0,75,,6977,100,,,0,107,,6978,100,,,0,97,,6979,100,,,0,95,,6980,100,,,0,82,,6981,100,,,0,37,,6982,100,,,0,83,,6983,100,,,0,79,,6984,100,,,0,42,,6985,100,,,0,78,,6986,100,,,0,80,,6987,100,,,0,39,,6988,100,,,0,82,,6989,100,,,0,36,,6990,100,,,0,146,,6991,100,,,0,109,,6992,100,,,0,112,,6993,100,,,0,104,,6994,100,,,0,111,,6995,100,,,0,102,,6972,100,,,0
2000002300,'Fête-1-01',552,,6996,100,,,0,83,,6998,100,,,0,81,,6999,100,,,0,35,,7000,100,,,0,87,,7001,100,,,0,84,,7002,100,,,0,81,,7003,100,,,0,53,,7004,100,,,0,90,,7005,100,,,0,85,,7006,100,,,0,79,,7007,100,,,0,41,,7008,100,,,0,83,,7009,100,,,0,85,,7010,100,,,0,39,,7011,100,,,0,85,,7012,100,,,0,83,,7013,100,,,0,80,,7014,100,,,0,40,,7015,100,,,0,85,,7016,100,,,0,87,,7017,100,,,0,104,,7018,100,,,0,80,,7019,100,,,0,32,,7020,100,,,0,104,,7021,100,,,0,111,,7022,100,,,0,96,,6997,100,,,0
2000002300,'Fête-2-01',559,,7023,100,,,0,80,,7024,100,,,0,80,,7048,100,,,0,81,,7049,100,,,0,39,,7025,100,,,0,80,,7047,100,,,0,40,,7045,100,,,0,81,,7044,100,,,0,82,,7046,100,,,0,83,,7043,100,,,0,43,,7040,100,,,0,83,,7042,100,,,0,82,,7041,100,,,0,42,,7039,100,,,0,85,,7038,100,,,0,85,,7037,100,,,0,86,,7036,100,,,0,45,,7035,100,,,0,85,,7034,100,,,0,82,,7033,100,,,0,82,,7032,100,,,0,39,,7031,100,,,0,80,,7030,100,,,0,80,,7029,100,,,0,40,,7028,100,,,0,80,,7027,100,,,0,80,,7026,100,,,0,121,,7050,100,,,0
2000002300,'Samedi-01',552,,7051,100,,,0,83,,7053,100,,,0,81,,7054,100,,,0,35,,7055,100,,,0,87,,7056,100,,,0,84,,7057,100,,,0,81,,7058,100,,,0,53,,7059,100,,,0,90,,7060,100,,,0,85,,7061,100,,,0,79,,7062,100,,,0,41,,7063,100,,,0,83,,7064,100,,,0,85,,7065,100,,,0,39,,7066,100,,,0,85,,7067,100,,,0,83,,7068,100,,,0,80,,7069,100,,,0,40,,7070,100,,,0,85,,7071,100,,,0,87,,7072,100,,,0,104,,7073,100,,,0,80,,7074,100,,,0,32,,7075,100,,,0,104,,7076,100,,,0,111,,7077,100,,,0,96,,7052,100,,,0
2000002300,'Semaine-01',559,,7078,100,,,0,80,,7079,100,,,0,80,,7103,100,,,0,81,,7104,100,,,0,39,,7080,100,,,0,80,,7102,100,,,0,40,,7100,100,,,0,81,,7099,100,,,0,82,,7101,100,,,0,83,,7098,100,,,0,43,,7095,100,,,0,83,,7097,100,,,0,82,,7096,100,,,0,42,,7094,100,,,0,85,,7093,100,,,0,85,,7092,100,,,0,86,,7091,100,,,0,45,,7090,100,,,0,85,,7089,100,,,0,82,,7088,100,,,0,82,,7087,100,,,0,39,,7086,100,,,0,80,,7085,100,,,0,80,,7084,100,,,0,40,,7083,100,,,0,80,,7082,100,,,0,80,,7081,100,,,0,121,,7105,100,,,0
2000002301,'Dimanche-01',614,,7106,100,,,0,34,,7116,100,,,0,80,,7111,100,,,0,101,,7121,100,,,0,76,,7117,100,,,0,40,,7110,100,,,0,107,,7112,100,,,0,97,,7113,100,,,0,95,,7120,100,,,0,75,,7114,100,,,0,84,,7109,100,,,0,38,,7122,100,,,0,84,,7115,100,,,0,77,,7119,100,,,0,43,,7118,100,,,0,79,,7108,100,,,0,80,,7123,100,,,0,37,,7124,100,,,0,81,,7129,100,,,0,106,,7126,100,,,0,109,,7125,100,,,0,112,,7130,100,,,0,104,,7128,100,,,0,151,,7127,100,,,0,102,,7107,100,,,0
2000002301,'Fête-1-01',617,,7131,100,,,0,83,,7141,100,,,0,36,,7136,100,,,0,75,,7147,100,,,0,92,,7142,100,,,0,40,,7135,100,,,0,85,,7144,100,,,0,88,,7137,100,,,0,95,,7138,100,,,0,40,,7146,100,,,0,84,,7139,100,,,0,76,,7134,100,,,0,48,,7148,100,,,0,80,,7140,100,,,0,84,,7145,100,,,0,80,,7143,100,,,0,48,,7133,100,,,0,75,,7149,100,,,0,85,,7150,100,,,0,40,,7155,100,,,0,92,,7152,100,,,0,104,,7151,100,,,0,72,,7156,100,,,0,40,,7157,100,,,0,144,,7154,100,,,0,111,,7153,100,,,0,96,,7132,100,,,0
2000002301,'Fête-2-01',624,,7186,100,,,0,80,,7183,100,,,0,40,,7184,100,,,0,80,,7185,100,,,0,80,,7181,100,,,0,40,,7182,100,,,0,80,,7179,100,,,0,81,,7178,100,,,0,42,,7180,100,,,0,83,,7176,100,,,0,83,,7173,100,,,0,43,,7177,100,,,0,82,,7175,100,,,0,82,,7174,100,,,0,85,,7172,100,,,0,45,,7171,100,,,0,86,,7170,100,,,0,85,,7169,100,,,0,85,,7168,100,,,0,42,,7167,100,,,0,82,,7166,100,,,0,79,,7165,100,,,0,40,,7164,100,,,0,80,,7163,100,,,0,80,,7162,100,,,0,40,,7161,100,,,0,80,,7160,100,,,0,74,,7159,100,,,0,98,,7158,100,,,0
2000002301,'Samedi-01',617,,7187,100,,,0,83,,7197,100,,,0,36,,7192,100,,,0,75,,7203,100,,,0,92,,7198,100,,,0,40,,7191,100,,,0,85,,7200,100,,,0,88,,7193,100,,,0,95,,7194,100,,,0,40,,7202,100,,,0,84,,7195,100,,,0,76,,7190,100,,,0,48,,7204,100,,,0,80,,7196,100,,,0,84,,7201,100,,,0,80,,7199,100,,,0,48,,7189,100,,,0,75,,7205,100,,,0,85,,7206,100,,,0,40,,7211,100,,,0,92,,7208,100,,,0,104,,7207,100,,,0,72,,7212,100,,,0,40,,7213,100,,,0,144,,7210,100,,,0,111,,7209,100,,,0,96,,7188,100,,,0
2000002301,'Semaine-01',624,,7242,100,,,0,80,,7239,100,,,0,40,,7240,100,,,0,80,,7241,100,,,0,80,,7237,100,,,0,40,,7238,100,,,0,80,,7235,100,,,0,81,,7234,100,,,0,42,,7236,100,,,0,83,,7232,100,,,0,83,,7229,100,,,0,43,,7233,100,,,0,82,,7231,100,,,0,82,,7230,100,,,0,85,,7228,100,,,0,45,,7227,100,,,0,86,,7226,100,,,0,85,,7225,100,,,0,85,,7224,100,,,0,42,,7223,100,,,0,82,,7222,100,,,0,79,,7221,100,,,0,40,,7220,100,,,0,80,,7219,100,,,0,80,,7218,100,,,0,40,,7217,100,,,0,80,,7216,100,,,0,74,,7215,100,,,0,98,,7214,100,,,0
