100,'Dimanche-04',642,,4395,650,,,0,200,,4384,650,,,0,167,,4385,650,,,0,131,,4386,650,,,0,165,,4387,650,,,0,123,,4388,650,,,0,118,,4389,650,,,0,160,,4390,650,,,0,123,,4391,650,,,0,175,,4392,650,,,0,115,,4393,650,,,0,115,,4394,650,,,0
100,'Samedi-04',642,,4407,650,,,0,200,,4396,650,,,0,167,,4397,650,,,0,131,,4398,650,,,0,165,,4399,650,,,0,123,,4400,650,,,0,118,,4401,650,,,0,160,,4402,650,,,0,123,,4403,650,,,0,175,,4404,650,,,0,115,,4405,650,,,0,115,,4406,650,,,0
100,'Semaine-02',528,,2638,650,,,0,102,,2639,650,,,0,70,,2640,650,,,0,42,,2641,650,,,0,168,,2642,650,,,0,98,,2645,650,,,0,29,,2654,650,,,0,101,,2646,650,,,0,107,,2655,650,,,0,95,,2647,650,,,0,100,,2648,650,,,0,100,,2652,650,,,0,110,,2649,650,,,0,89,,2650,650,,,0,111,,2643,650,,,0,86,,2644,650,,,0,102,,2653,650,,,0,196,,2651,650,,,0
100,'Semaine-03',530,,2656,650,,,0,104,,2657,650,,,0,66,,2658,650,,,0,42,,2659,650,,,0,158,,2660,650,,,0,104,,2663,650,,,0,53,,2672,650,,,0,102,,2664,650,,,0,141,,2673,650,,,0,38,,2665,650,,,0,102,,2666,650,,,0,100,,2670,650,,,0,110,,2667,650,,,0,75,,2668,650,,,0,105,,2661,650,,,0,92,,2662,650,,,0,131,,2671,650,,,0,184,,2669,650,,,0
2100,'Semaine-02',543,,2782,290,,,0,70,,2783,290,,,0,31,,2784,290,,,0,75,,2785,290,,,0,30,,2786,290,,,0,75,,2787,290,,,0
2100,'Semaine-03',548,,2788,290,,,0,70,,2789,290,,,0,31,,2790,290,,,0,75,,2791,290,,,0,30,,2792,290,,,0,75,,2793,290,,,0
2300,'Semaine-02',548,,2836,330,,,0,66,,2837,330,,,0,15,,2838,330,,,0,75,,2839,330,,,0,25,,2840,330,,,0,15,,2841,330,,,0,65,,2842,330,,,0,20,,2843,330,,,0
2300,'Semaine-03',548,,2844,330,,,0,66,,2845,330,,,0,15,,2846,330,,,0,75,,2847,330,,,0,25,,2848,330,,,0,20,,2849,330,,,0,60,,2850,330,,,0,20,,2851,330,,,0
2500,'Semaine-02',605,,2890,310,,,0,34,,2887,330,,,0,61,,2891,310,,,0,32,,2888,330,,,0,23,,2892,310,,,0,69,,2889,330,,,0
2500,'Semaine-03',605,,2896,310,,,0,34,,2893,330,,,0,61,,2897,310,,,0,29,,2894,330,,,0,26,,2898,310,,,0,69,,2895,330,,,0
2600,'Semaine-02',504,,2911,280,,,0,17,,2912,290,,,0
2600,'Semaine-03',504,,2913,280,,,0,17,,2914,290,,,0
2800,'Semaine-02',523,,2957,180,,,0,20,,2956,180,,,0,15,,2954,430,,,0,55,,2963,180,,,0,15,,2964,180,,,0,15,,2953,470,,,0,15,,2955,430,,,0,56,,2958,180,,,0,15,,2959,180,,,0,15,,2960,180,,,0,61,,2961,180,,,0,20,,2962,180,,,0
2800,'Semaine-03',523,,2969,180,,,0,20,,2968,180,,,0,15,,2966,430,,,0,55,,2978,180,,,0,15,,2975,180,,,0,15,,2965,470,,,0,10,,2976,180,,,0,50,,2967,430,,,0,11,,2977,180,,,0,10,,2970,180,,,0,10,,2971,180,,,0,16,,2972,180,,,0,55,,2973,180,,,0,20,,2974,180,,,0
3100,'Dimanche-04',726,,4473,370,,,0,218,,4474,370,,,0,278,,4472,370,,,0,123,,4465,370,,,0,160,,4466,370,,,0,118,,4467,370,,,0,118,,4468,370,,,0,159,,4469,370,,,0,127,,4470,370,,,0,221,,4464,370,,,0,254,,4471,370,,,0
3100,'Samedi-04',615,,4476,370,,,0,43,,4487,370,,,0,244,,4488,370,,,0,125,,4485,370,,,0,124,,4475,370,,,0,164,,4486,370,,,0,124,,4477,370,,,0,164,,4478,370,,,0,124,,4479,370,,,0,124,,4480,370,,,0,164,,4481,370,,,0,27,,4482,370,,,0,216,,4483,370,,,0,254,,4484,370,,,0
3100,'Semaine-02',618,,3071,370,,,0,41,,3047,370,,,0,81,,3057,370,,,0,82,,3072,370,,,0,82,,3066,370,,,0,42,,3067,370,,,0,82,,3068,370,,,0,81,,3074,370,,,0,45,,3069,370,,,0,83,,3070,370,,,0,83,,3048,370,,,0,83,,3049,370,,,0,43,,3050,370,,,0,84,,3051,370,,,0,86,,3052,370,,,0,88,,3053,370,,,0,46,,3054,370,,,0,85,,3055,370,,,0,81,,3056,370,,,0,40,,3058,370,,,0,81,,3059,370,,,0,80,,3060,370,,,0,41,,3061,370,,,0,80,,3062,370,,,0,80,,3063,370,,,0,40,,3064,370,,,0,80,,3065,370,,,0
3100,'Semaine-03',624,,3099,370,,,0,80,,3075,370,,,0,40,,3085,370,,,0,80,,3100,370,,,0,80,,3094,370,,,0,40,,3095,370,,,0,80,,3096,370,,,0,80,,3102,370,,,0,43,,3097,370,,,0,83,,3098,370,,,0,83,,3076,370,,,0,43,,3077,370,,,0,82,,3078,370,,,0,82,,3079,370,,,0,85,,3080,370,,,0,45,,3081,370,,,0,86,,3082,370,,,0,85,,3083,370,,,0,84,,3084,370,,,0,42,,3086,370,,,0,82,,3087,370,,,0,79,,3088,370,,,0,40,,3089,370,,,0,79,,3090,370,,,0,80,,3091,370,,,0,40,,3092,370,,,0,80,,3093,370,,,0
3200,'Dimanche-04',619,,4489,380,,,0,214,,4494,380,,,0,223,,4497,380,,,0,192,,4498,380,,,0,159,,4490,380,,,0,122,,4500,380,,,0,120,,4491,380,,,0,159,,4493,380,,,0,118,,4492,380,,,0,214,,4495,380,,,0,216,,4496,380,,,0
3200,'Samedi-04',550,,4501,260,,,0,181,,4507,380,,,0,77,,4502,380,,,0,120,,4510,380,,,0,123,,4511,380,,,0,164,,4512,380,,,0,124,,4503,380,,,0,164,,4514,380,,,0,124,,4504,380,,,0,128,,4505,380,,,0,160,,4506,380,,,0,235,,4508,380,,,0,256,,4509,380,,,0
3200,'Semaine-02',646,,3142,380,,,0,81,,3117,380,,,0,82,,3145,380,,,0,42,,3128,380,,,0,81,,3136,380,,,0,82,,3137,380,,,0,42,,3138,380,,,0,83,,3139,380,,,0,83,,3140,380,,,0,83,,3141,380,,,0,43,,3118,380,,,0,83,,3119,380,,,0,84,,3120,380,,,0,87,,3144,380,,,0,23,,3121,30,,,0,24,,3122,380,,,0,63,,3146,30,,,0,22,,3123,380,,,0,24,,3147,30,,,0,61,,3124,380,,,0,82,,3125,380,,,0,41,,3126,380,,,0,81,,3127,380,,,0,81,,3129,380,,,0,41,,3130,380,,,0,81,,3131,380,,,0,80,,3132,380,,,0,40,,3133,380,,,0,80,,3134,380,,,0,80,,3135,380,,,0
3200,'Semaine-03',647,,3173,380,,,0,80,,3148,380,,,0,80,,3176,380,,,0,40,,3159,380,,,0,80,,3167,380,,,0,79,,3168,380,,,0,41,,3169,380,,,0,81,,3170,380,,,0,83,,3171,380,,,0,43,,3172,380,,,0,83,,3149,380,,,0,82,,3150,380,,,0,82,,3151,380,,,0,46,,3175,380,,,0,59,,3152,30,,,0,26,,3153,380,,,0,20,,3177,30,,,0,64,,3154,380,,,0,20,,3178,30,,,0,65,,3155,380,,,0,45,,3156,380,,,0,82,,3157,380,,,0,83,,3158,380,,,0,40,,3160,380,,,0,80,,3161,380,,,0,80,,3162,380,,,0,40,,3163,380,,,0,80,,3164,380,,,0,80,,3165,380,,,0,40,,3166,380,,,0
11100,'Dimanche-04',827,,4574,400,0,5 10,0,188,,4573,400,0,5 10,0,290,,4575,400,0,5 10,0,249,,4576,400,0,5 10,0,305,,4577,400,0,5 10,0
11100,'Samedi-04',827,,4582,400,0,5 10,0,188,,4581,400,0,5 10,0,290,,4583,400,0,5 10,0,249,,4584,400,0,5 10,0,305,,4585,400,0,5 10,0
11100,'Semaine-02',539,,3304,400,0,5 14,0,70,,3302,400,0,5 14,0,33,,3305,400,0,5 14,0,70,,3303,400,0,5 14,0,30,,3309,400,0,5 14,0,70,,3310,400,0,5 14,0,30,,3301,400,0,5 10,0,106,,3311,400,0,5 10,0,97,,3315,400,0,5 10,0,273,,3300,400,0,5 10,0,400,,3306,400,0,5 14,0,23,,3308,400,0,5 14,0,71,,3307,400,0,5 14,0,331,,3314,330,0,5 10,0
11100,'Semaine-03',540,,3324,400,0,5 15,0,14,,3318,400,0,5 10,0,61,,3322,400,0,5 15,0,27,,3325,400,0,5 15,0,5,,3319,400,0,5 10,0,55,,3323,400,0,5 15,0,31,,3331,400,0,5 15,0,20,,3326,400,0,5 15,0,4,,3320,400,0,5 10,0,56,,3333,400,0,5 15,0,39,,3321,400,0,5 10,0,157,,3334,400,0,5 10,0,36,,3316,400,0,5 10,0,265,,3317,400,0,5 10,0,340,,3328,400,0,5 10,0,6,,3327,330,0,5 15,0,93,,3330,400,0,5 10,0,59,,3329,330,0,5 15,0,335,,3332,330,0,5 10,0
