100,'Dimanche-01',608,,5264,210,,,0,200,,5253,210,,,0,125,,5254,210,,,0,170,,5255,210,,,0,125,,5256,210,,,0,124,,5257,210,,,0,160,,5258,210,,,0,120,,5259,210,,,0,124,,5260,210,,,0,175,,5261,210,,,0,115,,5262,210,,,0,155,,5263,210,,,0
100,'Fête-1-01',608,,5276,210,,,0,200,,5265,210,,,0,125,,5266,210,,,0,170,,5267,210,,,0,125,,5268,210,,,0,124,,5269,210,,,0,160,,5270,210,,,0,120,,5271,210,,,0,124,,5272,210,,,0,175,,5273,210,,,0,115,,5274,210,,,0,155,,5275,210,,,0
100,'Fête-2-01',452,,5277,210,,,0,103,,5278,210,,,0,65,,5279,210,,,0,81,,5280,210,,,0,119,,5281,210,,,0,105,,5284,210,,,0,94,,5293,210,,,0,101,,5285,210,,,0,100,,5294,210,,,0,38,,5286,210,,,0,142,,5287,210,,,0,100,,5291,210,,,0,110,,5288,210,,,0,35,,5289,210,,,0,108,,5282,210,,,0,95,,5283,210,,,0,173,,5292,210,,,0,185,,5290,210,,,0
100,'Samedi-01',608,,5306,210,,,0,200,,5295,210,,,0,125,,5296,210,,,0,170,,5297,210,,,0,125,,5298,210,,,0,124,,5299,210,,,0,160,,5300,210,,,0,120,,5301,210,,,0,124,,5302,210,,,0,175,,5303,210,,,0,115,,5304,210,,,0,155,,5305,210,,,0
100,'Semaine-01',452,,5307,210,,,0,103,,5308,210,,,0,65,,5309,210,,,0,81,,5310,210,,,0,119,,5311,210,,,0,105,,5314,210,,,0,94,,5323,210,,,0,101,,5315,210,,,0,100,,5324,210,,,0,38,,5316,210,,,0,142,,5317,210,,,0,100,,5321,210,,,0,110,,5318,210,,,0,35,,5319,210,,,0,108,,5312,210,,,0,95,,5313,210,,,0,173,,5322,210,,,0,185,,5320,210,,,0
2000,'Dimanche-01',705,,5398,260,,,0,12,,5398,500,,,0,112,,5399,260,,,0,12,,5399,500,,,0,114,,5400,260,,,0,52,,5400,500,,,0,113,,5401,260,,,0,12,,5401,500,,,0,113,,5402,260,,,0,12,,5402,500,,,0,152,,5403,260,,,0,12,,5403,500,,,0,113,,5404,260,,,0,12,,5404,500,,,0,113,,5405,260,,,0,52,,5405,500,,,0
2000,'Fête-1-01',705,,5406,260,,,0,12,,5406,500,,,0,112,,5407,260,,,0,12,,5407,500,,,0,114,,5408,260,,,0,52,,5408,500,,,0,113,,5409,260,,,0,12,,5409,500,,,0,113,,5410,260,,,0,12,,5410,500,,,0,152,,5411,260,,,0,12,,5411,500,,,0,113,,5412,260,,,0,12,,5412,500,,,0,113,,5413,260,,,0,52,,5413,500,,,0
2000,'Fête-2-01',648,,5414,250,,,0,52,,5414,490,,,0,113,,5415,250,,,0,12,,5415,490,,,0,113,,5416,250,,,0,12,,5416,490,,,0,154,,5417,250,,,0,12,,5417,490,,,0,114,,5418,250,,,0,12,,5418,490,,,0,113,,5419,250,,,0,52,,5419,490,,,0,114,,5420,250,,,0,12,,5420,490,,,0,114,,5421,250,,,0,12,,5421,490,,,0,154,,5422,250,,,0,12,,5422,490,,,0
2000,'Samedi-01',705,,5423,260,,,0,12,,5423,500,,,0,112,,5424,260,,,0,12,,5424,500,,,0,114,,5425,260,,,0,52,,5425,500,,,0,113,,5426,260,,,0,12,,5426,500,,,0,113,,5427,260,,,0,12,,5427,500,,,0,152,,5428,260,,,0,12,,5428,500,,,0,113,,5429,260,,,0,12,,5429,500,,,0,113,,5430,260,,,0,52,,5430,500,,,0
2000,'Semaine-01',648,,5431,250,,,0,52,,5431,490,,,0,113,,5432,250,,,0,12,,5432,490,,,0,113,,5433,250,,,0,12,,5433,490,,,0,154,,5434,250,,,0,12,,5434,490,,,0,114,,5435,250,,,0,12,,5435,490,,,0,113,,5436,250,,,0,52,,5436,490,,,0,114,,5437,250,,,0,12,,5437,490,,,0,114,,5438,250,,,0,12,,5438,490,,,0,154,,5439,250,,,0,12,,5439,490,,,0
2000,'Semaine-01-0001100',1938,,5441,250,,,0,12,,5441,490,,,0,152,,5440,250,,,0,12,,5440,490,,,0
2800,'Fête-2-01',528,,5656,40,,,0,85,,5655,80,,,0,20,,5657,40,,,0
2800,'Semaine-01',528,,5666,40,,,0,85,,5665,80,,,0,16,,5667,40,,,0
2000002000,'Dimanche-01',531,,6570,10,0,11 13,0,13,,6570,140,4,,0,157,,6571,10,0,11 13,0,13,,6571,140,4,,0,31,,6582,40,,,0,13,,6582,170,4,,0,73,,6572,10,0,11 13,0,13,,6572,140,4,,0,71,,6583,40,,,0,13,,6583,170,4,,0,73,,6573,10,0,11 13,0,13,,6573,140,4,,0,32,,6584,40,,,0,13,,6584,170,4,,0,73,,6574,10,0,11 13,0,13,,6574,140,4,,0,72,,6585,40,,,0,13,,6585,170,4,,0,72,,6575,10,0,11 13,0,13,,6575,140,4,,0,32,,6586,40,,,0,53,,6586,170,4,,0,32,,6576,10,0,11 13,0,13,,6576,140,4,,0,72,,6587,40,,,0,13,,6587,170,4,,0,72,,6577,10,0,11 13,0,13,,6577,140,4,,0,32,,6588,40,,,0,53,,6588,170,4,,0,32,,6578,10,0,11 13,0,13,,6578,140,4,,0,72,,6589,40,,,0,13,,6589,170,4,,0,72,,6579,10,0,11 13,0,13,,6579,140,4,,0,31,,6590,40,,,0,13,,6590,170,4,,0,73,,6580,10,0,11 13,0,13,,6580,140,4,,0,71,,6591,40,,,0,13,,6591,170,4,,0,73,,6581,10,0,11 13,0,13,,6581,140,4,,0,31,,6592,40,,,0,13,,6592,170,4,,0,157,,6593,40,,,0,13,,6593,170,4,,0
2000002000,'Fête-1-01',531,,6594,10,0,11 13,0,13,,6594,140,4,,0,157,,6595,10,0,11 13,0,13,,6595,140,4,,0,31,,6606,40,,,0,13,,6606,170,4,,0,73,,6596,10,0,11 13,0,13,,6596,140,4,,0,71,,6607,40,,,0,13,,6607,170,4,,0,73,,6597,10,0,11 13,0,13,,6597,140,4,,0,32,,6608,40,,,0,13,,6608,170,4,,0,73,,6598,10,0,11 13,0,13,,6598,140,4,,0,72,,6609,40,,,0,13,,6609,170,4,,0,72,,6599,10,0,11 13,0,13,,6599,140,4,,0,32,,6610,40,,,0,53,,6610,170,4,,0,32,,6600,10,0,11 13,0,13,,6600,140,4,,0,72,,6611,40,,,0,13,,6611,170,4,,0,72,,6601,10,0,11 13,0,13,,6601,140,4,,0,32,,6612,40,,,0,53,,6612,170,4,,0,32,,6602,10,0,11 13,0,13,,6602,140,4,,0,72,,6613,40,,,0,13,,6613,170,4,,0,72,,6603,10,0,11 13,0,13,,6603,140,4,,0,31,,6614,40,,,0,13,,6614,170,4,,0,73,,6604,10,0,11 13,0,13,,6604,140,4,,0,71,,6615,40,,,0,13,,6615,170,4,,0,73,,6605,10,0,11 13,0,13,,6605,140,4,,0,31,,6616,40,,,0,13,,6616,170,4,,0,157,,6617,40,,,0,13,,6617,170,4,,0
2000002000,'Fête-2-01',436,,6619,10,0,11 13,0,13,,6619,140,4,,0,61,,6618,10,0,11 13,0,13,,6618,140,4,,0,9,,6620,40,0,11 13,0,20,,6620,190,4,,0,52,,6621,10,0,11 13,0,13,,6621,140,4,,0,20,,6637,40,,,0,20,,6637,190,4,,0,78,,6638,40,,,0,20,,6638,190,4,,0,48,,6639,40,,,0,13,,6639,170,4,,0,86,,6624,10,0,11 13,0,13,,6624,140,4,,0,18,,6640,40,,,0,13,,6640,170,4,,0,56,,6625,10,0,11 13,0,13,,6625,140,4,,0,21,,6641,40,,,0,13,,6641,170,4,,0,53,,6626,10,0,11 13,0,13,,6626,140,4,,0,21,,6642,40,,,0,13,,6642,170,4,,0,8,,6627,10,0,11 13,0,53,,6627,140,4,,0,21,,6643,40,,,0,13,,6643,170,4,,0,8,,6628,10,0,11 13,0,53,,6628,140,4,,0,30,,6644,40,,,0,13,,6644,170,4,,0,54,,6629,10,0,11 13,0,13,,6629,140,4,,0,22,,6645,40,,,0,20,,6645,190,4,,0,43,,6630,40,0,11 13,0,20,,6630,190,4,,0,12,,6646,40,,,0,13,,6646,170,4,,0,57,,6631,10,0,11 13,0,13,,6631,140,4,,0,16,,6647,40,,,0,20,,6647,190,4,,0,85,,6648,40,,,0,13,,6648,170,4,,0,87,,6635,40,,,0,13,,6635,170,4,,0,61,,6634,40,,,0,13,,6634,170,4,,0,80,,6633,40,,,0,13,,6633,170,4,,0,40,,6632,40,,,0,53,,6632,170,4,,0,37,,6636,10,0,11 13,0,13,,6636,140,4,,0,60,,6623,40,,,0,13,,6623,170,4,,0,126,,6622,40,,,0,53,,6622,170,4,,0
2000002000,'Samedi-01',531,,6649,10,0,11 13,0,13,,6649,140,4,,0,157,,6650,10,0,11 13,0,13,,6650,140,4,,0,31,,6661,40,,,0,13,,6661,170,4,,0,73,,6651,10,0,11 13,0,13,,6651,140,4,,0,71,,6662,40,,,0,13,,6662,170,4,,0,73,,6652,10,0,11 13,0,13,,6652,140,4,,0,32,,6663,40,,,0,13,,6663,170,4,,0,73,,6653,10,0,11 13,0,13,,6653,140,4,,0,72,,6664,40,,,0,13,,6664,170,4,,0,72,,6654,10,0,11 13,0,13,,6654,140,4,,0,32,,6665,40,,,0,53,,6665,170,4,,0,32,,6655,10,0,11 13,0,13,,6655,140,4,,0,72,,6666,40,,,0,13,,6666,170,4,,0,72,,6656,10,0,11 13,0,13,,6656,140,4,,0,32,,6667,40,,,0,53,,6667,170,4,,0,32,,6657,10,0,11 13,0,13,,6657,140,4,,0,72,,6668,40,,,0,13,,6668,170,4,,0,72,,6658,10,0,11 13,0,13,,6658,140,4,,0,31,,6669,40,,,0,13,,6669,170,4,,0,73,,6659,10,0,11 13,0,13,,6659,140,4,,0,71,,6670,40,,,0,13,,6670,170,4,,0,73,,6660,10,0,11 13,0,13,,6660,140,4,,0,31,,6671,40,,,0,13,,6671,170,4,,0,157,,6672,40,,,0,13,,6672,170,4,,0
2000002000,'Semaine-01',436,,6674,10,0,11 13,0,13,,6674,140,4,,0,61,,6673,10,0,11 13,0,13,,6673,140,4,,0,9,,6675,40,0,11 13,0,20,,6675,190,4,,0,52,,6676,10,0,11 13,0,13,,6676,140,4,,0,20,,6692,40,,,0,20,,6692,190,4,,0,78,,6693,40,,,0,20,,6693,190,4,,0,48,,6694,40,,,0,13,,6694,170,4,,0,86,,6679,10,0,11 13,0,13,,6679,140,4,,0,18,,6695,40,,,0,13,,6695,170,4,,0,56,,6680,10,0,11 13,0,13,,6680,140,4,,0,21,,6696,40,,,0,13,,6696,170,4,,0,53,,6681,10,0,11 13,0,13,,6681,140,4,,0,21,,6697,40,,,0,13,,6697,170,4,,0,8,,6682,10,0,11 13,0,53,,6682,140,4,,0,21,,6698,40,,,0,13,,6698,170,4,,0,8,,6683,10,0,11 13,0,53,,6683,140,4,,0,30,,6699,40,,,0,13,,6699,170,4,,0,54,,6684,10,0,11 13,0,13,,6684,140,4,,0,22,,6700,40,,,0,20,,6700,190,4,,0,43,,6685,40,0,11 13,0,20,,6685,190,4,,0,12,,6701,40,,,0,13,,6701,170,4,,0,57,,6686,10,0,11 13,0,13,,6686,140,4,,0,16,,6702,40,,,0,20,,6702,190,4,,0,85,,6703,40,,,0,13,,6703,170,4,,0,87,,6690,40,,,0,13,,6690,170,4,,0,61,,6689,40,,,0,13,,6689,170,4,,0,80,,6688,40,,,0,13,,6688,170,4,,0,40,,6687,40,,,0,53,,6687,170,4,,0,37,,6691,10,0,11 13,0,13,,6691,140,4,,0,60,,6678,40,,,0,13,,6678,170,4,,0,126,,6677,40,,,0,53,,6677,170,4,,0
