100,'Dimanche-02',605,,7889,150,,,0,200,,7878,150,,,0,125,,7879,150,,,0,170,,7880,150,,,0,125,,7881,150,,,0,124,,7882,150,,,0,160,,7883,150,,,0,120,,7884,150,,,0,124,,7885,150,,,0,175,,7886,150,,,0,115,,7887,150,,,0,115,,7888,150,,,0
100,'Fête-1-02',605,,7901,150,,,0,200,,7890,150,,,0,125,,7891,150,,,0,170,,7892,150,,,0,125,,7893,150,,,0,124,,7894,150,,,0,160,,7895,150,,,0,120,,7896,150,,,0,124,,7897,150,,,0,175,,7898,150,,,0,115,,7899,150,,,0,115,,7900,150,,,0
100,'Fête-2-02',448,,7902,150,,,0,103,,7903,150,,,0,65,,7904,150,,,0,41,,7905,150,,,0,159,,7906,150,,,0,106,,7909,150,,,0,94,,7918,150,,,0,101,,7910,150,,,0,99,,7919,150,,,0,38,,7911,150,,,0,102,,7912,150,,,0,100,,7916,150,,,0,150,,7913,150,,,0,35,,7914,150,,,0,109,,7907,150,,,0,95,,7908,150,,,0,173,,7917,150,,,0,185,,7915,150,,,0
100,'Samedi-02',605,,7931,150,,,0,200,,7920,150,,,0,125,,7921,150,,,0,170,,7922,150,,,0,125,,7923,150,,,0,124,,7924,150,,,0,160,,7925,150,,,0,120,,7926,150,,,0,124,,7927,150,,,0,175,,7928,150,,,0,115,,7929,150,,,0,115,,7930,150,,,0
100,'Semaine-02',448,,7932,150,,,0,103,,7933,150,,,0,65,,7934,150,,,0,41,,7935,150,,,0,159,,7936,150,,,0,106,,7939,150,,,0,94,,7948,150,,,0,101,,7940,150,,,0,99,,7949,150,,,0,38,,7941,150,,,0,102,,7942,150,,,0,100,,7946,150,,,0,150,,7943,150,,,0,35,,7944,150,,,0,109,,7937,150,,,0,95,,7938,150,,,0,173,,7947,150,,,0,185,,7945,150,,,0
2000,'Dimanche-02',701,,8023,190,,,0,124,,8024,190,,,0,126,,8025,190,,,0,165,,8026,190,,,0,125,,8027,190,,,0,164,,8028,190,,,0,125,,8029,190,,,0,125,,8030,190,,,0
2000,'Fête-1-02',701,,8031,190,,,0,124,,8032,190,,,0,126,,8033,190,,,0,165,,8034,190,,,0,125,,8035,190,,,0,164,,8036,190,,,0,125,,8037,190,,,0,125,,8038,190,,,0
2000,'Fête-2-02',644,,8039,190,,,0,165,,8040,190,,,0,125,,8041,190,,,0,166,,8042,190,,,0,126,,8043,190,,,0,125,,8044,190,,,0,166,,8045,190,,,0,126,,8046,190,,,0,166,,8047,190,,,0
2000,'Samedi-02',701,,8048,190,,,0,124,,8049,190,,,0,126,,8050,190,,,0,165,,8051,190,,,0,125,,8052,190,,,0,164,,8053,190,,,0,125,,8054,190,,,0,125,,8055,190,,,0
2000,'Semaine-02',644,,8056,190,,,0,165,,8057,190,,,0,125,,8058,190,,,0,166,,8059,190,,,0,126,,8060,190,,,0,125,,8061,190,,,0,166,,8062,190,,,0,126,,8063,190,,,0,166,,8064,190,,,0
2000,'Semaine-02-0001100',1934,,8066,190,,,0,124,,8065,190,,,0
