101,'Dimanche-01',810,,5325,740,,,0,206,,5326,740,,,0,131,,5327,740,,,0,173,,5328,740,,,0,127,,5329,740,,,0,160,,5330,740,,,0,120,,5331,740,,,0,120,,5332,740,,,0,157,,5333,740,,,0,134,,5334,740,,,0,114,,5335,740,,,0,153,,5336,740,,,0
101,'Fête-1-01',810,,5337,740,,,0,206,,5338,740,,,0,131,,5339,740,,,0,173,,5340,740,,,0,127,,5341,740,,,0,160,,5342,740,,,0,120,,5343,740,,,0,120,,5344,740,,,0,157,,5345,740,,,0,134,,5346,740,,,0,114,,5347,740,,,0,153,,5348,740,,,0
101,'Fête-2-01',710,,5349,740,,,0,101,,5358,740,,,0,30,,5360,740,,,0,90,,5361,740,,,0,110,,5362,740,,,0,105,,5363,740,,,0,95,,5365,740,,,0,105,,5364,740,,,0,106,,5366,740,,,0,81,,5350,740,,,0,105,,5351,740,,,0,96,,5352,740,,,0,105,,5353,740,,,0,74,,5354,740,,,0,103,,5355,740,,,0,43,,5356,740,,,0,173,,5357,740,,,0,173,,5359,740,,,0
101,'Samedi-01',810,,5367,740,,,0,206,,5368,740,,,0,131,,5369,740,,,0,173,,5370,740,,,0,127,,5371,740,,,0,160,,5372,740,,,0,120,,5373,740,,,0,120,,5374,740,,,0,157,,5375,740,,,0,134,,5376,740,,,0,114,,5377,740,,,0,153,,5378,740,,,0
101,'Semaine-01',705,,5397,610,,,0,5,,5379,740,,,0,101,,5388,740,,,0,30,,5390,740,,,0,90,,5391,740,,,0,110,,5392,740,,,0,105,,5393,740,,,0,95,,5395,740,,,0,105,,5394,740,,,0,106,,5396,740,,,0,81,,5380,740,,,0,105,,5381,740,,,0,96,,5382,740,,,0,105,,5383,740,,,0,74,,5384,740,,,0,103,,5385,740,,,0,43,,5386,740,,,0,173,,5387,740,,,0,173,,5389,740,,,0
2001,'Dimanche-01',804,,5442,570,4,,0,124,,5443,570,4,,0,126,,5444,570,4,,0,165,,5445,570,4,,0,125,,5446,570,4,,0,165,,5447,570,4,,0,125,,5448,570,4,,0,125,,5449,570,4,,0
2001,'Fête-1-01',804,,5450,570,4,,0,124,,5451,570,4,,0,126,,5452,570,4,,0,165,,5453,570,4,,0,125,,5454,570,4,,0,165,,5455,570,4,,0,125,,5456,570,4,,0,125,,5457,570,4,,0
2001,'Fête-2-01',749,,5458,560,4,,0,166,,5459,560,4,,0,125,,5460,560,4,,0,166,,5461,560,4,,0,126,,5462,560,4,,0,125,,5463,560,4,,0,166,,5464,560,4,,0,126,,5465,560,4,,0,164,,5466,560,4,,0
2001,'Samedi-01',804,,5467,570,4,,0,124,,5468,570,4,,0,126,,5469,570,4,,0,165,,5470,570,4,,0,125,,5471,570,4,,0,165,,5472,570,4,,0,125,,5473,570,4,,0,125,,5474,570,4,,0
2001,'Semaine-01',749,,5475,560,4,,0,166,,5476,560,4,,0,125,,5477,560,4,,0,166,,5478,560,4,,0,126,,5479,560,4,,0,125,,5480,560,4,,0,166,,5481,560,4,,0,126,,5482,560,4,,0,164,,5483,560,4,,0
2001,'Semaine-01-0001100',2035,,5485,560,4,,0,124,,5484,560,4,,0
2801,'Fête-2-01',1802,,5682,550,4,,0
2801,'Semaine-01',1802,,5694,550,4,,0
