2400,'Semaine-02',544,,2866,50,,,0,78,,2867,50,,,0,80,,2868,50,,,0,42,,2869,50,,,0,82,,2870,50,,,0
2400,'Semaine-03',600,,2871,50,,,0,22,,2872,50,,,0,33,,2873,50,,,0,92,,2875,50,,,0,74,,2876,50,,,0,80,,2874,50,,,0
2501,'Semaine-02',1617,,2899,390,,,0,40,,2900,390,,,0,73,,2901,390,,,0,79,,2902,390,,,0,35,,2903,390,,,0,73,,2904,390,,,0
2501,'Semaine-03',1617,,2905,390,,,0,40,,2906,390,,,0,73,,2907,390,,,0,79,,2908,390,,,0,40,,2909,390,,,0,68,,2910,390,,,0
2600,'Semaine-02',451,,2911,100,,,0
2600,'Semaine-03',451,,2913,100,,,0
2000002500,'Dimanche-04',541,,4987,240,,,0,87,,4989,290,,,0,78,,4990,290,,,0,35,,4991,290,,,0,68,,4992,290,,,0,34,,4993,290,,,0,78,,4994,290,,,0,37,,4995,290,,,0,76,,4996,290,,,0,72,,4997,290,,,0,45,,4998,290,,,0,85,,4999,290,,,0,95,,5000,290,,,0,23,,5001,290,,,0,62,,5002,290,,,0,85,,5003,290,,,0,40,,5004,290,,,0,80,,5005,290,,,0,80,,5006,290,,,0,35,,5007,290,,,0,81,,5008,290,,,0,39,,5009,290,,,0,80,,5010,290,,,0,70,,5011,290,,,0,35,,5012,290,,,0,75,,5013,290,,,0,35,,5014,290,,,0,75,,5015,290,,,0,75,,5016,290,,,0,30,,5017,290,,,0,75,,5018,290,,,0,35,,5019,290,,,0,76,,5020,290,,,0
2000002500,'Samedi-04',528,,5053,240,,,0,26,,5022,290,,,0,76,,5038,290,,,0,83,,5023,290,,,0,27,,5039,290,,,0,77,,5024,290,,,0,40,,5040,290,,,0,80,,5025,290,,,0,70,,5041,290,,,0,40,,5026,290,,,0,80,,5042,290,,,0,77,,5027,290,,,0,30,,5021,290,,,0,73,,5028,290,,,0,41,,5043,290,,,0,78,,5029,290,,,0,86,,5044,290,,,0,45,,5030,290,,,0,79,,5045,290,,,0,71,,5031,290,,,0,34,,5046,290,,,0,84,,5032,290,,,0,80,,5047,290,,,0,44,,5033,290,,,0,80,,5048,290,,,0,90,,5034,290,,,0,81,,5049,290,,,0,36,,5035,290,,,0,76,,5050,290,,,0,32,,5036,290,,,0,72,,5051,290,,,0,111,,5037,290,,,0
2000002500,'Semaine-02',601,,4049,240,,,0,36,,4050,290,,,0,80,,4051,290,,,0,40,,4048,290,,,0,80,,4052,290,,,0,80,,4053,290,,,0,40,,4054,290,,,0,80,,4055,290,,,0,81,,4056,290,,,0,82,,4057,290,,,0,43,,4058,290,,,0,83,,4059,290,,,0,83,,4060,290,,,0,42,,4061,290,,,0,82,,4062,290,,,0,85,,4063,290,,,0,85,,4064,290,,,0,46,,4065,290,,,0,85,,4066,290,,,0,85,,4067,290,,,0,82,,4068,290,,,0,42,,4069,290,,,0,79,,4070,290,,,0,80,,4071,290,,,0,40,,4072,290,,,0,80,,4073,290,,,0,80,,4074,290,,,0,40,,4075,290,,,0,60,,4076,290,,,0,30,,4077,290,,,0
2000002500,'Semaine-03',601,,4080,240,,,0,36,,4081,290,,,0,80,,4082,290,,,0,40,,4079,290,,,0,80,,4083,290,,,0,80,,4084,290,,,0,40,,4085,290,,,0,80,,4086,290,,,0,81,,4087,290,,,0,82,,4088,290,,,0,43,,4089,290,,,0,83,,4090,290,,,0,83,,4091,290,,,0,42,,4092,290,,,0,82,,4093,290,,,0,85,,4094,290,,,0,85,,4095,290,,,0,46,,4096,290,,,0,85,,4097,290,,,0,85,,4098,290,,,0,82,,4099,290,,,0,42,,4100,290,,,0,79,,4101,290,,,0,80,,4102,290,,,0,40,,4103,290,,,0,80,,4104,290,,,0,80,,4105,290,,,0,40,,4106,290,,,0,60,,4107,290,,,0,30,,4108,290,,,0
