100,'Dimanche-04',655,,4395,730,4,,0,200,,4384,730,4,,0,168,,4385,730,4,,0,131,,4386,730,4,,0,165,,4387,730,4,,0,123,,4388,730,4,,0,158,,4389,730,4,,0,120,,4390,730,4,,0,123,,4391,730,4,,0,175,,4392,730,4,,0,115,,4393,730,4,,0,115,,4394,730,4,,0
100,'Samedi-04',655,,4407,730,4,,0,200,,4396,730,4,,0,168,,4397,730,4,,0,131,,4398,730,4,,0,165,,4399,730,4,,0,123,,4400,730,4,,0,158,,4401,730,4,,0,120,,4402,730,4,,0,123,,4403,730,4,,0,175,,4404,730,4,,0,115,,4405,730,4,,0,115,,4406,730,4,,0
100,'Semaine-02',543,,2638,730,4,,0,103,,2639,730,4,,0,71,,2640,730,4,,0,84,,2641,730,4,,0,125,,2642,730,4,,0,97,,2645,730,4,,0,28,,2654,730,4,,0,102,,2646,730,4,,0,151,,2655,730,4,,0,55,,2647,730,4,,0,99,,2648,730,4,,0,100,,2652,730,4,,0,150,,2649,730,4,,0,47,,2650,730,4,,0,150,,2643,730,4,,0,46,,2644,730,4,,0,102,,2653,730,4,,0,195,,2651,730,4,,0
100,'Semaine-03',543,,2656,730,4,,0,106,,2657,730,4,,0,67,,2658,730,4,,0,43,,2659,730,4,,0,156,,2660,730,4,,0,103,,2663,730,4,,0,92,,2672,730,4,,0,103,,2664,730,4,,0,104,,2673,730,4,,0,38,,2665,730,4,,0,101,,2666,730,4,,0,100,,2670,730,4,,0,150,,2667,730,4,,0,34,,2668,730,4,,0,104,,2661,730,4,,0,92,,2662,730,4,,0,171,,2671,730,4,,0,143,,2669,730,4,,0
2100,'Semaine-02',558,,2782,370,4,,0,70,,2783,370,4,,0,73,,2784,370,4,,0,37,,2785,370,4,,0,70,,2786,370,4,,0,36,,2787,370,4,,0
2100,'Semaine-03',601,,2788,370,4,,0,30,,2789,370,4,,0,73,,2790,370,4,,0,36,,2791,370,4,,0,70,,2792,370,4,,0,36,,2793,370,4,,0
2300,'Semaine-02',603,,2836,410,4,,0,26,,2837,410,4,,0,17,,2838,410,4,,0,75,,2839,410,4,,0,25,,2840,410,4,,0,57,,2841,410,4,,0,24,,2842,410,4,,0,21,,2843,410,4,,0
2300,'Semaine-03',602,,2844,410,4,,0,26,,2845,410,4,,0,17,,2846,410,4,,0,75,,2847,410,4,,0,26,,2848,410,4,,0,61,,2849,410,4,,0,20,,2850,410,4,,0,20,,2851,410,4,,0
2500,'Semaine-02',620,,2890,390,4,,0,34,,2887,410,4,,0,60,,2891,390,4,,0,33,,2888,410,4,,0,62,,2892,390,4,,0,29,,2889,410,4,,0
2500,'Semaine-03',619,,2896,390,4,,0,34,,2893,410,4,,0,61,,2897,390,4,,0,29,,2894,410,4,,0,66,,2898,390,4,,0,29,,2895,410,4,,0
2600,'Semaine-02',516,,2911,360,4,,0,17,,2912,370,4,,0
2600,'Semaine-03',515,,2913,360,4,,0,17,,2914,370,4,,0
3100,'Dimanche-04',736,,4473,450,4,,0,219,,4474,450,4,,0,278,,4472,450,4,,0,123,,4465,450,4,,0,160,,4466,450,4,,0,118,,4467,450,4,,0,118,,4468,450,4,,0,159,,4469,450,4,,0,127,,4470,450,4,,0,220,,4464,450,4,,0,254,,4471,450,4,,0
3100,'Samedi-04',625,,4476,450,4,,0,83,,4487,450,4,,0,205,,4488,450,4,,0,125,,4485,450,4,,0,164,,4475,450,4,,0,124,,4486,450,4,,0,124,,4477,450,4,,0,164,,4478,450,4,,0,124,,4479,450,4,,0,164,,4480,450,4,,0,124,,4481,450,4,,0,26,,4482,450,4,,0,256,,4483,450,4,,0,214,,4484,450,4,,0
3100,'Semaine-02',634,,3071,450,4,,0,81,,3047,450,4,,0,43,,3057,450,4,,0,82,,3072,450,4,,0,82,,3066,450,4,,0,82,,3067,450,4,,0,40,,3068,450,4,,0,80,,3074,450,4,,0,86,,3069,450,4,,0,43,,3070,450,4,,0,83,,3048,450,4,,0,83,,3049,450,4,,0,83,,3050,450,4,,0,45,,3051,450,4,,0,85,,3052,450,4,,0,88,,3053,450,4,,0,86,,3054,450,4,,0,44,,3055,450,4,,0,81,,3056,450,4,,0,80,,3058,450,4,,0,41,,3059,450,4,,0,80,,3060,450,4,,0,81,,3061,450,4,,0,39,,3062,450,4,,0,80,,3063,450,4,,0,80,,3064,450,4,,0,40,,3065,450,4,,0
3100,'Semaine-03',638,,3099,450,4,,0,80,,3075,450,4,,0,82,,3085,450,4,,0,41,,3100,450,4,,0,80,,3094,450,4,,0,80,,3095,450,4,,0,37,,3096,450,4,,0,79,,3102,450,4,,0,84,,3097,450,4,,0,43,,3098,450,4,,0,83,,3076,450,4,,0,83,,3077,450,4,,0,42,,3078,450,4,,0,84,,3079,450,4,,0,84,,3080,450,4,,0,85,,3081,450,4,,0,46,,3082,450,4,,0,82,,3083,450,4,,0,84,,3084,450,4,,0,42,,3086,450,4,,0,82,,3087,450,4,,0,79,,3088,450,4,,0,80,,3089,450,4,,0,38,,3090,450,4,,0,80,,3091,450,4,,0,40,,3092,450,4,,0,80,,3093,450,4,,0
3200,'Dimanche-04',631,,4489,460,4,,0,214,,4494,460,4,,0,263,,4497,460,4,,0,192,,4498,460,4,,0,119,,4490,460,4,,0,122,,4500,460,4,,0,160,,4491,460,4,,0,119,,4493,460,4,,0,118,,4492,460,4,,0,213,,4495,460,4,,0,256,,4496,460,4,,0
3200,'Samedi-04',602,,4501,340,4,,0,141,,4507,460,4,,0,77,,4502,460,4,,0,120,,4510,460,4,,0,163,,4511,460,4,,0,124,,4512,460,4,,0,124,,4503,460,4,,0,164,,4514,460,4,,0,124,,4504,460,4,,0,168,,4505,460,4,,0,120,,4506,460,4,,0,274,,4508,460,4,,0,216,,4509,460,4,,0
3200,'Semaine-02',704,,3142,460,4,,0,41,,3117,460,4,,0,82,,3145,460,4,,0,82,,3128,460,4,,0,40,,3136,460,4,,0,82,,3137,460,4,,0,82,,3138,460,4,,0,43,,3139,460,4,,0,83,,3140,460,4,,0,83,,3141,460,4,,0,83,,3118,460,4,,0,43,,3119,460,4,,0,85,,3120,460,4,,0,87,,3144,460,4,,0,23,,3121,110,4,,0,64,,3122,460,4,,0,23,,3146,110,4,,0,22,,3123,460,4,,0,63,,3147,110,4,,0,22,,3124,460,4,,0,81,,3125,460,4,,0,40,,3126,460,4,,0,81,,3127,460,4,,0,81,,3129,460,4,,0,81,,3130,460,4,,0,41,,3131,460,4,,0,80,,3132,460,4,,0,80,,3133,460,4,,0,40,,3134,460,4,,0,80,,3135,460,4,,0
3200,'Semaine-03',702,,3173,460,4,,0,42,,3148,460,4,,0,80,,3176,460,4,,0,80,,3159,460,4,,0,40,,3167,460,4,,0,77,,3168,460,4,,0,81,,3169,460,4,,0,41,,3170,460,4,,0,83,,3171,460,4,,0,83,,3172,460,4,,0,43,,3149,460,4,,0,82,,3150,460,4,,0,83,,3151,460,4,,0,86,,3175,460,4,,0,18,,3152,110,4,,0,27,,3153,460,4,,0,59,,3177,110,4,,0,24,,3154,460,4,,0,20,,3178,110,4,,0,65,,3155,460,4,,0,84,,3156,460,4,,0,41,,3157,460,4,,0,83,,3158,460,4,,0,80,,3160,460,4,,0,40,,3161,460,4,,0,80,,3162,460,4,,0,80,,3163,460,4,,0,40,,3164,460,4,,0,80,,3165,460,4,,0,80,,3166,460,4,,0
9800,'Semaine-02',659,,3278,250,4,,0,144,,3266,350,4,,0,107,,3270,350,4,,0,106,,3271,350,4,,0,499,,3272,350,4,,0,108,,3273,350,4,,0,108,,3274,350,4,,0,110,,3275,350,4,,0,104,,3276,350,4,,0,97,,3277,350,4,,0,98,,3267,350,4,,0,95,,3268,350,4,,0
9800,'Semaine-03',704,,3291,250,4,,0,102,,3279,350,4,,0,104,,3283,350,4,,0,105,,3284,350,4,,0,506,,3285,350,4,,0,105,,3286,350,4,,0,105,,3287,350,4,,0,105,,3288,350,4,,0,101,,3289,350,4,,0,97,,3290,350,4,,0,96,,3280,350,4,,0,90,,3281,350,4,,0
11100,'Dimanche-04',841,,4574,480,4,,0,187,,4573,480,4,,0,291,,4575,480,4,,0,289,,4576,480,4,,0,305,,4577,480,4,,0
11100,'Samedi-04',841,,4582,480,4,,0,187,,4581,480,4,,0,291,,4583,480,4,,0,289,,4584,480,4,,0,305,,4585,480,4,,0
11100,'Semaine-02',555,,3304,480,4,,0,70,,3302,480,4,,0,76,,3305,480,4,,0,30,,3303,480,4,,0,70,,3309,480,4,,0,30,,3310,480,4,,0,27,,3301,480,4,,0,146,,3311,480,4,,0,54,,3315,480,4,,0,273,,3300,480,4,,0,403,,3306,480,4,,0,23,,3308,480,4,,0,71,,3307,480,4,,0,328,,3314,410,4,,0
11100,'Semaine-03',606,,3318,480,4,,0,97,,3319,480,4,,0,110,,3320,480,4,,0,95,,3321,480,4,,0,114,,3334,480,4,,0,36,,3316,480,4,,0,265,,3317,480,4,,0,380,,3328,480,4,,0,99,,3330,480,4,,0,354,,3332,410,4,,0
