2400,'Fête-2-02',633,,8194,230,,,0,80,,8195,230,,,0,40,,8197,230,,,0,80,,8198,230,,,0,80,,8196,230,,,0
2400,'Semaine-02',611,,8199,230,,,0,22,,8200,230,,,0,74,,8201,230,,,0,52,,8203,230,,,0,74,,8204,230,,,0,80,,8202,230,,,0
2500,'Fête-2-02',601,,8217,270,,,0,34,,8214,290,,,0,21,,8218,270,,,0,69,,8215,290,,,0,26,,8219,270,,,0,69,,8216,290,,,0
2500,'Semaine-02',601,,8223,270,,,0,34,,8220,290,,,0,21,,8224,270,,,0,69,,8221,290,,,0,26,,8225,270,,,0,69,,8222,290,,,0
2700,'Fête-2-02',553,,8242,190,,,0,80,,8243,190,,,0,80,,8244,190,,,0,40,,8245,190,,,0,80,,8246,190,,,0,787,,8247,190,,,0,83,,8248,190,,,0,46,,8249,190,,,0,84,,8250,190,,,0,86,,8251,190,,,0
2700,'Semaine-02',553,,8252,190,,,0,80,,8253,190,,,0,80,,8254,190,,,0,40,,8255,190,,,0,80,,8256,190,,,0,787,,8257,190,,,0,83,,8258,190,,,0,46,,8259,190,,,0,84,,8260,190,,,0,86,,8261,190,,,0
3100,'Dimanche-02',722,,8369,330,,,0,218,,8370,330,,,0,278,,8368,330,,,0,123,,8361,330,,,0,160,,8362,330,,,0,118,,8363,330,,,0,118,,8364,330,,,0,119,,8365,330,,,0,167,,8366,330,,,0,221,,8360,330,,,0,214,,8367,330,,,0
3100,'Fête-1-02',611,,8372,330,,,0,43,,8383,330,,,0,204,,8384,330,,,0,165,,8381,330,,,0,124,,8371,330,,,0,164,,8382,330,,,0,124,,8373,330,,,0,124,,8374,330,,,0,164,,8375,330,,,0,124,,8376,330,,,0,164,,8377,330,,,0,27,,8378,330,,,0,216,,8379,330,,,0,254,,8380,330,,,0
3100,'Fête-2-02',619,,8409,330,,,0,40,,8385,330,,,0,80,,8395,330,,,0,80,,8410,330,,,0,40,,8404,330,,,0,80,,8405,330,,,0,80,,8406,330,,,0,81,,8412,330,,,0,43,,8407,330,,,0,83,,8408,330,,,0,83,,8386,330,,,0,43,,8387,330,,,0,82,,8388,330,,,0,82,,8389,330,,,0,85,,8390,330,,,0,45,,8391,330,,,0,86,,8392,330,,,0,85,,8393,330,,,0,84,,8394,330,,,0,42,,8396,330,,,0,82,,8397,330,,,0,79,,8398,330,,,0,40,,8399,330,,,0,79,,8400,330,,,0,80,,8401,330,,,0,40,,8402,330,,,0,80,,8403,330,,,0,121,,8411,330,0,5 6,0
3100,'Samedi-02',611,,8414,330,,,0,43,,8425,330,,,0,204,,8426,330,,,0,165,,8423,330,,,0,124,,8413,330,,,0,164,,8424,330,,,0,124,,8415,330,,,0,124,,8416,330,,,0,164,,8417,330,,,0,124,,8418,330,,,0,164,,8419,330,,,0,27,,8420,330,,,0,216,,8421,330,,,0,254,,8422,330,,,0
3100,'Semaine-02',619,,8451,330,,,0,40,,8427,330,,,0,80,,8437,330,,,0,80,,8452,330,,,0,40,,8446,330,,,0,80,,8447,330,,,0,80,,8448,330,,,0,81,,8454,330,,,0,43,,8449,330,,,0,83,,8450,330,,,0,83,,8428,330,,,0,43,,8429,330,,,0,82,,8430,330,,,0,82,,8431,330,,,0,85,,8432,330,,,0,45,,8433,330,,,0,86,,8434,330,,,0,85,,8435,330,,,0,84,,8436,330,,,0,42,,8438,330,,,0,82,,8439,330,,,0,79,,8440,330,,,0,40,,8441,330,,,0,79,,8442,330,,,0,80,,8443,330,,,0,40,,8444,330,,,0,80,,8445,330,,,0,121,,8453,330,0,5 6,0
