100,'Dimanche-02',631,,7889,540,,,0,200,,7878,540,,,0,126,,7879,540,,,0,170,,7880,540,,,0,125,,7881,540,,,0,164,,7882,540,,,0,118,,7883,540,,,0,120,,7884,540,,,0,163,,7885,540,,,0,135,,7886,540,,,0,155,,7887,540,,,0,115,,7888,540,,,0
100,'Fête-1-02',631,,7901,540,,,0,200,,7890,540,,,0,126,,7891,540,,,0,170,,7892,540,,,0,125,,7893,540,,,0,164,,7894,540,,,0,118,,7895,540,,,0,120,,7896,540,,,0,163,,7897,540,,,0,135,,7898,540,,,0,155,,7899,540,,,0,115,,7900,540,,,0
100,'Fête-2-02',517,,7902,540,,,0,104,,7903,540,,,0,26,,7904,540,,,0,81,,7905,540,,,0,119,,7906,540,,,0,104,,7909,540,,,0,94,,7918,540,,,0,101,,7910,540,,,0,100,,7919,540,,,0,78,,7911,540,,,0,102,,7912,540,,,0,100,,7916,540,,,0,110,,7913,540,,,0,75,,7914,540,,,0,107,,7907,540,,,0,92,,7908,540,,,0,133,,7917,540,,,0,184,,7915,540,,,0
100,'Samedi-02',631,,7931,540,,,0,200,,7920,540,,,0,126,,7921,540,,,0,170,,7922,540,,,0,125,,7923,540,,,0,164,,7924,540,,,0,118,,7925,540,,,0,120,,7926,540,,,0,163,,7927,540,,,0,135,,7928,540,,,0,155,,7929,540,,,0,115,,7930,540,,,0
100,'Semaine-02',517,,7932,540,,,0,104,,7933,540,,,0,26,,7934,540,,,0,81,,7935,540,,,0,119,,7936,540,,,0,104,,7939,540,,,0,94,,7948,540,,,0,101,,7940,540,,,0,100,,7949,540,,,0,78,,7941,540,,,0,102,,7942,540,,,0,100,,7946,540,,,0,110,,7943,540,,,0,75,,7944,540,,,0,107,,7937,540,,,0,92,,7938,540,,,0,133,,7947,540,,,0,184,,7945,540,,,0
2300,'Fête-2-02',536,,8164,210,,,0,65,,8165,210,,,0,15,,8166,210,,,0,35,,8167,210,,,0,65,,8168,210,,,0,20,,8169,210,,,0,20,,8170,210,,,0,60,,8171,210,,,0
2300,'Semaine-02',536,,8172,210,,,0,65,,8173,210,,,0,15,,8174,210,,,0,35,,8175,210,,,0,65,,8176,210,,,0,20,,8177,210,,,0,20,,8178,210,,,0,60,,8179,210,,,0
2400,'Fête-2-02',627,,8194,150,,,0,80,,8195,150,,,0,40,,8197,150,,,0,80,,8198,150,,,0,80,,8196,150,,,0
2400,'Semaine-02',605,,8199,150,,,0,22,,8200,150,,,0,74,,8201,150,,,0,52,,8203,150,,,0,74,,8204,150,,,0,80,,8202,150,,,0
2800,'Fête-2-02',508,,8284,70,,,0,20,,8283,70,,,0,15,,8281,310,,,0,65,,8289,70,,,0,20,,8280,350,,,0,20,,8282,310,,,0,61,,8285,70,,,0,20,,8286,70,,,0,20,,8287,70,,,0,60,,8288,70,,,0
2800,'Semaine-02',508,,8294,70,,,0,20,,8293,70,,,0,15,,8291,310,,,0,15,,8305,70,,,0,50,,8301,70,,,0,10,,8302,70,,,0,10,,8290,350,,,0,8,,8303,70,,,0,8,,8292,310,,,0,8,,8306,70,,,0,49,,8304,70,,,0,8,,8295,70,,,0,10,,8296,70,,,0,11,,8297,70,,,0,9,,8298,70,,,0,10,,8299,70,,,0,60,,8300,70,,,0
3300,'Dimanche-02',602,,8559,390,,,0,42,,8557,390,,,0,91,,8568,390,,,0,81,,8578,390,,,0,43,,8580,390,,,0,93,,8581,390,,,0,80,,8582,390,,,0,80,,8583,390,,,0,40,,8584,390,,,0,80,,8560,390,,,0,80,,8561,390,,,0,39,,8562,390,,,0,80,,8563,390,,,0,80,,8564,390,,,0,39,,8565,390,,,0,79,,8566,390,,,0,79,,8567,390,,,0,39,,8569,390,,,0,79,,8570,390,,,0,80,,8571,390,,,0,47,,8572,390,,,0,85,,8573,390,,,0,85,,8574,390,,,0,87,,8575,390,,,0,46,,8576,390,,,0,83,,8577,390,,,0,88,,8558,390,,,0,83,,8579,390,,,0
3300,'Fête-1-02',622,,8588,390,,,0,81,,8586,390,,,0,42,,8597,390,,,0,82,,8607,390,,,0,82,,8609,390,,,0,44,,8610,390,,,0,81,,8611,390,,,0,82,,8612,390,,,0,42,,8613,390,,,0,82,,8589,390,,,0,82,,8590,390,,,0,82,,8591,390,,,0,42,,8592,390,,,0,82,,8593,390,,,0,82,,8594,390,,,0,42,,8595,390,,,0,82,,8596,390,,,0,85,,8598,390,,,0,39,,8599,390,,,0,82,,8600,390,,,0,82,,8601,390,,,0,79,,8602,390,,,0,41,,8603,390,,,0,81,,8604,390,,,0,82,,8605,390,,,0,43,,8606,390,,,0,86,,8608,390,,,0,86,,8587,390,,,0
3300,'Fête-2-02',629,,8615,390,,,0,80,,8643,390,,,0,41,,8624,390,,,0,80,,8634,390,,,0,80,,8637,390,,,0,40,,8638,390,,,0,80,,8639,390,,,0,82,,8640,390,,,0,41,,8641,390,,,0,83,,8616,390,,,0,83,,8617,390,,,0,83,,8618,390,,,0,43,,8619,390,,,0,83,,8620,390,,,0,86,,8621,390,,,0,45,,8622,390,,,0,85,,8623,390,,,0,84,,8625,390,,,0,81,,8626,390,,,0,43,,8627,390,,,0,82,,8628,390,,,0,80,,8629,390,,,0,40,,8630,390,,,0,79,,8631,390,,,0,80,,8632,390,,,0,40,,8633,390,,,0,80,,8635,390,,,0,80,,8636,390,,,0
3300,'Samedi-02',622,,8646,390,,,0,81,,8644,390,,,0,42,,8655,390,,,0,82,,8665,390,,,0,82,,8667,390,,,0,44,,8668,390,,,0,81,,8669,390,,,0,82,,8670,390,,,0,42,,8671,390,,,0,82,,8647,390,,,0,82,,8648,390,,,0,82,,8649,390,,,0,42,,8650,390,,,0,82,,8651,390,,,0,82,,8652,390,,,0,42,,8653,390,,,0,82,,8654,390,,,0,85,,8656,390,,,0,39,,8657,390,,,0,82,,8658,390,,,0,82,,8659,390,,,0,79,,8660,390,,,0,41,,8661,390,,,0,81,,8662,390,,,0,82,,8663,390,,,0,43,,8664,390,,,0,86,,8666,390,,,0,86,,8645,390,,,0
3300,'Semaine-02',629,,8673,390,,,0,80,,8701,390,,,0,41,,8682,390,,,0,80,,8692,390,,,0,80,,8695,390,,,0,40,,8696,390,,,0,80,,8697,390,,,0,82,,8698,390,,,0,41,,8699,390,,,0,83,,8674,390,,,0,83,,8675,390,,,0,83,,8676,390,,,0,43,,8677,390,,,0,83,,8678,390,,,0,86,,8679,390,,,0,45,,8680,390,,,0,85,,8681,390,,,0,84,,8683,390,,,0,81,,8684,390,,,0,43,,8685,390,,,0,82,,8686,390,,,0,80,,8687,390,,,0,40,,8688,390,,,0,79,,8689,390,,,0,80,,8690,390,,,0,40,,8691,390,,,0,80,,8693,390,,,0,80,,8694,390,,,0
9000,'Semaine-02',642,,8702,90,,,0,63,,8703,90,,,0
