2401,'Fête-2-01',1638,,5580,40,,,0,85,,5581,40,,,0,85,,5583,40,,,0,45,,5582,40,,,0
2401,'Semaine-01',1638,,5584,40,,,0,85,,5585,40,,,0,85,,5588,40,,,0,21,,5587,40,,,0,24,,5586,40,,,0
2501,'Fête-2-01',1555,,5601,150,,,0,80,,5602,150,,,0,74,,5603,150,,,0,39,,5604,150,,,0,80,,5605,150,,,0,28,,5606,150,,,0
2501,'Semaine-01',1555,,5607,150,,,0,80,,5608,150,,,0,74,,5609,150,,,0,39,,5610,150,,,0,80,,5611,150,,,0,28,,5612,150,,,0
2701,'Fête-2-01',608,,5637,40,,,0,40,,5638,40,,,0,81,,5639,40,,,0,80,,5640,40,,,0,744,,5644,40,,,0,81,,5641,40,,,0,84,,5645,40,,,0,86,,5642,40,,,0,45,,5643,40,,,0
2701,'Semaine-01',608,,5646,40,,,0,40,,5647,40,,,0,81,,5648,40,,,0,80,,5649,40,,,0,744,,5653,40,,,0,81,,5650,40,,,0,84,,5654,40,,,0,86,,5651,40,,,0,45,,5652,40,,,0
3200,'Dimanche-01',556,,5830,150,,,0,254,,5835,150,,,0,223,,5838,150,,,0,192,,5839,150,,,0,119,,5831,150,,,0,162,,5841,150,,,0,120,,5832,150,,,0,119,,5834,150,,,0,158,,5833,150,,,0,215,,5836,150,,,0,216,,5837,150,,,0,213,,5840,150,0,6,0
3200,'Fête-1-01',527,,5842,30,,,0,181,,5848,150,,,0,37,,5843,150,,,0,160,,5851,150,,,0,123,,5852,150,,,0,124,,5853,150,,,0,164,,5844,150,,,0,124,,5855,150,,,0,164,,5845,150,,,0,128,,5846,150,,,0,120,,5847,150,,,0,276,,5849,150,,,0,216,,5850,150,,,0,208,,5854,150,0,6,0
3200,'Fête-2-01',624,,5881,150,,,0,80,,5856,150,,,0,39,,5884,150,,,0,79,,5867,150,,,0,80,,5875,150,,,0,42,,5876,150,,,0,81,,5877,150,,,0,81,,5878,150,,,0,43,,5879,150,,,0,83,,5880,150,,,0,83,,5857,150,,,0,42,,5858,150,,,0,82,,5859,150,,,0,85,,5883,150,,,0,85,,5861,150,,,0,44,,5862,150,,,0,86,,5863,150,,,0,85,,5864,150,,,0,82,,5865,150,,,0,43,,5866,150,,,0,81,,5868,150,,,0,80,,5869,150,,,0,40,,5870,150,,,0,80,,5871,150,,,0,80,,5872,150,,,0,41,,5873,150,,,0,80,,5874,150,,,0,112,,5882,150,0,6,0
3200,'Samedi-01',527,,5887,30,,,0,181,,5893,150,,,0,37,,5888,150,,,0,160,,5896,150,,,0,123,,5897,150,,,0,124,,5898,150,,,0,164,,5889,150,,,0,124,,5900,150,,,0,164,,5890,150,,,0,128,,5891,150,,,0,120,,5892,150,,,0,276,,5894,150,,,0,216,,5895,150,,,0,208,,5899,150,0,6,0
3200,'Semaine-01',624,,5926,150,,,0,80,,5901,150,,,0,39,,5929,150,,,0,79,,5912,150,,,0,80,,5920,150,,,0,42,,5921,150,,,0,81,,5922,150,,,0,81,,5923,150,,,0,43,,5924,150,,,0,83,,5925,150,,,0,83,,5902,150,,,0,42,,5903,150,,,0,82,,5904,150,,,0,85,,5928,150,,,0,85,,5906,150,,,0,44,,5907,150,,,0,86,,5908,150,,,0,85,,5909,150,,,0,82,,5910,150,,,0,43,,5911,150,,,0,81,,5913,150,,,0,80,,5914,150,,,0,40,,5915,150,,,0,80,,5916,150,,,0,80,,5917,150,,,0,41,,5918,150,,,0,80,,5919,150,,,0,112,,5927,150,0,6,0
