2400,'Fête-2-01',623,,5569,60,,,0,79,,5570,60,,,0,40,,5572,60,,,0,80,,5573,60,,,0,80,,5571,60,,,0
2400,'Semaine-01',601,,5574,60,,,0,22,,5575,60,,,0,33,,5576,60,,,0,92,,5578,60,,,0,74,,5579,60,,,0,80,,5577,60,,,0
2501,'Fête-2-01',1618,,5601,400,,,0,40,,5602,400,,,0,73,,5603,400,,,0,79,,5604,400,,,0,40,,5605,400,,,0,68,,5606,400,,,0
2501,'Semaine-01',1618,,5607,400,,,0,40,,5608,400,,,0,73,,5609,400,,,0,79,,5610,400,,,0,40,,5611,400,,,0,68,,5612,400,,,0
2600,'Fête-2-01',451,,5613,110,,,0
2600,'Semaine-01',451,,5615,110,,,0
2000002500,'Dimanche-01',541,,7243,250,,,0,87,,7245,300,,,0,78,,7246,300,,,0,35,,7247,300,,,0,68,,7248,300,,,0,34,,7249,300,,,0,78,,7250,300,,,0,37,,7251,300,,,0,76,,7252,300,,,0,72,,7253,300,,,0,45,,7254,300,,,0,85,,7255,300,,,0,95,,7256,300,,,0,23,,7257,300,,,0,62,,7258,300,,,0,85,,7259,300,,,0,40,,7260,300,,,0,80,,7261,300,,,0,80,,7262,300,,,0,35,,7263,300,,,0,81,,7264,300,,,0,39,,7265,300,,,0,80,,7266,300,,,0,70,,7267,300,,,0,35,,7268,300,,,0,75,,7269,300,,,0,35,,7270,300,,,0,75,,7271,300,,,0,75,,7272,300,,,0,30,,7273,300,,,0,75,,7274,300,,,0,35,,7275,300,,,0,76,,7276,300,,,0
2000002500,'Fête-1-01',528,,7309,250,,,0,26,,7278,300,,,0,76,,7294,300,,,0,83,,7279,300,,,0,27,,7295,300,,,0,77,,7280,300,,,0,40,,7296,300,,,0,80,,7281,300,,,0,70,,7297,300,,,0,40,,7282,300,,,0,80,,7298,300,,,0,77,,7283,300,,,0,30,,7277,300,,,0,73,,7284,300,,,0,41,,7299,300,,,0,78,,7285,300,,,0,86,,7300,300,,,0,45,,7286,300,,,0,79,,7301,300,,,0,71,,7287,300,,,0,34,,7302,300,,,0,84,,7288,300,,,0,80,,7303,300,,,0,44,,7289,300,,,0,80,,7304,300,,,0,90,,7290,300,,,0,81,,7305,300,,,0,36,,7291,300,,,0,76,,7306,300,,,0,32,,7292,300,,,0,72,,7307,300,,,0,111,,7293,300,,,0
2000002500,'Fête-2-01',601,,7311,250,,,0,36,,7312,300,,,0,80,,7313,300,,,0,40,,7310,300,,,0,80,,7314,300,,,0,80,,7315,300,,,0,40,,7316,300,,,0,80,,7317,300,,,0,81,,7318,300,,,0,82,,7319,300,,,0,43,,7320,300,,,0,83,,7321,300,,,0,83,,7322,300,,,0,42,,7323,300,,,0,82,,7324,300,,,0,85,,7325,300,,,0,85,,7326,300,,,0,46,,7327,300,,,0,85,,7328,300,,,0,85,,7329,300,,,0,82,,7330,300,,,0,42,,7331,300,,,0,79,,7332,300,,,0,80,,7333,300,,,0,40,,7334,300,,,0,80,,7335,300,,,0,80,,7336,300,,,0,40,,7337,300,,,0,60,,7338,300,,,0,30,,7339,300,,,0
2000002500,'Samedi-01',528,,7373,250,,,0,26,,7342,300,,,0,76,,7358,300,,,0,83,,7343,300,,,0,27,,7359,300,,,0,77,,7344,300,,,0,40,,7360,300,,,0,80,,7345,300,,,0,70,,7361,300,,,0,40,,7346,300,,,0,80,,7362,300,,,0,77,,7347,300,,,0,30,,7341,300,,,0,73,,7348,300,,,0,41,,7363,300,,,0,78,,7349,300,,,0,86,,7364,300,,,0,45,,7350,300,,,0,79,,7365,300,,,0,71,,7351,300,,,0,34,,7366,300,,,0,84,,7352,300,,,0,80,,7367,300,,,0,44,,7353,300,,,0,80,,7368,300,,,0,90,,7354,300,,,0,81,,7369,300,,,0,36,,7355,300,,,0,76,,7370,300,,,0,32,,7356,300,,,0,72,,7371,300,,,0,111,,7357,300,,,0
2000002500,'Semaine-01',601,,7375,250,,,0,36,,7376,300,,,0,80,,7377,300,,,0,40,,7374,300,,,0,80,,7378,300,,,0,80,,7379,300,,,0,40,,7380,300,,,0,80,,7381,300,,,0,81,,7382,300,,,0,82,,7383,300,,,0,43,,7384,300,,,0,83,,7385,300,,,0,83,,7386,300,,,0,42,,7387,300,,,0,82,,7388,300,,,0,85,,7389,300,,,0,85,,7390,300,,,0,46,,7391,300,,,0,85,,7392,300,,,0,85,,7393,300,,,0,82,,7394,300,,,0,42,,7395,300,,,0,79,,7396,300,,,0,80,,7397,300,,,0,40,,7398,300,,,0,80,,7399,300,,,0,80,,7400,300,,,0,40,,7401,300,,,0,60,,7402,300,,,0,30,,7403,300,,,0
