101,'Dimanche-04',733,,4408,150,,,0,205,,4409,150,,,0,170,,4410,150,,,0,133,,4411,150,,,0,166,,4412,150,,,0,120,,4413,150,,,0,120,,4414,150,,,0,160,,4415,150,,,0,119,,4416,150,,,0,174,,4417,150,,,0,114,,4418,150,,,0,114,,4419,150,,,0
101,'Samedi-04',733,,4420,150,,,0,205,,4421,150,,,0,170,,4422,150,,,0,133,,4423,150,,,0,166,,4424,150,,,0,120,,4425,150,,,0,120,,4426,150,,,0,160,,4427,150,,,0,119,,4428,150,,,0,174,,4429,150,,,0,114,,4430,150,,,0,114,,4431,150,,,0
101,'Semaine-02',627,,2686,150,,,0,100,,2695,150,,,0,30,,2697,150,,,0,100,,2698,150,,,0,146,,2699,150,,,0,55,,2700,150,,,0,100,,2702,150,,,0,96,,2701,150,,,0,151,,2703,150,,,0,46,,2687,150,,,0,107,,2688,150,,,0,91,,2689,150,,,0,109,,2690,150,,,0,69,,2691,150,,,0,29,,2692,150,,,0,149,,2693,150,,,0,144,,2694,150,,,0,190,,2696,150,,,0
101,'Semaine-03',632,,2704,150,,,0,100,,2713,150,,,0,70,,2715,150,,,0,50,,2716,150,,,0,151,,2717,150,,,0,105,,2718,150,,,0,95,,2720,150,,,0,101,,2719,150,,,0,106,,2721,150,,,0,41,,2705,150,,,0,102,,2706,150,,,0,96,,2707,150,,,0,109,,2708,150,,,0,74,,2709,150,,,0,104,,2710,150,,,0,84,,2711,150,,,0,134,,2712,150,,,0,175,,2714,150,,,0
2101,'Semaine-02',1624,,2794,150,,,0,25,,2795,150,,,0,64,,2796,150,,,0,25,,2797,150,,,0,65,,2798,150,,,0,28,,2799,150,,,0
2101,'Semaine-03',1621,,2803,150,,,0,23,,2804,150,,,0,66,,2805,150,,,0,25,,2806,150,,,0,65,,2807,150,,,0,28,,2808,150,,,0
2200,'Semaine-02',544,,2812,20,,,0,70,,2813,20,,,0,35,,2814,20,,,0,70,,2817,20,,,0,35,,2815,20,,,0,74,,2816,20,,,0
2200,'Semaine-03',551,,2818,20,,,0,70,,2819,20,,,0,30,,2820,20,,,0,73,,2823,20,,,0,32,,2821,20,,,0,72,,2822,20,,,0
2201,'Semaine-02',1629,,2824,20,,,0,25,,2828,20,,,0,64,,2825,20,,,0,25,,2829,20,,,0,65,,2827,20,,,0,28,,2826,20,,,0
2201,'Semaine-03',1626,,2830,20,,,0,25,,2834,20,,,0,65,,2831,20,,,0,25,,2835,20,,,0,65,,2833,20,,,0,23,,2832,20,,,0
2801,'Semaine-02',1356,,2982,90,0,6,0,188,,2986,90,0,6,0,57,,2989,90,0,6,0,15,,2992,90,0,6,0,17,,2980,90,0,7,0,15,,2990,90,0,6,0,55,,2991,90,0,6,0,14,,2983,90,0,6,0,15,,2979,90,,,0,13,,2984,90,0,6,0,14,,2981,90,0,7,0,55,,2985,90,0,6,0,11,,2987,90,0,6,0,20,,2988,90,0,6,0
2801,'Semaine-03',1356,,2996,90,0,6,0,188,,3002,90,0,6,0,57,,3005,90,0,6,0,15,,3008,90,0,6,0,17,,3006,90,0,6,0,15,,2994,90,0,7,0,10,,3007,90,0,6,0,50,,2997,90,0,6,0,9,,2998,90,0,6,0,10,,2993,90,,,0,10,,2999,90,0,6,0,8,,3000,90,0,6,0,10,,2995,90,0,7,0,54,,3001,90,0,6,0,11,,3003,90,0,6,0,25,,3004,90,0,6,0
3100,'Dimanche-04',709,,4473,150,,,0,217,,4474,150,,,0,278,,4472,150,,,0,123,,4465,150,,,0,120,,4466,150,,,0,158,,4467,150,,,0,118,,4468,150,,,0,119,,4469,150,,,0,167,,4470,150,,,0,221,,4464,150,,,0,215,,4471,150,,,0
3100,'Samedi-04',558,,4476,150,,,0,83,,4487,150,,,0,203,,4488,150,,,0,165,,4485,150,,,0,124,,4475,150,,,0,124,,4486,150,,,0,164,,4477,150,,,0,124,,4478,150,,,0,164,,4479,150,,,0,124,,4480,150,,,0,124,,4481,150,,,0,67,,4482,150,,,0,216,,4483,150,,,0,215,,4484,150,,,0
3100,'Semaine-02',559,,3071,150,,,0,81,,3047,150,,,0,81,,3057,150,,,0,82,,3072,150,,,0,42,,3066,150,,,0,82,,3067,150,,,0,82,,3068,150,,,0,42,,3074,150,,,0,83,,3069,150,,,0,83,,3070,150,,,0,83,,3048,150,,,0,43,,3049,150,,,0,83,,3050,150,,,0,84,,3051,150,,,0,46,,3052,150,,,0,87,,3053,150,,,0,86,,3054,150,,,0,85,,3055,150,,,0,42,,3056,150,,,0,81,,3058,150,,,0,81,,3059,150,,,0,41,,3060,150,,,0,81,,3061,150,,,0,81,,3062,150,,,0,80,,3063,150,,,0,40,,3064,150,,,0,80,,3065,150,,,0,111,,3073,150,0,5 6,0
3100,'Semaine-03',605,,3099,150,,,0,40,,3075,150,,,0,80,,3085,150,,,0,80,,3100,150,,,0,40,,3094,150,,,0,80,,3095,150,,,0,80,,3096,150,,,0,41,,3102,150,,,0,81,,3097,150,,,0,83,,3098,150,,,0,43,,3076,150,,,0,83,,3077,150,,,0,82,,3078,150,,,0,82,,3079,150,,,0,45,,3080,150,,,0,85,,3081,150,,,0,85,,3082,150,,,0,85,,3083,150,,,0,45,,3084,150,,,0,83,,3086,150,,,0,82,,3087,150,,,0,40,,3088,150,,,0,80,,3089,150,,,0,80,,3090,150,,,0,40,,3091,150,,,0,80,,3092,150,,,0,80,,3093,150,,,0,121,,3101,150,0,5 6,0
3300,'Dimanche-04',539,,4517,20,,,0,82,,4515,20,,,0,90,,4526,20,,,0,41,,4536,20,,,0,83,,4538,20,,,0,93,,4539,20,,,0,80,,4540,20,,,0,40,,4541,20,,,0,80,,4542,20,,,0,80,,4518,20,,,0,40,,4519,20,,,0,79,,4520,20,,,0,80,,4521,20,,,0,40,,4522,20,,,0,79,,4523,20,,,0,79,,4524,20,,,0,39,,4525,20,,,0,79,,4527,20,,,0,79,,4528,20,,,0,40,,4529,20,,,0,87,,4530,20,,,0,85,,4531,20,,,0,86,,4532,20,,,0,47,,4533,20,,,0,86,,4534,20,,,0,83,,4535,20,,,0,88,,4516,20,,,0,43,,4537,20,,,0,159,,4543,20,0,8 6,0
3300,'Samedi-04',559,,4546,20,,,0,81,,4544,20,,,0,81,,4555,20,,,0,82,,4565,20,,,0,42,,4567,20,,,0,84,,4568,20,,,0,81,,4569,20,,,0,42,,4570,20,,,0,82,,4571,20,,,0,82,,4547,20,,,0,42,,4548,20,,,0,82,,4549,20,,,0,82,,4550,20,,,0,82,,4551,20,,,0,42,,4552,20,,,0,82,,4553,20,,,0,82,,4554,20,,,0,45,,4556,20,,,0,79,,4557,20,,,0,82,,4558,20,,,0,42,,4559,20,,,0,79,,4560,20,,,0,82,,4561,20,,,0,81,,4562,20,,,0,42,,4563,20,,,0,83,,4564,20,,,0,86,,4566,20,,,0,46,,4545,20,,,0,153,,4572,20,0,8 6,0
3300,'Semaine-02',601,,3208,20,,,0,41,,3236,20,,,0,81,,3217,20,,,0,82,,3227,20,,,0,42,,3230,20,,,0,82,,3231,20,,,0,82,,3232,20,,,0,42,,3233,20,,,0,83,,3234,20,,,0,83,,3209,20,,,0,83,,3210,20,,,0,43,,3211,20,,,0,83,,3212,20,,,0,84,,3213,20,,,0,46,,3214,20,,,0,87,,3215,20,,,0,86,,3216,20,,,0,85,,3218,20,,,0,42,,3219,20,,,0,81,,3220,20,,,0,81,,3221,20,,,0,81,,3222,20,,,0,41,,3223,20,,,0,81,,3224,20,,,0,80,,3225,20,,,0,40,,3226,20,,,0,80,,3228,20,,,0,80,,3229,20,,,0
3300,'Semaine-03',606,,3237,20,,,0,40,,3265,20,,,0,80,,3246,20,,,0,80,,3256,20,,,0,40,,3259,20,,,0,80,,3260,20,,,0,80,,3261,20,,,0,41,,3262,20,,,0,81,,3263,20,,,0,83,,3238,20,,,0,43,,3239,20,,,0,83,,3240,20,,,0,82,,3241,20,,,0,82,,3242,20,,,0,45,,3243,20,,,0,85,,3244,20,,,0,85,,3245,20,,,0,85,,3247,20,,,0,45,,3248,20,,,0,83,,3249,20,,,0,82,,3250,20,,,0,40,,3251,20,,,0,80,,3252,20,,,0,80,,3253,20,,,0,40,,3254,20,,,0,80,,3255,20,,,0,80,,3257,20,,,0,40,,3258,20,,,0
11101,'Dimanche-04',733,,4594,20,,,0,183,,4590,150,,,0,188,,4589,150,,,0,297,,4591,150,,,0,249,,4592,150,,,0,154,,4595,20,,,0,148,,4593,150,,,0,293,,4596,20,,,0
11101,'Samedi-04',733,,4602,20,,,0,183,,4598,150,,,0,188,,4597,150,,,0,297,,4599,150,,,0,249,,4600,150,,,0,154,,4603,20,,,0,148,,4601,150,,,0,293,,4604,20,,,0
11101,'Semaine-02',725,,3353,160,,,0,108,,3356,160,,,0,101,,3357,160,,,0,7,,3355,160,,,0,214,,3360,20,,,0,56,,3359,150,,,0,206,,3345,150,,,0,183,,3346,160,,,0,25,,3348,160,,,0,30,,3349,160,,,0,70,,3350,160,,,0,30,,3351,160,,,0,70,,3352,160,,,0,88,,3354,160,,,0,24,,3347,160,,,0,103,,3358,20,,,0,202,,3361,150,,,0
11101,'Semaine-03',645,,3372,100,,,0,2,,3371,150,,,0,96,,3378,150,,,0,168,,3379,160,,,0,95,,3376,160,,,0,148,,3382,20,,,0,47,,3381,150,,,0,226,,3362,150,,,0,110,,3363,90,,,0,10,,3365,150,,,0,91,,3366,90,,,0,19,,3373,150,,,0,56,,3368,90,,,0,30,,3369,90,,,0,13,,3367,90,,,0,51,,3374,150,,,0,9,,3370,90,,,0,84,,3375,150,,,0,37,,3364,160,,,0,108,,3380,20,,,0,194,,3377,150,,,0
