2400,'Fête-2-01',632,,5569,210,,,0,80,,5570,210,,,0,40,,5572,210,,,0,80,,5573,210,,,0,80,,5571,210,,,0
2400,'Semaine-01',610,,5574,210,,,0,22,,5575,210,,,0,74,,5576,210,,,0,52,,5578,210,,,0,74,,5579,210,,,0,80,,5577,210,,,0
2500,'Fête-2-01',600,,5592,250,,,0,34,,5589,270,,,0,21,,5593,250,,,0,69,,5590,270,,,0,26,,5594,250,,,0,69,,5591,270,,,0
2500,'Semaine-01',600,,5598,250,,,0,34,,5595,270,,,0,21,,5599,250,,,0,69,,5596,270,,,0,26,,5600,250,,,0,69,,5597,270,,,0
2700,'Fête-2-01',553,,5617,170,,,0,80,,5618,170,,,0,80,,5619,170,,,0,40,,5620,170,,,0,80,,5621,170,,,0,786,,5622,170,,,0,83,,5623,170,,,0,46,,5624,170,,,0,84,,5625,170,,,0,86,,5626,170,,,0
2700,'Semaine-01',553,,5627,170,,,0,80,,5628,170,,,0,80,,5629,170,,,0,40,,5630,170,,,0,80,,5631,170,,,0,786,,5632,170,,,0,83,,5633,170,,,0,46,,5634,170,,,0,84,,5635,170,,,0,86,,5636,170,,,0
3100,'Dimanche-01',721,,5744,310,,,0,218,,5745,310,,,0,278,,5743,310,,,0,123,,5736,310,,,0,160,,5737,310,,,0,118,,5738,310,,,0,118,,5739,310,,,0,119,,5740,310,,,0,167,,5741,310,,,0,221,,5735,310,,,0,215,,5742,310,,,0
3100,'Fête-1-01',610,,5747,310,,,0,43,,5758,310,,,0,204,,5759,310,,,0,165,,5756,310,,,0,124,,5746,310,,,0,164,,5757,310,,,0,124,,5748,310,,,0,124,,5749,310,,,0,164,,5750,310,,,0,124,,5751,310,,,0,164,,5752,310,,,0,27,,5753,310,,,0,216,,5754,310,,,0,255,,5755,310,,,0
3100,'Fête-2-01',618,,5784,310,,,0,40,,5760,310,,,0,80,,5770,310,,,0,80,,5785,310,,,0,40,,5779,310,,,0,80,,5780,310,,,0,80,,5781,310,,,0,41,,5787,310,,,0,83,,5782,310,,,0,83,,5783,310,,,0,83,,5761,310,,,0,43,,5762,310,,,0,82,,5763,310,,,0,82,,5764,310,,,0,85,,5765,310,,,0,45,,5766,310,,,0,86,,5767,310,,,0,85,,5768,310,,,0,84,,5769,310,,,0,42,,5771,310,,,0,82,,5772,310,,,0,79,,5773,310,,,0,40,,5774,310,,,0,79,,5775,310,,,0,80,,5776,310,,,0,40,,5777,310,,,0,80,,5778,310,,,0,121,,5786,310,0,5 6,0
3100,'Samedi-01',610,,5789,310,,,0,43,,5800,310,,,0,204,,5801,310,,,0,165,,5798,310,,,0,124,,5788,310,,,0,164,,5799,310,,,0,124,,5790,310,,,0,124,,5791,310,,,0,164,,5792,310,,,0,124,,5793,310,,,0,164,,5794,310,,,0,27,,5795,310,,,0,216,,5796,310,,,0,255,,5797,310,,,0
3100,'Semaine-01',618,,5826,310,,,0,40,,5802,310,,,0,80,,5812,310,,,0,80,,5827,310,,,0,40,,5821,310,,,0,80,,5822,310,,,0,80,,5823,310,,,0,41,,5829,310,,,0,83,,5824,310,,,0,83,,5825,310,,,0,83,,5803,310,,,0,43,,5804,310,,,0,82,,5805,310,,,0,82,,5806,310,,,0,85,,5807,310,,,0,45,,5808,310,,,0,86,,5809,310,,,0,85,,5810,310,,,0,84,,5811,310,,,0,42,,5813,310,,,0,82,,5814,310,,,0,79,,5815,310,,,0,40,,5816,310,,,0,79,,5817,310,,,0,80,,5818,310,,,0,40,,5819,310,,,0,80,,5820,310,,,0,121,,5828,310,0,5 6,0
