101,'Dimanche-01',714,,5325,30,,,0,205,,5326,30,,,0,130,,5327,30,,,0,170,,5328,30,,,0,125,,5329,30,,,0,160,,5330,30,,,0,120,,5331,30,,,0,120,,5332,30,,,0,160,,5333,30,,,0,135,,5334,30,,,0,115,,5335,30,,,0,155,,5336,30,,,0
101,'Samedi-01',714,,5367,30,,,0,205,,5368,30,,,0,130,,5369,30,,,0,170,,5370,30,,,0,125,,5371,30,,,0,160,,5372,30,,,0,120,,5373,30,,,0,120,,5374,30,,,0,160,,5375,30,,,0,135,,5376,30,,,0,115,,5377,30,,,0,155,,5378,30,,,0
101,'Semaine-01',609,,5379,30,,,0,100,,5388,30,,,0,30,,5390,30,,,0,90,,5391,30,,,0,110,,5392,30,,,0,105,,5393,30,,,0,95,,5395,30,,,0,100,,5394,30,,,0,106,,5396,30,,,0,80,,5380,30,,,0,100,,5381,30,,,0,100,,5382,30,,,0,109,,5383,30,,,0,75,,5384,30,,,0,105,,5385,30,,,0,45,,5386,30,,,0,175,,5387,30,,,0,175,,5389,30,,,0
2101,'Semaine-01',642,,5512,30,0,5 6,0,79,,5513,30,0,5 6,0,81,,5514,30,0,5 6,0,754,,5506,30,,,0,63,,5507,30,,,0,27,,5508,30,,,0,65,,5509,30,,,0,25,,5510,30,,,0,68,,5511,30,,,0
2301,'Semaine-01',1529,,5562,30,,,0,25,,5563,30,,,0,70,,5564,30,,,0,30,,5565,30,,,0,70,,5566,30,,,0,30,,5567,30,,,0,70,,5568,30,,,0
2501,'Semaine-01',1534,,5607,30,,,0,80,,5608,30,,,0,35,,5609,30,,,0,80,,5610,30,,,0,80,,5611,30,,,0,30,,5612,30,,,0
3100,'Dimanche-01',648,,5744,30,,,0,255,,5745,30,,,0,238,,5743,30,,,0,163,,5736,30,,,0,120,,5737,30,,,0,118,,5738,30,,,0,158,,5739,30,,,0,119,,5740,30,,,0,127,,5741,30,,,0,261,,5735,30,,,0,216,,5742,30,,,0
3100,'Samedi-01',537,,5789,30,,,0,83,,5800,30,,,0,201,,5801,30,,,0,125,,5798,30,,,0,164,,5788,30,,,0,124,,5799,30,,,0,124,,5790,30,,,0,164,,5791,30,,,0,124,,5792,30,,,0,164,,5793,30,,,0,124,,5794,30,,,0,67,,5795,30,,,0,216,,5796,30,,,0,216,,5797,30,,,0
3100,'Semaine-01',543,,5826,30,,,0,80,,5802,30,,,0,79,,5812,30,,,0,40,,5827,30,,,0,80,,5821,30,,,0,80,,5822,30,,,0,40,,5823,30,,,0,81,,5829,30,,,0,81,,5824,30,,,0,43,,5825,30,,,0,83,,5803,30,,,0,83,,5804,30,,,0,42,,5805,30,,,0,82,,5806,30,,,0,84,,5807,30,,,0,84,,5808,30,,,0,45,,5809,30,,,0,87,,5810,30,,,0,85,,5811,30,,,0,85,,5813,30,,,0,42,,5814,30,,,0,80,,5815,30,,,0,80,,5816,30,,,0,40,,5817,30,,,0,80,,5818,30,,,0,80,,5819,30,,,0,41,,5820,30,,,0,161,,5828,30,0,5 6,0
3200,'Dimanche-01',538,,5830,30,,,0,214,,5835,30,,,0,262,,5838,30,,,0,192,,5839,30,,,0,119,,5831,30,,,0,122,,5841,30,,,0,160,,5832,30,,,0,119,,5834,30,,,0,118,,5833,30,,,0,215,,5836,30,,,0,256,,5837,30,,,0,213,,5840,30,0,6,0
3200,'Samedi-01',650,,5893,30,,,0,77,,5888,30,,,0,120,,5896,30,,,0,162,,5897,30,,,0,124,,5898,30,,,0,124,,5889,30,,,0,164,,5900,30,,,0,124,,5890,30,,,0,168,,5891,30,,,0,120,,5892,30,,,0,276,,5894,30,,,0,216,,5895,30,,,0,212,,5899,30,0,6,0
3200,'Semaine-01',608,,5926,30,,,0,38,,5901,30,,,0,78,,5929,30,,,0,79,,5912,30,,,0,40,,5920,30,,,0,83,,5921,30,,,0,81,,5922,30,,,0,41,,5923,30,,,0,83,,5924,30,,,0,82,,5925,30,,,0,43,,5902,30,,,0,82,,5903,30,,,0,81,,5904,30,,,0,84,,5928,30,,,0,45,,5906,30,,,0,85,,5907,30,,,0,86,,5908,30,,,0,86,,5909,30,,,0,43,,5910,30,,,0,84,,5911,30,,,0,81,,5913,30,,,0,40,,5914,30,,,0,80,,5915,30,,,0,80,,5916,30,,,0,40,,5917,30,,,0,83,,5918,30,,,0,80,,5919,30,,,0,112,,5927,30,0,6,0
9800,'Semaine-01',720,,6095,30,,,0,103,,6099,30,,,0,105,,6100,30,,,0,505,,6101,30,,,0,105,,6102,30,,,0,105,,6103,30,,,0,105,,6104,30,,,0,105,,6105,30,,,0,99,,6106,30,,,0,100,,6096,30,,,0,90,,6097,30,,,0,90,,6098,30,,,0
11101,'Dimanche-01',857,,6169,30,,,0,187,,6168,30,,,0,295,,6170,30,,,0,288,,6171,30,,,0,304,,6172,30,,,0
11101,'Samedi-01',857,,6201,30,,,0,187,,6200,30,,,0,295,,6202,30,,,0,288,,6203,30,,,0,304,,6204,30,,,0
11101,'Semaine-01',628,,6217,30,,,0,95,,6224,30,,,0,130,,6225,30,,,0,95,,6222,30,,,0,191,,6227,30,,,0,265,,6208,40,,,0,120,,6211,40,,,0,110,,6219,40,,,0,110,,6220,40,,,0,95,,6221,40,,,0,75,,6210,40,,,0,305,,6223,30,,,0
