100,'Dimanche-04',558,,4395,70,,,0,200,,4384,70,,,0,165,,4385,70,,,0,130,,4386,70,,,0,165,,4387,70,,,0,124,,4388,70,,,0,160,,4389,70,,,0,120,,4390,70,,,0,124,,4391,70,,,0,175,,4392,70,,,0,115,,4393,70,,,0,115,,4394,70,,,0
100,'Samedi-04',558,,4407,70,,,0,200,,4396,70,,,0,165,,4397,70,,,0,130,,4398,70,,,0,165,,4399,70,,,0,124,,4400,70,,,0,160,,4401,70,,,0,120,,4402,70,,,0,124,,4403,70,,,0,175,,4404,70,,,0,115,,4405,70,,,0,115,,4406,70,,,0
100,'Semaine-02',438,,2638,70,,,0,100,,2639,70,,,0,70,,2640,70,,,0,41,,2641,70,,,0,170,,2642,70,,,0,100,,2645,70,,,0,30,,2654,70,,,0,100,,2646,70,,,0,105,,2655,70,,,0,95,,2647,70,,,0,100,,2648,70,,,0,100,,2652,70,,,0,110,,2649,70,,,0,90,,2650,70,,,0,154,,2643,70,,,0,50,,2644,70,,,0,104,,2653,70,,,0,197,,2651,70,,,0
100,'Semaine-03',440,,2656,70,,,0,103,,2657,70,,,0,65,,2658,70,,,0,41,,2659,70,,,0,160,,2660,70,,,0,106,,2663,70,,,0,94,,2672,70,,,0,101,,2664,70,,,0,99,,2673,70,,,0,38,,2665,70,,,0,102,,2666,70,,,0,100,,2670,70,,,0,110,,2667,70,,,0,75,,2668,70,,,0,109,,2661,70,,,0,95,,2662,70,,,0,174,,2671,70,,,0,145,,2669,70,,,0
2000,'Dimanche-04',649,,4432,30,,,0,164,,4433,30,,,0,125,,4434,30,,,0,165,,4435,30,,,0,125,,4436,30,,,0,125,,4437,30,,,0,165,,4438,30,,,0,125,,4439,30,,,0
2000,'Samedi-04',649,,4440,30,,,0,164,,4441,30,,,0,125,,4442,30,,,0,165,,4443,30,,,0,125,,4444,30,,,0,125,,4445,30,,,0,165,,4446,30,,,0,125,,4447,30,,,0
2000,'Semaine-02',631,,2730,30,,,0,125,,2731,30,,,0,165,,2732,30,,,0,126,,2733,30,,,0,166,,2734,30,,,0,125,,2735,30,,,0,166,,2736,30,,,0,126,,2737,30,,,0,126,,2738,30,,,0
2000,'Semaine-02-0001100',1922,,2740,30,,,0,124,,2739,30,,,0
2000,'Semaine-03',631,,2741,30,,,0,125,,2742,30,,,0,165,,2743,30,,,0,126,,2744,30,,,0,166,,2745,30,,,0,125,,2746,30,,,0,166,,2747,30,,,0,126,,2748,30,,,0,126,,2749,30,,,0
2000,'Semaine-03-0001100',1922,,2751,30,,,0,124,,2750,30,,,0
