100,'Dimanche-02',633,,7889,560,,,0,200,,7878,560,,,0,126,,7879,560,,,0,170,,7880,560,,,0,125,,7881,560,,,0,164,,7882,560,,,0,118,,7883,560,,,0,120,,7884,560,,,0,163,,7885,560,,,0,135,,7886,560,,,0,155,,7887,560,,,0,115,,7888,560,,,0
100,'Fête-1-02',633,,7901,560,,,0,200,,7890,560,,,0,126,,7891,560,,,0,170,,7892,560,,,0,125,,7893,560,,,0,164,,7894,560,,,0,118,,7895,560,,,0,120,,7896,560,,,0,163,,7897,560,,,0,135,,7898,560,,,0,155,,7899,560,,,0,115,,7900,560,,,0
100,'Fête-2-02',519,,7902,560,,,0,104,,7903,560,,,0,26,,7904,560,,,0,82,,7905,560,,,0,118,,7906,560,,,0,104,,7909,560,,,0,94,,7918,560,,,0,101,,7910,560,,,0,101,,7919,560,,,0,78,,7911,560,,,0,102,,7912,560,,,0,100,,7916,560,,,0,110,,7913,560,,,0,75,,7914,560,,,0,106,,7907,560,,,0,92,,7908,560,,,0,132,,7917,560,,,0,184,,7915,560,,,0
100,'Samedi-02',633,,7931,560,,,0,200,,7920,560,,,0,126,,7921,560,,,0,170,,7922,560,,,0,125,,7923,560,,,0,164,,7924,560,,,0,118,,7925,560,,,0,120,,7926,560,,,0,163,,7927,560,,,0,135,,7928,560,,,0,155,,7929,560,,,0,115,,7930,560,,,0
100,'Semaine-02',519,,7932,560,,,0,104,,7933,560,,,0,26,,7934,560,,,0,82,,7935,560,,,0,118,,7936,560,,,0,104,,7939,560,,,0,94,,7948,560,,,0,101,,7940,560,,,0,101,,7949,560,,,0,78,,7941,560,,,0,102,,7942,560,,,0,100,,7946,560,,,0,110,,7943,560,,,0,75,,7944,560,,,0,106,,7937,560,,,0,92,,7938,560,,,0,132,,7947,560,,,0,184,,7945,560,,,0
2300,'Fête-2-02',538,,8164,230,,,0,65,,8165,230,,,0,15,,8166,230,,,0,35,,8167,230,,,0,65,,8168,230,,,0,20,,8169,230,,,0,20,,8170,230,,,0,60,,8171,230,,,0
2300,'Semaine-02',538,,8172,230,,,0,65,,8173,230,,,0,15,,8174,230,,,0,35,,8175,230,,,0,65,,8176,230,,,0,20,,8177,230,,,0,20,,8178,230,,,0,60,,8179,230,,,0
2600,'Fête-2-02',459,,8238,200,,,0,55,,8239,210,,,0
2600,'Semaine-02',459,,8240,200,,,0,55,,8241,210,,,0
2800,'Fête-2-02',510,,8284,90,,,0,20,,8283,90,,,0,15,,8281,330,,,0,65,,8289,90,,,0,20,,8280,370,,,0,20,,8282,330,,,0,61,,8285,90,,,0,20,,8286,90,,,0,20,,8287,90,,,0,60,,8288,90,,,0
2800,'Semaine-02',510,,8294,90,,,0,20,,8293,90,,,0,15,,8291,330,,,0,55,,8305,90,,,0,10,,8301,90,,,0,10,,8302,90,,,0,10,,8290,370,,,0,8,,8303,90,,,0,8,,8292,330,,,0,8,,8306,90,,,0,49,,8304,90,,,0,8,,8295,90,,,0,10,,8296,90,,,0,11,,8297,90,,,0,9,,8298,90,,,0,10,,8299,90,,,0,60,,8300,90,,,0
3300,'Dimanche-02',604,,8559,410,,,0,42,,8557,410,,,0,91,,8568,410,,,0,81,,8578,410,,,0,83,,8580,410,,,0,53,,8581,410,,,0,80,,8582,410,,,0,80,,8583,410,,,0,40,,8584,410,,,0,80,,8560,410,,,0,80,,8561,410,,,0,39,,8562,410,,,0,80,,8563,410,,,0,80,,8564,410,,,0,39,,8565,410,,,0,79,,8566,410,,,0,79,,8567,410,,,0,39,,8569,410,,,0,79,,8570,410,,,0,80,,8571,410,,,0,47,,8572,410,,,0,85,,8573,410,,,0,85,,8574,410,,,0,87,,8575,410,,,0,46,,8576,410,,,0,83,,8577,410,,,0,88,,8558,410,,,0,83,,8579,410,,,0
3300,'Fête-1-02',624,,8588,410,,,0,81,,8586,410,,,0,42,,8597,410,,,0,82,,8607,410,,,0,82,,8609,410,,,0,44,,8610,410,,,0,81,,8611,410,,,0,82,,8612,410,,,0,82,,8613,410,,,0,42,,8589,410,,,0,82,,8590,410,,,0,82,,8591,410,,,0,42,,8592,410,,,0,82,,8593,410,,,0,82,,8594,410,,,0,42,,8595,410,,,0,82,,8596,410,,,0,85,,8598,410,,,0,79,,8599,410,,,0,42,,8600,410,,,0,82,,8601,410,,,0,79,,8602,410,,,0,41,,8603,410,,,0,81,,8604,410,,,0,82,,8605,410,,,0,43,,8606,410,,,0,86,,8608,410,,,0,86,,8587,410,,,0
3300,'Fête-2-02',631,,8615,410,,,0,80,,8643,410,,,0,41,,8624,410,,,0,80,,8634,410,,,0,80,,8637,410,,,0,40,,8638,410,,,0,80,,8639,410,,,0,82,,8640,410,,,0,41,,8641,410,,,0,83,,8616,410,,,0,83,,8617,410,,,0,83,,8618,410,,,0,43,,8619,410,,,0,83,,8620,410,,,0,86,,8621,410,,,0,85,,8622,410,,,0,45,,8623,410,,,0,84,,8625,410,,,0,81,,8626,410,,,0,43,,8627,410,,,0,82,,8628,410,,,0,80,,8629,410,,,0,40,,8630,410,,,0,79,,8631,410,,,0,80,,8632,410,,,0,40,,8633,410,,,0,80,,8635,410,,,0,80,,8636,410,,,0
3300,'Samedi-02',624,,8646,410,,,0,81,,8644,410,,,0,42,,8655,410,,,0,82,,8665,410,,,0,82,,8667,410,,,0,44,,8668,410,,,0,81,,8669,410,,,0,82,,8670,410,,,0,82,,8671,410,,,0,42,,8647,410,,,0,82,,8648,410,,,0,82,,8649,410,,,0,42,,8650,410,,,0,82,,8651,410,,,0,82,,8652,410,,,0,42,,8653,410,,,0,82,,8654,410,,,0,85,,8656,410,,,0,79,,8657,410,,,0,42,,8658,410,,,0,82,,8659,410,,,0,79,,8660,410,,,0,41,,8661,410,,,0,81,,8662,410,,,0,82,,8663,410,,,0,43,,8664,410,,,0,86,,8666,410,,,0,86,,8645,410,,,0
3300,'Semaine-02',631,,8673,410,,,0,80,,8701,410,,,0,41,,8682,410,,,0,80,,8692,410,,,0,80,,8695,410,,,0,40,,8696,410,,,0,80,,8697,410,,,0,82,,8698,410,,,0,41,,8699,410,,,0,83,,8674,410,,,0,83,,8675,410,,,0,83,,8676,410,,,0,43,,8677,410,,,0,83,,8678,410,,,0,86,,8679,410,,,0,85,,8680,410,,,0,45,,8681,410,,,0,84,,8683,410,,,0,81,,8684,410,,,0,43,,8685,410,,,0,82,,8686,410,,,0,80,,8687,410,,,0,40,,8688,410,,,0,79,,8689,410,,,0,80,,8690,410,,,0,40,,8691,410,,,0,80,,8693,410,,,0,80,,8694,410,,,0
9000,'Semaine-02',644,,8702,110,,,0,63,,8703,110,,,0
