101,'Dimanche-02',717,,7950,60,,,0,205,,7951,60,,,0,130,,7952,60,,,0,170,,7953,60,,,0,125,,7954,60,,,0,160,,7955,60,,,0,120,,7956,60,,,0,120,,7957,60,,,0,160,,7958,60,,,0,135,,7959,60,,,0,115,,7960,60,,,0,155,,7961,60,,,0
101,'Fête-1-02',717,,7962,60,,,0,205,,7963,60,,,0,130,,7964,60,,,0,170,,7965,60,,,0,125,,7966,60,,,0,160,,7967,60,,,0,120,,7968,60,,,0,120,,7969,60,,,0,160,,7970,60,,,0,135,,7971,60,,,0,115,,7972,60,,,0,155,,7973,60,,,0
101,'Fête-2-02',612,,7974,60,,,0,100,,7983,60,,,0,30,,7985,60,,,0,90,,7986,60,,,0,111,,7987,60,,,0,105,,7988,60,,,0,95,,7990,60,,,0,100,,7989,60,,,0,106,,7991,60,,,0,80,,7975,60,,,0,100,,7976,60,,,0,100,,7977,60,,,0,109,,7978,60,,,0,75,,7979,60,,,0,104,,7980,60,,,0,85,,7981,60,,,0,135,,7982,60,,,0,175,,7984,60,,,0
101,'Samedi-02',717,,7992,60,,,0,205,,7993,60,,,0,130,,7994,60,,,0,170,,7995,60,,,0,125,,7996,60,,,0,160,,7997,60,,,0,120,,7998,60,,,0,120,,7999,60,,,0,160,,8000,60,,,0,135,,8001,60,,,0,115,,8002,60,,,0,155,,8003,60,,,0
101,'Semaine-02',612,,8004,60,,,0,100,,8013,60,,,0,30,,8015,60,,,0,90,,8016,60,,,0,111,,8017,60,,,0,105,,8018,60,,,0,95,,8020,60,,,0,100,,8019,60,,,0,106,,8021,60,,,0,80,,8005,60,,,0,100,,8006,60,,,0,100,,8007,60,,,0,109,,8008,60,,,0,75,,8009,60,,,0,104,,8010,60,,,0,85,,8011,60,,,0,135,,8012,60,,,0,175,,8014,60,,,0
2101,'Fête-2-02',645,,8128,60,0,5 6,0,79,,8129,60,0,5 6,0,81,,8130,60,0,5 6,0,795,,8123,60,,,0,30,,8124,60,,,0,29,,8125,60,,,0,70,,8126,60,,,0,30,,8127,60,,,0
2101,'Semaine-02',645,,8137,60,0,5 6,0,79,,8138,60,0,5 6,0,81,,8139,60,0,5 6,0,795,,8131,60,,,0,23,,8132,60,,,0,26,,8133,60,,,0,65,,8134,60,,,0,25,,8135,60,,,0,68,,8136,60,,,0
2301,'Fête-2-02',1533,,8180,60,,,0,25,,8181,60,,,0,70,,8182,60,,,0,30,,8183,60,,,0,70,,8184,60,,,0,29,,8185,60,,,0,70,,8186,60,,,0
2301,'Semaine-02',1533,,8187,60,,,0,25,,8188,60,,,0,70,,8189,60,,,0,30,,8190,60,,,0,70,,8191,60,,,0,29,,8192,60,,,0,70,,8193,60,,,0
2501,'Fête-2-02',1538,,8226,60,,,0,80,,8227,60,,,0,34,,8228,60,,,0,80,,8229,60,,,0,80,,8230,60,,,0,30,,8231,60,,,0
2501,'Semaine-02',1538,,8232,60,,,0,80,,8233,60,,,0,34,,8234,60,,,0,80,,8235,60,,,0,80,,8236,60,,,0,30,,8237,60,,,0
3100,'Dimanche-02',651,,8369,60,,,0,255,,8370,60,,,0,238,,8368,60,,,0,163,,8361,60,,,0,120,,8362,60,,,0,118,,8363,60,,,0,158,,8364,60,,,0,119,,8365,60,,,0,127,,8366,60,,,0,262,,8360,60,,,0,215,,8367,60,,,0
3100,'Fête-1-02',540,,8372,60,,,0,83,,8383,60,,,0,201,,8384,60,,,0,125,,8381,60,,,0,164,,8371,60,,,0,124,,8382,60,,,0,164,,8373,60,,,0,124,,8374,60,,,0,124,,8375,60,,,0,164,,8376,60,,,0,124,,8377,60,,,0,68,,8378,60,,,0,216,,8379,60,,,0,215,,8380,60,,,0
3100,'Fête-2-02',546,,8409,60,,,0,80,,8385,60,,,0,80,,8395,60,,,0,40,,8410,60,,,0,80,,8404,60,,,0,80,,8405,60,,,0,40,,8406,60,,,0,81,,8412,60,,,0,81,,8407,60,,,0,43,,8408,60,,,0,83,,8386,60,,,0,83,,8387,60,,,0,42,,8388,60,,,0,81,,8389,60,,,0,84,,8390,60,,,0,85,,8391,60,,,0,45,,8392,60,,,0,86,,8393,60,,,0,86,,8394,60,,,0,84,,8396,60,,,0,42,,8397,60,,,0,80,,8398,60,,,0,80,,8399,60,,,0,40,,8400,60,,,0,80,,8401,60,,,0,80,,8402,60,,,0,40,,8403,60,,,0,161,,8411,60,0,5 6,0
3100,'Samedi-02',540,,8414,60,,,0,83,,8425,60,,,0,201,,8426,60,,,0,125,,8423,60,,,0,164,,8413,60,,,0,124,,8424,60,,,0,164,,8415,60,,,0,124,,8416,60,,,0,124,,8417,60,,,0,164,,8418,60,,,0,124,,8419,60,,,0,68,,8420,60,,,0,216,,8421,60,,,0,215,,8422,60,,,0
3100,'Semaine-02',546,,8451,60,,,0,80,,8427,60,,,0,80,,8437,60,,,0,40,,8452,60,,,0,80,,8446,60,,,0,80,,8447,60,,,0,40,,8448,60,,,0,81,,8454,60,,,0,81,,8449,60,,,0,43,,8450,60,,,0,83,,8428,60,,,0,83,,8429,60,,,0,42,,8430,60,,,0,81,,8431,60,,,0,84,,8432,60,,,0,85,,8433,60,,,0,45,,8434,60,,,0,86,,8435,60,,,0,86,,8436,60,,,0,84,,8438,60,,,0,42,,8439,60,,,0,80,,8440,60,,,0,80,,8441,60,,,0,40,,8442,60,,,0,80,,8443,60,,,0,80,,8444,60,,,0,40,,8445,60,,,0,161,,8453,60,0,5 6,0
3200,'Dimanche-02',541,,8455,60,,,0,214,,8460,60,,,0,262,,8463,60,,,0,192,,8464,60,,,0,119,,8456,60,,,0,122,,8466,60,,,0,160,,8457,60,,,0,119,,8459,60,,,0,118,,8458,60,,,0,256,,8461,60,,,0,216,,8462,60,,,0,213,,8465,60,0,6,0
3200,'Fête-1-02',653,,8473,60,,,0,77,,8468,60,,,0,120,,8476,60,,,0,162,,8477,60,,,0,124,,8478,60,,,0,164,,8469,60,,,0,124,,8480,60,,,0,124,,8470,60,,,0,168,,8471,60,,,0,120,,8472,60,,,0,277,,8474,60,,,0,216,,8475,60,,,0,211,,8479,60,0,6,0
3200,'Fête-2-02',610,,8506,60,,,0,39,,8481,60,,,0,79,,8509,60,,,0,79,,8492,60,,,0,40,,8500,60,,,0,82,,8501,60,,,0,81,,8502,60,,,0,41,,8503,60,,,0,83,,8504,60,,,0,83,,8505,60,,,0,83,,8482,60,,,0,42,,8483,60,,,0,81,,8484,60,,,0,84,,8508,60,,,0,45,,8486,60,,,0,84,,8487,60,,,0,86,,8488,60,,,0,87,,8489,60,,,0,42,,8490,60,,,0,84,,8491,60,,,0,81,,8493,60,,,0,40,,8494,60,,,0,80,,8495,60,,,0,80,,8496,60,,,0,40,,8497,60,,,0,82,,8498,60,,,0,80,,8499,60,,,0,112,,8507,60,0,6,0
3200,'Samedi-02',653,,8518,60,,,0,77,,8513,60,,,0,120,,8521,60,,,0,162,,8522,60,,,0,124,,8523,60,,,0,164,,8514,60,,,0,124,,8525,60,,,0,124,,8515,60,,,0,168,,8516,60,,,0,120,,8517,60,,,0,277,,8519,60,,,0,216,,8520,60,,,0,211,,8524,60,0,6,0
3200,'Semaine-02',610,,8551,60,,,0,39,,8526,60,,,0,79,,8554,60,,,0,79,,8537,60,,,0,40,,8545,60,,,0,82,,8546,60,,,0,81,,8547,60,,,0,41,,8548,60,,,0,83,,8549,60,,,0,83,,8550,60,,,0,83,,8527,60,,,0,42,,8528,60,,,0,81,,8529,60,,,0,84,,8553,60,,,0,45,,8531,60,,,0,84,,8532,60,,,0,86,,8533,60,,,0,87,,8534,60,,,0,42,,8535,60,,,0,84,,8536,60,,,0,81,,8538,60,,,0,40,,8539,60,,,0,80,,8540,60,,,0,80,,8541,60,,,0,40,,8542,60,,,0,82,,8543,60,,,0,80,,8544,60,,,0,112,,8552,60,0,6,0
9800,'Fête-2-02',723,,8707,60,,,0,103,,8711,60,,,0,105,,8712,60,,,0,505,,8713,60,,,0,105,,8714,60,,,0,105,,8715,60,,,0,105,,8716,60,,,0,105,,8717,60,,,0,98,,8718,60,,,0,100,,8708,60,,,0,90,,8709,60,,,0,90,,8710,60,,,0
9800,'Semaine-02',723,,8720,60,,,0,103,,8724,60,,,0,105,,8725,60,,,0,505,,8726,60,,,0,105,,8727,60,,,0,105,,8728,60,,,0,105,,8729,60,,,0,105,,8730,60,,,0,98,,8731,60,,,0,100,,8721,60,,,0,90,,8722,60,,,0,90,,8723,60,,,0
11101,'Dimanche-02',900,,8794,60,,,0,147,,8793,60,,,0,295,,8795,60,,,0,288,,8796,60,,,0,304,,8797,60,,,0
11101,'Fête-1-02',900,,8802,60,,,0,147,,8801,60,,,0,295,,8803,60,,,0,288,,8804,60,,,0,304,,8805,60,,,0
11101,'Fête-2-02',707,,8817,70,,,0,100,,8820,70,,,0,100,,8821,70,,,0,14,,8819,60,,,0,231,,8823,60,,,0,200,,8809,60,,,0,190,,8810,70,,,0,70,,8812,70,,,0,30,,8813,70,,,0,70,,8814,70,,,0,30,,8815,70,,,0,70,,8816,70,,,0,30,,8818,70,,,0,70,,8811,70,,,0,110,,8822,60,,,0
11101,'Samedi-02',900,,8826,60,,,0,147,,8825,60,,,0,295,,8827,60,,,0,288,,8828,60,,,0,304,,8829,60,,,0
11101,'Semaine-02',631,,8842,60,,,0,95,,8849,60,,,0,130,,8850,60,,,0,95,,8847,60,,,0,191,,8852,60,,,0,265,,8833,70,,,0,120,,8836,70,,,0,110,,8844,70,,,0,110,,8845,70,,,0,95,,8846,70,,,0,75,,8835,70,,,0,305,,8848,60,,,0
