101,'Dimanche-04',715,,4408,50,,,0,205,,4409,50,,,0,130,,4410,50,,,0,171,,4411,50,,,0,125,,4412,50,,,0,160,,4413,50,,,0,120,,4414,50,,,0,120,,4415,50,,,0,159,,4416,50,,,0,135,,4417,50,,,0,115,,4418,50,,,0,155,,4419,50,,,0
101,'Samedi-04',715,,4420,50,,,0,205,,4421,50,,,0,130,,4422,50,,,0,171,,4423,50,,,0,125,,4424,50,,,0,160,,4425,50,,,0,120,,4426,50,,,0,120,,4427,50,,,0,159,,4428,50,,,0,135,,4429,50,,,0,115,,4430,50,,,0,155,,4431,50,,,0
101,'Semaine-02',606,,2686,50,,,0,100,,2695,50,,,0,30,,2697,50,,,0,100,,2698,50,,,0,105,,2699,50,,,0,95,,2700,50,,,0,100,,2702,50,,,0,95,,2701,50,,,0,111,,2703,50,,,0,85,,2687,50,,,0,105,,2688,50,,,0,95,,2689,50,,,0,109,,2690,50,,,0,70,,2691,50,,,0,30,,2692,50,,,0,109,,2693,50,,,0,185,,2694,50,,,0,190,,2696,50,,,0
101,'Semaine-03',611,,2704,50,,,0,100,,2713,50,,,0,30,,2715,50,,,0,90,,2716,50,,,0,110,,2717,50,,,0,105,,2718,50,,,0,95,,2720,50,,,0,100,,2719,50,,,0,106,,2721,50,,,0,80,,2705,50,,,0,100,,2706,50,,,0,100,,2707,50,,,0,109,,2708,50,,,0,75,,2709,50,,,0,105,,2710,50,,,0,84,,2711,50,,,0,135,,2712,50,,,0,175,,2714,50,,,0
2101,'Semaine-02',639,,2800,50,0,5 6,0,82,,2801,50,0,5 6,0,82,,2802,50,0,5 6,0,756,,2794,50,,,0,65,,2795,50,,,0,24,,2796,50,,,0,65,,2797,50,,,0,25,,2798,50,,,0,68,,2799,50,,,0
2101,'Semaine-03',644,,2809,50,0,5 6,0,79,,2810,50,0,5 6,0,81,,2811,50,0,5 6,0,754,,2803,50,,,0,63,,2804,50,,,0,27,,2805,50,,,0,65,,2806,50,,,0,25,,2807,50,,,0,68,,2808,50,,,0
2301,'Semaine-02',1531,,2852,50,,,0,25,,2853,50,,,0,70,,2854,50,,,0,30,,2855,50,,,0,65,,2856,50,,,0,35,,2857,50,,,0,70,,2858,50,,,0
2301,'Semaine-03',1531,,2859,50,,,0,25,,2860,50,,,0,70,,2861,50,,,0,30,,2862,50,,,0,70,,2863,50,,,0,30,,2864,50,,,0,70,,2865,50,,,0
2501,'Semaine-02',1536,,2899,50,,,0,80,,2900,50,,,0,35,,2901,50,,,0,80,,2902,50,,,0,75,,2903,50,,,0,34,,2904,50,,,0
2501,'Semaine-03',1536,,2905,50,,,0,80,,2906,50,,,0,35,,2907,50,,,0,80,,2908,50,,,0,80,,2909,50,,,0,29,,2910,50,,,0
3100,'Dimanche-04',650,,4473,50,,,0,255,,4474,50,,,0,238,,4472,50,,,0,163,,4465,50,,,0,120,,4466,50,,,0,118,,4467,50,,,0,158,,4468,50,,,0,119,,4469,50,,,0,127,,4470,50,,,0,261,,4464,50,,,0,216,,4471,50,,,0
3100,'Samedi-04',539,,4476,50,,,0,83,,4487,50,,,0,201,,4488,50,,,0,125,,4485,50,,,0,164,,4475,50,,,0,124,,4486,50,,,0,164,,4477,50,,,0,124,,4478,50,,,0,124,,4479,50,,,0,164,,4480,50,,,0,124,,4481,50,,,0,67,,4482,50,,,0,216,,4483,50,,,0,216,,4484,50,,,0
3100,'Semaine-02',537,,3071,50,,,0,81,,3047,50,,,0,40,,3057,50,,,0,82,,3072,50,,,0,82,,3066,50,,,0,82,,3067,50,,,0,42,,3068,50,,,0,82,,3074,50,,,0,83,,3069,50,,,0,43,,3070,50,,,0,83,,3048,50,,,0,83,,3049,50,,,0,83,,3050,50,,,0,43,,3051,50,,,0,85,,3052,50,,,0,87,,3053,50,,,0,86,,3054,50,,,0,47,,3055,50,,,0,82,,3056,50,,,0,83,,3058,50,,,0,41,,3059,50,,,0,81,,3060,50,,,0,81,,3061,50,,,0,81,,3062,50,,,0,40,,3063,50,,,0,80,,3064,50,,,0,80,,3065,50,,,0,111,,3073,50,0,5 6,0
3100,'Semaine-03',545,,3099,50,,,0,80,,3075,50,,,0,79,,3085,50,,,0,40,,3100,50,,,0,80,,3094,50,,,0,80,,3095,50,,,0,40,,3096,50,,,0,81,,3102,50,,,0,81,,3097,50,,,0,43,,3098,50,,,0,83,,3076,50,,,0,83,,3077,50,,,0,42,,3078,50,,,0,82,,3079,50,,,0,84,,3080,50,,,0,84,,3081,50,,,0,45,,3082,50,,,0,87,,3083,50,,,0,85,,3084,50,,,0,85,,3086,50,,,0,42,,3087,50,,,0,80,,3088,50,,,0,80,,3089,50,,,0,40,,3090,50,,,0,80,,3091,50,,,0,80,,3092,50,,,0,40,,3093,50,,,0,161,,3101,50,0,5 6,0
3200,'Dimanche-04',540,,4489,50,,,0,214,,4494,50,,,0,262,,4497,50,,,0,192,,4498,50,,,0,119,,4490,50,,,0,122,,4500,50,,,0,160,,4491,50,,,0,119,,4493,50,,,0,118,,4492,50,,,0,255,,4495,50,,,0,216,,4496,50,,,0,213,,4499,50,0,6,0
3200,'Samedi-04',652,,4507,50,,,0,77,,4502,50,,,0,120,,4510,50,,,0,162,,4511,50,,,0,124,,4512,50,,,0,124,,4503,50,,,0,164,,4514,50,,,0,124,,4504,50,,,0,168,,4505,50,,,0,120,,4506,50,,,0,276,,4508,50,,,0,216,,4509,50,,,0,212,,4513,50,0,6,0
3200,'Semaine-02',607,,3142,50,,,0,40,,3117,50,,,0,79,,3145,50,,,0,81,,3128,50,,,0,44,,3136,50,,,0,82,,3137,50,,,0,82,,3138,50,,,0,43,,3139,50,,,0,83,,3140,50,,,0,83,,3141,50,,,0,83,,3118,50,,,0,43,,3119,50,,,0,83,,3120,50,,,0,85,,3144,50,,,0,87,,3122,50,,,0,47,,3123,50,,,0,85,,3124,50,,,0,83,,3125,50,,,0,82,,3126,50,,,0,43,,3127,50,,,0,82,,3129,50,,,0,81,,3130,50,,,0,41,,3131,50,,,0,80,,3132,50,,,0,83,,3133,50,,,0,40,,3134,50,,,0,80,,3135,50,,,0,98,,3143,50,0,6,0
3200,'Semaine-03',609,,3173,50,,,0,39,,3148,50,,,0,78,,3176,50,,,0,79,,3159,50,,,0,40,,3167,50,,,0,83,,3168,50,,,0,81,,3169,50,,,0,41,,3170,50,,,0,83,,3171,50,,,0,82,,3172,50,,,0,43,,3149,50,,,0,82,,3150,50,,,0,81,,3151,50,,,0,84,,3175,50,,,0,45,,3153,50,,,0,85,,3154,50,,,0,86,,3155,50,,,0,86,,3156,50,,,0,43,,3157,50,,,0,84,,3158,50,,,0,81,,3160,50,,,0,40,,3161,50,,,0,80,,3162,50,,,0,80,,3163,50,,,0,40,,3164,50,,,0,82,,3165,50,,,0,80,,3166,50,,,0,112,,3174,50,0,6,0
9800,'Semaine-02',719,,3266,50,,,0,105,,3270,50,,,0,110,,3271,50,,,0,495,,3272,50,,,0,108,,3273,50,,,0,108,,3274,50,,,0,110,,3275,50,,,0,149,,3276,50,,,0,99,,3277,50,,,0,100,,3267,50,,,0,55,,3268,50,,,0,95,,3269,50,,,0
9800,'Semaine-03',722,,3279,50,,,0,102,,3283,50,,,0,105,,3284,50,,,0,506,,3285,50,,,0,105,,3286,50,,,0,105,,3287,50,,,0,105,,3288,50,,,0,104,,3289,50,,,0,99,,3290,50,,,0,100,,3280,50,,,0,90,,3281,50,,,0,90,,3282,50,,,0
11101,'Dimanche-04',859,,4590,50,,,0,187,,4589,50,,,0,295,,4591,50,,,0,288,,4592,50,,,0,304,,4593,50,,,0
11101,'Samedi-04',859,,4598,50,,,0,187,,4597,50,,,0,295,,4599,50,,,0,288,,4600,50,,,0,304,,4601,50,,,0
11101,'Semaine-02',705,,3353,60,,,0,107,,3356,60,,,0,101,,3357,60,,,0,12,,3355,50,,,0,226,,3359,50,,,0,205,,3345,50,,,0,180,,3346,60,,,0,65,,3348,60,,,0,30,,3349,60,,,0,70,,3350,60,,,0,30,,3351,60,,,0,70,,3352,60,,,0,50,,3354,60,,,0,65,,3347,60,,,0,305,,3361,50,,,0
11101,'Semaine-03',630,,3371,50,,,0,95,,3378,50,,,0,130,,3379,50,,,0,95,,3376,50,,,0,191,,3381,50,,,0,265,,3362,50,,,0,120,,3365,50,,,0,110,,3373,50,,,0,110,,3374,50,,,0,95,,3375,50,,,0,75,,3364,60,,,0,305,,3377,50,,,0
