100,'Dimanche-01',539,,5264,30,,,0,200,,5253,30,,,0,165,,5254,30,,,0,130,,5255,30,,,0,125,,5256,30,,,0,165,,5257,30,,,0,120,,5258,30,,,0,160,,5259,30,,,0,124,,5260,30,,,0,175,,5261,30,,,0,115,,5262,30,,,0,115,,5263,30,,,0
100,'Fête-1-01',539,,5276,30,,,0,200,,5265,30,,,0,165,,5266,30,,,0,130,,5267,30,,,0,125,,5268,30,,,0,165,,5269,30,,,0,120,,5270,30,,,0,160,,5271,30,,,0,124,,5272,30,,,0,175,,5273,30,,,0,115,,5274,30,,,0,115,,5275,30,,,0
100,'Fête-2-01',421,,5277,30,,,0,103,,5278,30,,,0,25,,5279,30,,,0,81,,5280,30,,,0,120,,5281,30,,,0,106,,5284,30,,,0,94,,5293,30,,,0,101,,5285,30,,,0,99,,5294,30,,,0,78,,5286,30,,,0,102,,5287,30,,,0,100,,5291,30,,,0,110,,5288,30,,,0,75,,5289,30,,,0,109,,5282,30,,,0,95,,5283,30,,,0,135,,5292,30,,,0,185,,5290,30,,,0
100,'Samedi-01',539,,5306,30,,,0,200,,5295,30,,,0,165,,5296,30,,,0,130,,5297,30,,,0,125,,5298,30,,,0,165,,5299,30,,,0,120,,5300,30,,,0,160,,5301,30,,,0,124,,5302,30,,,0,175,,5303,30,,,0,115,,5304,30,,,0,115,,5305,30,,,0
100,'Semaine-01',421,,5307,30,,,0,103,,5308,30,,,0,25,,5309,30,,,0,81,,5310,30,,,0,120,,5311,30,,,0,106,,5314,30,,,0,94,,5323,30,,,0,101,,5315,30,,,0,99,,5324,30,,,0,78,,5316,30,,,0,102,,5317,30,,,0,100,,5321,30,,,0,110,,5318,30,,,0,75,,5319,30,,,0,109,,5312,30,,,0,95,,5313,30,,,0,135,,5322,30,,,0,185,,5320,30,,,0
101,'Dimanche-01',828,,5325,760,4,,0,206,,5326,760,4,,0,171,,5327,760,4,,0,133,,5328,760,4,,0,167,,5329,760,4,,0,120,,5330,760,4,,0,120,,5331,760,4,,0,160,,5332,760,4,,0,117,,5333,760,4,,0,134,,5334,760,4,,0,154,,5335,760,4,,0,113,,5336,760,4,,0
101,'Fête-1-01',828,,5337,760,4,,0,206,,5338,760,4,,0,171,,5339,760,4,,0,133,,5340,760,4,,0,167,,5341,760,4,,0,120,,5342,760,4,,0,120,,5343,760,4,,0,160,,5344,760,4,,0,117,,5345,760,4,,0,134,,5346,760,4,,0,154,,5347,760,4,,0,113,,5348,760,4,,0
101,'Fête-2-01',729,,5349,760,4,,0,101,,5358,760,4,,0,70,,5360,760,4,,0,50,,5361,760,4,,0,150,,5362,760,4,,0,105,,5363,760,4,,0,95,,5365,760,4,,0,105,,5364,760,4,,0,106,,5366,760,4,,0,41,,5350,760,4,,0,105,,5351,760,4,,0,96,,5352,760,4,,0,104,,5353,760,4,,0,74,,5354,760,4,,0,103,,5355,760,4,,0,83,,5356,760,4,,0,132,,5357,760,4,,0,173,,5359,760,4,,0
101,'Samedi-01',828,,5367,760,4,,0,206,,5368,760,4,,0,171,,5369,760,4,,0,133,,5370,760,4,,0,167,,5371,760,4,,0,120,,5372,760,4,,0,120,,5373,760,4,,0,160,,5374,760,4,,0,117,,5375,760,4,,0,134,,5376,760,4,,0,154,,5377,760,4,,0,113,,5378,760,4,,0
101,'Semaine-01',724,,5397,630,4,,0,5,,5379,760,4,,0,101,,5388,760,4,,0,70,,5390,760,4,,0,50,,5391,760,4,,0,150,,5392,760,4,,0,105,,5393,760,4,,0,95,,5395,760,4,,0,105,,5394,760,4,,0,106,,5396,760,4,,0,41,,5380,760,4,,0,105,,5381,760,4,,0,96,,5382,760,4,,0,104,,5383,760,4,,0,74,,5384,760,4,,0,103,,5385,760,4,,0,83,,5386,760,4,,0,132,,5387,760,4,,0,173,,5389,760,4,,0
