100,'Dimanche-01',652,,5264,700,4,,0,200,,5253,700,4,,0,168,,5254,700,4,,0,131,,5255,700,4,,0,165,,5256,700,4,,0,123,,5257,700,4,,0,118,,5258,700,4,,0,160,,5259,700,4,,0,123,,5260,700,4,,0,175,,5261,700,4,,0,115,,5262,700,4,,0,115,,5263,700,4,,0
100,'Samedi-01',652,,5306,700,4,,0,200,,5295,700,4,,0,168,,5296,700,4,,0,131,,5297,700,4,,0,165,,5298,700,4,,0,123,,5299,700,4,,0,118,,5300,700,4,,0,160,,5301,700,4,,0,123,,5302,700,4,,0,175,,5303,700,4,,0,115,,5304,700,4,,0,115,,5305,700,4,,0
100,'Semaine-01',541,,5307,700,4,,0,105,,5308,700,4,,0,67,,5309,700,4,,0,43,,5310,700,4,,0,156,,5311,700,4,,0,103,,5314,700,4,,0,92,,5323,700,4,,0,103,,5315,700,4,,0,104,,5324,700,4,,0,38,,5316,700,4,,0,101,,5317,700,4,,0,100,,5321,700,4,,0,150,,5318,700,4,,0,34,,5319,700,4,,0,104,,5312,700,4,,0,92,,5313,700,4,,0,171,,5322,700,4,,0,143,,5320,700,4,,0
2100,'Semaine-01',558,,5492,340,4,,0,70,,5493,340,4,,0,73,,5494,340,4,,0,36,,5495,340,4,,0,70,,5496,340,4,,0,36,,5497,340,4,,0
2300,'Semaine-01',559,,5547,380,4,,0,66,,5548,380,4,,0,17,,5549,380,4,,0,75,,5550,380,4,,0,26,,5551,380,4,,0,61,,5552,380,4,,0,20,,5553,380,4,,0,20,,5554,380,4,,0
2500,'Semaine-01',617,,5598,360,4,,0,34,,5595,380,4,,0,61,,5599,360,4,,0,29,,5596,380,4,,0,66,,5600,360,4,,0,29,,5597,380,4,,0
2600,'Semaine-01',513,,5615,330,4,,0,17,,5616,340,4,,0
3100,'Dimanche-01',734,,5744,420,4,,0,218,,5745,420,4,,0,278,,5743,420,4,,0,123,,5736,420,4,,0,160,,5737,420,4,,0,118,,5738,420,4,,0,118,,5739,420,4,,0,159,,5740,420,4,,0,127,,5741,420,4,,0,221,,5735,420,4,,0,254,,5742,420,4,,0
3100,'Samedi-01',623,,5789,420,4,,0,83,,5800,420,4,,0,204,,5801,420,4,,0,125,,5798,420,4,,0,124,,5788,420,4,,0,164,,5799,420,4,,0,124,,5790,420,4,,0,164,,5791,420,4,,0,124,,5792,420,4,,0,124,,5793,420,4,,0,164,,5794,420,4,,0,27,,5795,420,4,,0,256,,5796,420,4,,0,214,,5797,420,4,,0
3100,'Semaine-01',636,,5826,420,4,,0,80,,5802,420,4,,0,42,,5812,420,4,,0,80,,5827,420,4,,0,80,,5821,420,4,,0,40,,5822,420,4,,0,77,,5823,420,4,,0,79,,5829,420,4,,0,44,,5824,420,4,,0,83,,5825,420,4,,0,83,,5803,420,4,,0,83,,5804,420,4,,0,42,,5805,420,4,,0,84,,5806,420,4,,0,84,,5807,420,4,,0,85,,5808,420,4,,0,46,,5809,420,4,,0,83,,5810,420,4,,0,84,,5811,420,4,,0,42,,5813,420,4,,0,82,,5814,420,4,,0,79,,5815,420,4,,0,40,,5816,420,4,,0,78,,5817,420,4,,0,80,,5818,420,4,,0,40,,5819,420,4,,0,80,,5820,420,4,,0
3200,'Dimanche-01',628,,5830,430,4,,0,214,,5835,430,4,,0,263,,5838,430,4,,0,152,,5839,430,4,,0,159,,5831,430,4,,0,122,,5841,430,4,,0,120,,5832,430,4,,0,159,,5834,430,4,,0,118,,5833,430,4,,0,214,,5836,430,4,,0,256,,5837,430,4,,0
3200,'Samedi-01',559,,5887,310,4,,0,181,,5893,430,4,,0,77,,5888,430,4,,0,120,,5896,430,4,,0,163,,5897,430,4,,0,124,,5898,430,4,,0,124,,5889,430,4,,0,164,,5900,430,4,,0,124,,5890,430,4,,0,168,,5891,430,4,,0,120,,5892,430,4,,0,235,,5894,430,4,,0,256,,5895,430,4,,0
3200,'Semaine-01',700,,5926,430,4,,0,41,,5901,430,4,,0,80,,5929,430,4,,0,80,,5912,430,4,,0,40,,5920,430,4,,0,77,,5921,430,4,,0,41,,5922,430,4,,0,81,,5923,430,4,,0,83,,5924,430,4,,0,83,,5925,430,4,,0,43,,5902,430,4,,0,82,,5903,430,4,,0,83,,5904,430,4,,0,86,,5928,430,4,,0,18,,5905,80,4,,0,27,,5906,430,4,,0,59,,5930,80,4,,0,24,,5907,430,4,,0,20,,5931,80,4,,0,65,,5908,430,4,,0,44,,5909,430,4,,0,82,,5910,430,4,,0,83,,5911,430,4,,0,80,,5913,430,4,,0,40,,5914,430,4,,0,80,,5915,430,4,,0,80,,5916,430,4,,0,40,,5917,430,4,,0,80,,5918,430,4,,0,80,,5919,430,4,,0
9800,'Semaine-01',701,,6107,220,4,,0,102,,6095,320,4,,0,104,,6099,320,4,,0,105,,6100,320,4,,0,507,,6101,320,4,,0,105,,6102,320,4,,0,105,,6103,320,4,,0,104,,6104,320,4,,0,102,,6105,320,4,,0,97,,6106,320,4,,0,96,,6096,320,4,,0,90,,6097,320,4,,0
11100,'Dimanche-01',838,,6109,450,4,,0,187,,6108,450,4,,0,291,,6110,450,4,,0,289,,6111,450,4,,0,305,,6112,450,4,,0
11100,'Samedi-01',838,,6139,450,4,,0,187,,6138,450,4,,0,291,,6140,450,4,,0,289,,6141,450,4,,0,305,,6142,450,4,,0
11100,'Semaine-01',604,,6148,450,4,,0,96,,6149,450,4,,0,110,,6150,450,4,,0,95,,6151,450,4,,0,114,,6164,450,4,,0,36,,6146,450,4,,0,265,,6147,450,4,,0,380,,6158,450,4,,0,57,,6160,450,4,,0,396,,6162,380,4,,0
