100,'Dimanche-04',609,,4395,270,,,0,200,,4384,270,,,0,125,,4385,270,,,0,170,,4386,270,,,0,125,,4387,270,,,0,124,,4388,270,,,0,160,,4389,270,,,0,120,,4390,270,,,0,124,,4391,270,,,0,175,,4392,270,,,0,115,,4393,270,,,0,155,,4394,270,,,0
100,'Samedi-04',609,,4407,270,,,0,200,,4396,270,,,0,125,,4397,270,,,0,170,,4398,270,,,0,125,,4399,270,,,0,124,,4400,270,,,0,160,,4401,270,,,0,120,,4402,270,,,0,124,,4403,270,,,0,175,,4404,270,,,0,115,,4405,270,,,0,155,,4406,270,,,0
100,'Semaine-02',451,,2638,270,,,0,101,,2639,270,,,0,70,,2640,270,,,0,81,,2641,270,,,0,129,,2642,270,,,0,98,,2645,270,,,0,70,,2654,270,,,0,100,,2646,270,,,0,106,,2655,270,,,0,95,,2647,270,,,0,100,,2648,270,,,0,100,,2652,270,,,0,110,,2649,270,,,0,89,,2650,270,,,0,114,,2643,270,,,0,90,,2644,270,,,0,103,,2653,270,,,0,197,,2651,270,,,0
100,'Semaine-03',453,,2656,270,,,0,103,,2657,270,,,0,66,,2658,270,,,0,81,,2659,270,,,0,119,,2660,270,,,0,104,,2663,270,,,0,94,,2672,270,,,0,101,,2664,270,,,0,100,,2673,270,,,0,38,,2665,270,,,0,142,,2666,270,,,0,100,,2670,270,,,0,110,,2667,270,,,0,35,,2668,270,,,0,108,,2661,270,,,0,95,,2662,270,,,0,173,,2671,270,,,0,185,,2669,270,,,0
2000,'Dimanche-04',720,,4432,550,,,0,124,,4433,550,,,0,166,,4434,550,,,0,125,,4435,550,,,0,165,,4436,550,,,0,124,,4437,550,,,0,125,,4438,550,,,0,165,,4439,550,,,0
2000,'Samedi-04',720,,4440,550,,,0,124,,4441,550,,,0,166,,4442,550,,,0,125,,4443,550,,,0,165,,4444,550,,,0,124,,4445,550,,,0,125,,4446,550,,,0,165,,4447,550,,,0
2000,'Semaine-02',703,,2730,550,,,0,125,,2731,550,,,0,125,,2732,550,,,0,166,,2733,550,,,0,126,,2734,550,,,0,165,,2735,550,,,0,126,,2736,550,,,0,166,,2737,550,,,0,126,,2738,550,,,0
2000,'Semaine-02-0001100',1953,,2740,550,,,0,164,,2739,550,,,0
2000,'Semaine-03',703,,2741,550,,,0,125,,2742,550,,,0,125,,2743,550,,,0,166,,2744,550,,,0,126,,2745,550,,,0,165,,2746,550,,,0,126,,2747,550,,,0,166,,2748,550,,,0,126,,2749,550,,,0
2000,'Semaine-03-0001100',1953,,2751,550,,,0,164,,2750,550,,,0
2800,'Semaine-02',529,,2954,110,,,0,85,,2953,150,,,0,15,,2955,110,,,0
2800,'Semaine-03',529,,2966,110,,,0,85,,2965,150,,,0,20,,2967,110,,,0
