101,'Dimanche-01',739,,5325,260,,,0,206,,5326,260,,,0,171,,5327,260,,,0,133,,5328,260,,,0,167,,5329,260,,,0,120,,5330,260,,,0,120,,5331,260,,,0,160,,5332,260,,,0,117,,5333,260,,,0,174,,5334,260,,,0,114,,5335,260,,,0,113,,5336,260,,,0
101,'Fête-1-01',739,,5337,260,,,0,206,,5338,260,,,0,171,,5339,260,,,0,133,,5340,260,,,0,167,,5341,260,,,0,120,,5342,260,,,0,120,,5343,260,,,0,160,,5344,260,,,0,117,,5345,260,,,0,174,,5346,260,,,0,114,,5347,260,,,0,113,,5348,260,,,0
101,'Fête-2-01',638,,5349,260,,,0,101,,5358,260,,,0,70,,5360,260,,,0,50,,5361,260,,,0,151,,5362,260,,,0,105,,5363,260,,,0,95,,5365,260,,,0,103,,5364,260,,,0,106,,5366,260,,,0,81,,5350,260,,,0,103,,5351,260,,,0,56,,5352,260,,,0,147,,5353,260,,,0,34,,5354,260,,,0,103,,5355,260,,,0,84,,5356,260,,,0,173,,5357,260,,,0,135,,5359,260,,,0
101,'Samedi-01',739,,5367,260,,,0,206,,5368,260,,,0,171,,5369,260,,,0,133,,5370,260,,,0,167,,5371,260,,,0,120,,5372,260,,,0,120,,5373,260,,,0,160,,5374,260,,,0,117,,5375,260,,,0,174,,5376,260,,,0,114,,5377,260,,,0,113,,5378,260,,,0
101,'Semaine-01',633,,5397,130,,,0,5,,5379,260,,,0,101,,5388,260,,,0,70,,5390,260,,,0,50,,5391,260,,,0,151,,5392,260,,,0,105,,5393,260,,,0,95,,5395,260,,,0,103,,5394,260,,,0,106,,5396,260,,,0,81,,5380,260,,,0,103,,5381,260,,,0,56,,5382,260,,,0,147,,5383,260,,,0,34,,5384,260,,,0,103,,5385,260,,,0,84,,5386,260,,,0,173,,5387,260,,,0,135,,5389,260,,,0
2301,'Fête-2-01',1600,,5555,270,,,0,25,,5556,270,,,0,30,,5557,270,,,0,70,,5558,270,,,0,28,,5559,270,,,0,69,,5560,270,,,0,29,,5561,270,,,0
2301,'Semaine-01',1600,,5562,270,,,0,25,,5563,270,,,0,30,,5564,270,,,0,70,,5565,270,,,0,28,,5566,270,,,0,69,,5567,270,,,0,29,,5568,270,,,0
2401,'Fête-2-01',1647,,5580,170,,,0,85,,5581,170,,,0,85,,5583,170,,,0,85,,5582,170,,,0
2401,'Semaine-01',1647,,5584,170,,,0,85,,5585,170,,,0,85,,5588,170,,,0,21,,5587,170,,,0,64,,5586,170,,,0
2801,'Fête-2-01',1404,,5685,200,0,22,0,150,,5688,200,0,22,0,71,,5692,200,0,22,0,27,,5683,200,0,23,0,55,,5691,200,0,22,0,19,,5686,200,0,22,0,10,,5682,200,,,0,10,,5687,200,0,22,0,58,,5684,200,0,23,0,19,,5689,200,0,22,0,15,,5693,200,0,22,0,15,,5690,200,0,22,0
2801,'Semaine-01',1404,,5697,200,0,22,0,150,,5703,200,0,22,0,56,,5706,200,0,22,0,15,,5710,200,0,22,0,12,,5707,200,0,22,0,15,,5695,200,0,23,0,5,,5708,200,0,22,0,50,,5709,200,0,22,0,10,,5698,200,0,22,0,9,,5699,200,0,22,0,10,,5694,200,,,0,10,,5700,200,0,22,0,8,,5701,200,0,22,0,50,,5696,200,0,23,0,14,,5702,200,0,22,0,10,,5704,200,0,22,0,25,,5705,200,0,22,0
3300,'Dimanche-01',546,,5934,140,,,0,82,,5932,140,,,0,90,,5943,140,,,0,41,,5953,140,,,0,83,,5955,140,,,0,93,,5956,140,,,0,80,,5957,140,,,0,40,,5958,140,,,0,80,,5959,140,,,0,80,,5935,140,,,0,40,,5936,140,,,0,79,,5937,140,,,0,80,,5938,140,,,0,40,,5939,140,,,0,79,,5940,140,,,0,79,,5941,140,,,0,39,,5942,140,,,0,79,,5944,140,,,0,79,,5945,140,,,0,40,,5946,140,,,0,87,,5947,140,,,0,85,,5948,140,,,0,86,,5949,140,,,0,47,,5950,140,,,0,86,,5951,140,,,0,83,,5952,140,,,0,88,,5933,140,,,0,43,,5954,140,,,0,159,,5960,140,0,8 6,0
3300,'Fête-1-01',606,,5963,140,,,0,41,,5961,140,,,0,81,,5972,140,,,0,82,,5982,140,,,0,42,,5984,140,,,0,84,,5985,140,,,0,81,,5986,140,,,0,42,,5987,140,,,0,82,,5988,140,,,0,82,,5964,140,,,0,82,,5965,140,,,0,42,,5966,140,,,0,82,,5967,140,,,0,82,,5968,140,,,0,42,,5969,140,,,0,82,,5970,140,,,0,82,,5971,140,,,0,85,,5973,140,,,0,39,,5974,140,,,0,82,,5975,140,,,0,82,,5976,140,,,0,39,,5977,140,,,0,82,,5978,140,,,0,81,,5979,140,,,0,42,,5980,140,,,0,83,,5981,140,,,0,86,,5983,140,,,0,86,,5962,140,,,0,113,,5989,140,0,8 6,0
3300,'Fête-2-01',613,,5990,140,,,0,40,,6018,140,,,0,81,,5999,140,,,0,80,,6009,140,,,0,40,,6012,140,,,0,79,,6013,140,,,0,80,,6014,140,,,0,42,,6015,140,,,0,81,,6016,140,,,0,83,,5991,140,,,0,83,,5992,140,,,0,43,,5993,140,,,0,82,,5994,140,,,0,82,,5995,140,,,0,46,,5996,140,,,0,85,,5997,140,,,0,85,,5998,140,,,0,84,,6000,140,,,0,44,,6001,140,,,0,83,,6002,140,,,0,82,,6003,140,,,0,40,,6004,140,,,0,80,,6005,140,,,0,80,,6006,140,,,0,40,,6007,140,,,0,80,,6008,140,,,0,80,,6010,140,,,0,40,,6011,140,,,0,96,,6017,90,0,8 6,0
3300,'Samedi-01',606,,6021,140,,,0,41,,6019,140,,,0,81,,6030,140,,,0,82,,6040,140,,,0,42,,6042,140,,,0,84,,6043,140,,,0,81,,6044,140,,,0,42,,6045,140,,,0,82,,6046,140,,,0,82,,6022,140,,,0,82,,6023,140,,,0,42,,6024,140,,,0,82,,6025,140,,,0,82,,6026,140,,,0,42,,6027,140,,,0,82,,6028,140,,,0,82,,6029,140,,,0,85,,6031,140,,,0,39,,6032,140,,,0,82,,6033,140,,,0,82,,6034,140,,,0,39,,6035,140,,,0,82,,6036,140,,,0,81,,6037,140,,,0,42,,6038,140,,,0,83,,6039,140,,,0,86,,6041,140,,,0,86,,6020,140,,,0,113,,6047,140,0,8 6,0
3300,'Semaine-01',613,,6048,140,,,0,40,,6076,140,,,0,81,,6057,140,,,0,80,,6067,140,,,0,40,,6070,140,,,0,79,,6071,140,,,0,80,,6072,140,,,0,42,,6073,140,,,0,81,,6074,140,,,0,83,,6049,140,,,0,83,,6050,140,,,0,43,,6051,140,,,0,82,,6052,140,,,0,82,,6053,140,,,0,46,,6054,140,,,0,85,,6055,140,,,0,85,,6056,140,,,0,84,,6058,140,,,0,44,,6059,140,,,0,83,,6060,140,,,0,82,,6061,140,,,0,40,,6062,140,,,0,80,,6063,140,,,0,80,,6064,140,,,0,40,,6065,140,,,0,80,,6066,140,,,0,80,,6068,140,,,0,40,,6069,140,,,0,96,,6075,90,0,8 6,0
9001,'Semaine-01',1845,,6080,170,,,0
