101,'Dimanche-01',742,,5325,320,,,0,206,,5326,320,,,0,171,,5327,320,,,0,133,,5328,320,,,0,167,,5329,320,,,0,120,,5330,320,,,0,120,,5331,320,,,0,160,,5332,320,,,0,117,,5333,320,,,0,174,,5334,320,,,0,114,,5335,320,,,0,113,,5336,320,,,0
101,'Fête-1-01',742,,5337,320,,,0,206,,5338,320,,,0,171,,5339,320,,,0,133,,5340,320,,,0,167,,5341,320,,,0,120,,5342,320,,,0,120,,5343,320,,,0,160,,5344,320,,,0,117,,5345,320,,,0,174,,5346,320,,,0,114,,5347,320,,,0,113,,5348,320,,,0
101,'Fête-2-01',641,,5349,320,,,0,101,,5358,320,,,0,70,,5360,320,,,0,90,,5361,320,,,0,111,,5362,320,,,0,105,,5363,320,,,0,95,,5365,320,,,0,104,,5364,320,,,0,106,,5366,320,,,0,81,,5350,320,,,0,103,,5351,320,,,0,96,,5352,320,,,0,107,,5353,320,,,0,34,,5354,320,,,0,103,,5355,320,,,0,83,,5356,320,,,0,173,,5357,320,,,0,135,,5359,320,,,0
101,'Samedi-01',742,,5367,320,,,0,206,,5368,320,,,0,171,,5369,320,,,0,133,,5370,320,,,0,167,,5371,320,,,0,120,,5372,320,,,0,120,,5373,320,,,0,160,,5374,320,,,0,117,,5375,320,,,0,174,,5376,320,,,0,114,,5377,320,,,0,113,,5378,320,,,0
101,'Semaine-01',636,,5397,190,,,0,5,,5379,320,,,0,101,,5388,320,,,0,70,,5390,320,,,0,90,,5391,320,,,0,111,,5392,320,,,0,105,,5393,320,,,0,95,,5395,320,,,0,104,,5394,320,,,0,106,,5396,320,,,0,81,,5380,320,,,0,103,,5381,320,,,0,96,,5382,320,,,0,107,,5383,320,,,0,34,,5384,320,,,0,103,,5385,320,,,0,83,,5386,320,,,0,173,,5387,320,,,0,135,,5389,320,,,0
2301,'Fête-2-01',1603,,5555,330,,,0,25,,5556,330,,,0,30,,5557,330,,,0,70,,5558,330,,,0,28,,5559,330,,,0,69,,5560,330,,,0,29,,5561,330,,,0
2301,'Semaine-01',1603,,5562,330,,,0,25,,5563,330,,,0,30,,5564,330,,,0,70,,5565,330,,,0,28,,5566,330,,,0,69,,5567,330,,,0,29,,5568,330,,,0
3300,'Dimanche-01',552,,5934,230,,,0,82,,5932,230,,,0,91,,5943,230,,,0,81,,5953,230,,,0,43,,5955,230,,,0,93,,5956,230,,,0,80,,5957,230,,,0,80,,5958,230,,,0,40,,5959,230,,,0,80,,5935,230,,,0,80,,5936,230,,,0,39,,5937,230,,,0,80,,5938,230,,,0,80,,5939,230,,,0,39,,5940,230,,,0,79,,5941,230,,,0,39,,5942,230,,,0,79,,5944,230,,,0,79,,5945,230,,,0,40,,5946,230,,,0,87,,5947,230,,,0,85,,5948,230,,,0,85,,5949,230,,,0,87,,5950,230,,,0,46,,5951,230,,,0,83,,5952,230,,,0,88,,5933,230,,,0,83,,5954,230,,,0,119,,5960,230,0,8 6,0
3300,'Fête-1-01',612,,5963,230,,,0,41,,5961,230,,,0,82,,5972,230,,,0,82,,5982,230,,,0,42,,5984,230,,,0,84,,5985,230,,,0,81,,5986,230,,,0,82,,5987,230,,,0,42,,5988,230,,,0,82,,5964,230,,,0,82,,5965,230,,,0,42,,5966,230,,,0,82,,5967,230,,,0,82,,5968,230,,,0,82,,5969,230,,,0,42,,5970,230,,,0,82,,5971,230,,,0,85,,5973,230,,,0,39,,5974,230,,,0,82,,5975,230,,,0,82,,5976,230,,,0,39,,5977,230,,,0,81,,5978,230,,,0,81,,5979,230,,,0,42,,5980,230,,,0,83,,5981,230,,,0,86,,5983,230,,,0,86,,5962,230,,,0,113,,5989,230,0,8 6,0
3300,'Fête-2-01',619,,5990,230,,,0,40,,6018,230,,,0,81,,5999,230,,,0,80,,6009,230,,,0,80,,6012,230,,,0,40,,6013,230,,,0,80,,6014,230,,,0,82,,6015,230,,,0,41,,6016,230,,,0,83,,5991,230,,,0,83,,5992,230,,,0,43,,5993,230,,,0,82,,5994,230,,,0,83,,5995,230,,,0,86,,5996,230,,,0,45,,5997,230,,,0,85,,5998,230,,,0,84,,6000,230,,,0,83,,6001,230,,,0,43,,6002,230,,,0,82,,6003,230,,,0,80,,6004,230,,,0,40,,6005,230,,,0,79,,6006,230,,,0,80,,6007,230,,,0,40,,6008,230,,,0,80,,6010,230,,,0,80,,6011,230,,,0,96,,6017,180,0,8 6,0
3300,'Samedi-01',612,,6021,230,,,0,41,,6019,230,,,0,82,,6030,230,,,0,82,,6040,230,,,0,42,,6042,230,,,0,84,,6043,230,,,0,81,,6044,230,,,0,82,,6045,230,,,0,42,,6046,230,,,0,82,,6022,230,,,0,82,,6023,230,,,0,42,,6024,230,,,0,82,,6025,230,,,0,82,,6026,230,,,0,82,,6027,230,,,0,42,,6028,230,,,0,82,,6029,230,,,0,85,,6031,230,,,0,39,,6032,230,,,0,82,,6033,230,,,0,82,,6034,230,,,0,39,,6035,230,,,0,81,,6036,230,,,0,81,,6037,230,,,0,42,,6038,230,,,0,83,,6039,230,,,0,86,,6041,230,,,0,86,,6020,230,,,0,113,,6047,230,0,8 6,0
3300,'Semaine-01',619,,6048,230,,,0,40,,6076,230,,,0,81,,6057,230,,,0,80,,6067,230,,,0,80,,6070,230,,,0,40,,6071,230,,,0,80,,6072,230,,,0,82,,6073,230,,,0,41,,6074,230,,,0,83,,6049,230,,,0,83,,6050,230,,,0,43,,6051,230,,,0,82,,6052,230,,,0,83,,6053,230,,,0,86,,6054,230,,,0,45,,6055,230,,,0,85,,6056,230,,,0,84,,6058,230,,,0,83,,6059,230,,,0,43,,6060,230,,,0,82,,6061,230,,,0,80,,6062,230,,,0,40,,6063,230,,,0,79,,6064,230,,,0,80,,6065,230,,,0,40,,6066,230,,,0,80,,6068,230,,,0,80,,6069,230,,,0,96,,6075,180,0,8 6,0
9001,'Semaine-01',1849,,6080,230,,,0
