1,100,'Dimanche-01',5253,5254,5255,5256,5257,5258,5259,5260,5261,5262,5263,5264
1,100,'Samedi-01',5295,5296,5297,5298,5299,5300,5301,5302,5303,5304,5305,5306
1,100,'Semaine-01',5307,5308,5309,5310,5311,5312,5313,5314,5315,5316,5317,5318,5319,5320,5321,5322,5323,5324
1,101,'Dimanche-01',5325,5326,5327,5328,5329,5330,5331,5332,5333,5334,5335,5336
1,101,'Samedi-01',5367,5368,5369,5370,5371,5372,5373,5374,5375,5376,5377,5378
1,101,'Semaine-01',5379,5380,5381,5382,5383,5384,5385,5386,5387,5388,5389,5390,5391,5392,5393,5394,5395,5396,5397
20,2000,'Dimanche-01',5398,5399,5400,5401,5402,5403,5404,5405
20,2000,'Samedi-01',5423,5424,5425,5426,5427,5428,5429,5430
20,2000,'Semaine-01',5431,5432,5433,5434,5435,5436,5437,5438,5439
20,2000,'Semaine-01-0001100',5440,5441
20,2001,'Dimanche-01',5442,5443,5444,5445,5446,5447,5448,5449
20,2001,'Samedi-01',5467,5468,5469,5470,5471,5472,5473,5474
20,2001,'Semaine-01',5475,5476,5477,5478,5479,5480,5481,5482,5483
20,2001,'Semaine-01-0001100',5484,5485
21,2100,'Semaine-01',5492,5493,5494,5495,5496,5497
21,2101,'Semaine-01',5506,5507,5508,5509,5510,5511,5512,5513,5514
22,2200,'Semaine-01',5521,5522,5523,5524,5525,5526
22,2201,'Semaine-01',5533,5534,5535,5536,5537,5538
23,2300,'Semaine-01',5547,5548,5549,5550,5551,5552,5553,5554
23,2301,'Semaine-01',5562,5563,5564,5565,5566,5567,5568
24,2400,'Semaine-01',5574,5575,5576,5577,5578,5579
24,2401,'Semaine-01',5584,5585,5586,5587,5588
25,2500,'Semaine-01',5595,5596,5597,5598,5599,5600
25,2501,'Semaine-01',5607,5608,5609,5610,5611,5612
26,2600,'Semaine-01',5615,5616
27,2700,'Semaine-01',5627,5628,5629,5630,5631,5632,5633,5634,5635,5636
27,2701,'Semaine-01',5646,5647,5648,5649,5650,5651,5652,5653,5654
28,2800,'Semaine-01',5665,5666,5667,5668,5669,5670,5671,5672,5673,5674,5675,5676,5677,5678,5679,5680,5681
28,2801,'Semaine-01',5694,5695,5696,5697,5698,5699,5700,5701,5702,5703,5704,5705,5706,5707,5708,5709,5710
29,2901,'Semaine-01',5723,5724,5725,5726,5727,5728,5729,5730,5731,5732,5733,5734
31,3100,'Dimanche-01',5735,5736,5737,5738,5739,5740,5741,5742,5743,5744,5745
31,3100,'Samedi-01',5788,5789,5790,5791,5792,5793,5794,5795,5796,5797,5798,5799,5800,5801
31,3100,'Semaine-01',5802,5803,5804,5805,5806,5807,5808,5809,5810,5811,5812,5813,5814,5815,5816,5817,5818,5819,5820,5821,5822,5823,5824,5825,5826,5827,5828,5829
32,3200,'Dimanche-01',5830,5831,5832,5833,5834,5835,5836,5837,5838,5839,5840,5841
32,3200,'Samedi-01',5887,5888,5889,5890,5891,5892,5893,5894,5895,5896,5897,5898,5899,5900
32,3200,'Semaine-01',5901,5902,5903,5904,5905,5906,5907,5908,5909,5910,5911,5912,5913,5914,5915,5916,5917,5918,5919,5920,5921,5922,5923,5924,5925,5926,5927,5928,5929,5930,5931
33,3300,'Dimanche-01',5932,5933,5934,5935,5936,5937,5938,5939,5940,5941,5942,5943,5944,5945,5946,5947,5948,5949,5950,5951,5952,5953,5954,5955,5956,5957,5958,5959,5960
33,3300,'Samedi-01',6019,6020,6021,6022,6023,6024,6025,6026,6027,6028,6029,6030,6031,6032,6033,6034,6035,6036,6037,6038,6039,6040,6041,6042,6043,6044,6045,6046,6047
33,3300,'Semaine-01',6048,6049,6050,6051,6052,6053,6054,6055,6056,6057,6058,6059,6060,6061,6062,6063,6064,6065,6066,6067,6068,6069,6070,6071,6072,6073,6074,6075,6076
90,9000,'Semaine-01',6077,6078
90,9001,'Semaine-01',6079,6080,6081
98,9800,'Semaine-01',6095,6096,6097,6098,6099,6100,6101,6102,6103,6104,6105,6106,6107
111,11100,'Dimanche-01',6108,6109,6110,6111,6112,6113,6114,6115
111,11100,'Samedi-01',6138,6139,6140,6141,6142,6143,6144,6145
111,11100,'Semaine-01',6146,6147,6148,6149,6150,6151,6152,6153,6154,6155,6156,6157,6158,6159,6160,6161,6162,6163,6164,6165,6166,6167
111,11101,'Dimanche-01',6168,6169,6170,6171,6172,6173,6174,6175
111,11101,'Samedi-01',6200,6201,6202,6203,6204,6205,6206,6207
111,11101,'Semaine-01',6208,6209,6210,6211,6212,6213,6214,6215,6216,6217,6218,6219,6220,6221,6222,6223,6224,6225,6226,6227,6228
140,14001,'Dimanche-01',6229,6230,6231,6232,6233,6234,6235,6236,6237
140,14001,'Samedi-01',6260,6261,6262,6263,6264,6265,6266,6267,6268
140,14001,'Semaine-01',6269,6270,6271,6272,6273,6274,6275,6276,6277,6278,6279,6280,6281
20000001,2000000100,'Dimanche-01',6282,6283,6284,6285,6286,6287,6288,6289,6290,6291,6292,6293,6294,6295,6296,6297,6298,6299,6300,6301,6302,6303,6304,6305
20000001,2000000100,'Samedi-01',6366,6367,6368,6369,6370,6371,6372,6373,6374,6375,6376,6377,6378,6379,6380,6381,6382,6383,6384,6385,6386,6387,6388,6389
20000001,2000000100,'Semaine-01',6390,6391,6392,6393,6394,6395,6396,6397,6398,6399,6400,6401,6402,6403,6404,6405,6406,6407,6408,6409,6410,6411,6412,6413,6414,6415,6416,6417,6418,6419,6420,6421,6422,6423,6424,6425
20000019,2000001900,'Dimanche-01',6426,6427,6428,6429,6430,6431,6432,6433,6434,6435,6436,6437
20000019,2000001900,'Samedi-01',6468,6469,6470,6471,6472,6473,6474,6475,6476,6477,6478,6479
20000019,2000001900,'Semaine-01',6480,6481,6482,6483,6484,6485,6486,6487,6488,6489,6490,6491,6492,6493,6494,6495,6496,6497
20000019,2000001901,'Dimanche-01',6498,6499,6500,6501,6502,6503,6504,6505,6506,6507,6508,6509
20000019,2000001901,'Samedi-01',6540,6541,6542,6543,6544,6545,6546,6547,6548,6549,6550,6551
20000019,2000001901,'Semaine-01',6552,6553,6554,6555,6556,6557,6558,6559,6560,6561,6562,6563,6564,6565,6566,6567,6568,6569
20000020,2000002000,'Dimanche-01',6570,6571,6572,6573,6574,6575,6576,6577,6578,6579,6580,6581,6582,6583,6584,6585,6586,6587,6588,6589,6590,6591,6592,6593
20000020,2000002000,'Samedi-01',6649,6650,6651,6652,6653,6654,6655,6656,6657,6658,6659,6660,6661,6662,6663,6664,6665,6666,6667,6668,6669,6670,6671,6672
20000020,2000002000,'Semaine-01',6673,6674,6675,6676,6677,6678,6679,6680,6681,6682,6683,6684,6685,6686,6687,6688,6689,6690,6691,6692,6693,6694,6695,6696,6697,6698,6699,6700,6701,6702,6703
20000022,2000002200,'Dimanche-01',6704,6705,6706,6707,6708,6709,6710,6711,6712,6713,6714,6715,6716,6717,6718,6719,6720,6721,6722,6723,6724,6725,6726,6727,6728,6729,6730,6731
20000022,2000002200,'Samedi-01',6784,6785,6786,6787,6788,6789,6790,6791,6792,6793,6794,6795,6796,6797,6798,6799,6800,6801,6802,6803,6804,6805,6806,6807,6808,6809,6810,6811,6812
20000022,2000002200,'Semaine-01',6813,6814,6815,6816,6817,6818,6819,6820,6821,6822,6823,6824,6825,6826,6827,6828,6829,6830,6831,6832,6833,6834,6835
20000022,2000002201,'Dimanche-01',6836,6837,6838,6839,6840,6841,6842,6843,6844,6845,6846,6847,6848,6849,6850,6851,6852,6853,6854,6855,6856,6857,6858,6859,6860,6861,6862,6863,6864
20000022,2000002201,'Samedi-01',6918,6919,6920,6921,6922,6923,6924,6925,6926,6927,6928,6929,6930,6931,6932,6933,6934,6935,6936,6937,6938,6939,6940,6941,6942,6943,6944,6945,6946,6947
20000022,2000002201,'Semaine-01',6948,6949,6950,6951,6952,6953,6954,6955,6956,6957,6958,6959,6960,6961,6962,6963,6964,6965,6966,6967,6968,6969,6970
20000023,2000002300,'Dimanche-01',6971,6972,6973,6974,6975,6976,6977,6978,6979,6980,6981,6982,6983,6984,6985,6986,6987,6988,6989,6990,6991,6992,6993,6994,6995
20000023,2000002300,'Samedi-01',7051,7052,7053,7054,7055,7056,7057,7058,7059,7060,7061,7062,7063,7064,7065,7066,7067,7068,7069,7070,7071,7072,7073,7074,7075,7076,7077
20000023,2000002300,'Semaine-01',7078,7079,7080,7081,7082,7083,7084,7085,7086,7087,7088,7089,7090,7091,7092,7093,7094,7095,7096,7097,7098,7099,7100,7101,7102,7103,7104,7105
20000023,2000002301,'Dimanche-01',7106,7107,7108,7109,7110,7111,7112,7113,7114,7115,7116,7117,7118,7119,7120,7121,7122,7123,7124,7125,7126,7127,7128,7129,7130
20000023,2000002301,'Samedi-01',7187,7188,7189,7190,7191,7192,7193,7194,7195,7196,7197,7198,7199,7200,7201,7202,7203,7204,7205,7206,7207,7208,7209,7210,7211,7212,7213
20000023,2000002301,'Semaine-01',7214,7215,7216,7217,7218,7219,7220,7221,7222,7223,7224,7225,7226,7227,7228,7229,7230,7231,7232,7233,7234,7235,7236,7237,7238,7239,7240,7241,7242
20000025,2000002500,'Dimanche-01',7243,7244,7245,7246,7247,7248,7249,7250,7251,7252,7253,7254,7255,7256,7257,7258,7259,7260,7261,7262,7263,7264,7265,7266,7267,7268,7269,7270,7271,7272,7273,7274,7275,7276
20000025,2000002500,'Samedi-01',7341,7342,7343,7344,7345,7346,7347,7348,7349,7350,7351,7352,7353,7354,7355,7356,7357,7358,7359,7360,7361,7362,7363,7364,7365,7366,7367,7368,7369,7370,7371,7372,7373
20000025,2000002500,'Semaine-01',7374,7375,7376,7377,7378,7379,7380,7381,7382,7383,7384,7385,7386,7387,7388,7389,7390,7391,7392,7393,7394,7395,7396,7397,7398,7399,7400,7401,7402,7403,7404
20000027,2000002700,'Dimanche-01',7405,7406,7407,7408,7409,7410,7411,7412,7413,7414,7415,7416,7417,7418,7419,7420,7421,7422,7423,7424,7425,7426,7427,7428,7429,7430,7431,7432,7433
20000027,2000002700,'Samedi-01',7486,7487,7488,7489,7490,7491,7492,7493,7494,7495,7496,7497,7498,7499,7500,7501,7502,7503,7504,7505,7506,7507,7508,7509,7510,7511,7512,7513,7514,7515
20000027,2000002700,'Semaine-01',7516,7517,7518,7519,7520,7521,7522,7523,7524,7525,7526,7527,7528,7529,7530,7531,7532,7533,7534,7535,7536,7537
20000027,2000002701,'Dimanche-01',7538,7539,7540,7541,7542,7543,7544,7545,7546,7547,7548,7549,7550,7551,7552,7553,7554,7555,7556,7557,7558,7559,7560,7561,7562,7563,7564,7565
20000027,2000002701,'Samedi-01',7615,7616,7617,7618,7619,7620,7621,7622,7623,7624,7625,7626,7627,7628,7629,7630,7631,7632,7633,7634,7635,7636,7637,7638,7639,7640,7641,7642,7643
20000027,2000002701,'Semaine-01',7644,7645,7646,7647,7648,7649,7650,7651,7652,7653,7654,7655,7656,7657,7658,7659,7660,7661,7662,7663
20000029,2000002900,'Dimanche-01',7664,7665,7666,7667,7668,7669,7670,7671,7672,7673,7674,7675,7676,7677,7678,7679,7680,7681,7682,7683,7684,7685,7686,7687,7688,7689,7690,7691,7692,7693,7694,7695,7696,7697,7698,7699,7700,7701,7702,7703,7704,7705
20000029,2000002900,'Samedi-01',7792,7793,7794,7795,7796,7797,7798,7799,7800,7801,7802,7803,7804,7805,7806,7807,7808,7809,7810,7811,7812,7813,7814,7815,7816,7817,7818,7819,7820,7821,7822,7823,7824,7825,7826,7827,7828,7829,7830,7831,7832
20000029,2000002900,'Semaine-01',7833,7834,7835,7836,7837,7838,7839,7840,7841,7842,7843,7844,7845,7846,7847,7848,7849,7850,7851,7852,7853,7854,7855,7856,7857,7858,7859,7860,7861,7862,7863,7864,7865,7866,7867,7868,7869,7870,7871,7872,7873,7874,7875,7876,7877
