101,'Dimanche-04',712,,4408,20,,,0,205,,4409,20,,,0,130,,4410,20,,,0,170,,4411,20,,,0,125,,4412,20,,,0,160,,4413,20,,,0,120,,4414,20,,,0,120,,4415,20,,,0,160,,4416,20,,,0,135,,4417,20,,,0,115,,4418,20,,,0,155,,4419,20,,,0
101,'Samedi-04',712,,4420,20,,,0,205,,4421,20,,,0,130,,4422,20,,,0,170,,4423,20,,,0,125,,4424,20,,,0,160,,4425,20,,,0,120,,4426,20,,,0,120,,4427,20,,,0,160,,4428,20,,,0,135,,4429,20,,,0,115,,4430,20,,,0,155,,4431,20,,,0
101,'Semaine-03',607,,2704,20,,,0,100,,2713,20,,,0,30,,2715,20,,,0,90,,2716,20,,,0,110,,2717,20,,,0,105,,2718,20,,,0,95,,2720,20,,,0,100,,2719,20,,,0,106,,2721,20,,,0,80,,2705,20,,,0,100,,2706,20,,,0,100,,2707,20,,,0,109,,2708,20,,,0,75,,2709,20,,,0,105,,2710,20,,,0,45,,2711,20,,,0,175,,2712,20,,,0,175,,2714,20,,,0
2101,'Semaine-03',641,,2809,20,0,5 6,0,79,,2810,20,0,5 6,0,81,,2811,20,0,5 6,0,753,,2803,20,,,0,63,,2804,20,,,0,27,,2805,20,,,0,65,,2806,20,,,0,25,,2807,20,,,0,68,,2808,20,,,0
2301,'Semaine-03',1527,,2859,20,,,0,25,,2860,20,,,0,70,,2861,20,,,0,30,,2862,20,,,0,70,,2863,20,,,0,30,,2864,20,,,0,70,,2865,20,,,0
2501,'Semaine-03',1532,,2905,20,,,0,80,,2906,20,,,0,35,,2907,20,,,0,80,,2908,20,,,0,80,,2909,20,,,0,30,,2910,20,,,0
3100,'Dimanche-04',647,,4473,20,,,0,254,,4474,20,,,0,238,,4472,20,,,0,163,,4465,20,,,0,120,,4466,20,,,0,118,,4467,20,,,0,118,,4468,20,,,0,159,,4469,20,,,0,127,,4470,20,,,0,262,,4464,20,,,0,216,,4471,20,,,0
3100,'Samedi-04',536,,4476,20,,,0,83,,4487,20,,,0,200,,4488,20,,,0,125,,4485,20,,,0,164,,4475,20,,,0,124,,4486,20,,,0,124,,4477,20,,,0,164,,4478,20,,,0,124,,4479,20,,,0,164,,4480,20,,,0,124,,4481,20,,,0,68,,4482,20,,,0,216,,4483,20,,,0,216,,4484,20,,,0
3100,'Semaine-03',542,,3099,20,,,0,80,,3075,20,,,0,79,,3085,20,,,0,40,,3100,20,,,0,80,,3094,20,,,0,80,,3095,20,,,0,40,,3096,20,,,0,81,,3102,20,,,0,81,,3097,20,,,0,43,,3098,20,,,0,83,,3076,20,,,0,83,,3077,20,,,0,42,,3078,20,,,0,81,,3079,20,,,0,84,,3080,20,,,0,84,,3081,20,,,0,45,,3082,20,,,0,87,,3083,20,,,0,86,,3084,20,,,0,85,,3086,20,,,0,42,,3087,20,,,0,80,,3088,20,,,0,80,,3089,20,,,0,40,,3090,20,,,0,80,,3091,20,,,0,80,,3092,20,,,0,41,,3093,20,,,0,161,,3101,20,0,5 6,0
3200,'Dimanche-04',537,,4489,20,,,0,214,,4494,20,,,0,261,,4497,20,,,0,192,,4498,20,,,0,119,,4490,20,,,0,122,,4500,20,,,0,160,,4491,20,,,0,119,,4493,20,,,0,118,,4492,20,,,0,216,,4495,20,,,0,256,,4496,20,,,0,213,,4499,20,0,6,0
3200,'Samedi-04',649,,4507,20,,,0,77,,4502,20,,,0,120,,4510,20,,,0,161,,4511,20,,,0,124,,4512,20,,,0,124,,4503,20,,,0,164,,4514,20,,,0,124,,4504,20,,,0,168,,4505,20,,,0,120,,4506,20,,,0,277,,4508,20,,,0,216,,4509,20,,,0,212,,4513,20,0,6,0
3200,'Semaine-03',607,,3173,20,,,0,38,,3148,20,,,0,78,,3176,20,,,0,79,,3159,20,,,0,40,,3167,20,,,0,83,,3168,20,,,0,81,,3169,20,,,0,41,,3170,20,,,0,83,,3171,20,,,0,82,,3172,20,,,0,43,,3149,20,,,0,82,,3150,20,,,0,81,,3151,20,,,0,84,,3175,20,,,0,45,,3153,20,,,0,84,,3154,20,,,0,86,,3155,20,,,0,87,,3156,20,,,0,43,,3157,20,,,0,84,,3158,20,,,0,81,,3160,20,,,0,40,,3161,20,,,0,80,,3162,20,,,0,80,,3163,20,,,0,40,,3164,20,,,0,83,,3165,20,,,0,80,,3166,20,,,0,112,,3174,20,0,6,0
9800,'Semaine-03',719,,3279,20,,,0,103,,3283,20,,,0,105,,3284,20,,,0,505,,3285,20,,,0,105,,3286,20,,,0,105,,3287,20,,,0,105,,3288,20,,,0,105,,3289,20,,,0,99,,3290,20,,,0,100,,3280,20,,,0,90,,3281,20,,,0,90,,3282,20,,,0
11101,'Dimanche-04',855,,4590,20,,,0,187,,4589,20,,,0,295,,4591,20,,,0,288,,4592,20,,,0,305,,4593,20,,,0
11101,'Samedi-04',855,,4598,20,,,0,187,,4597,20,,,0,295,,4599,20,,,0,288,,4600,20,,,0,305,,4601,20,,,0
11101,'Semaine-03',627,,3371,20,,,0,95,,3378,20,,,0,130,,3379,20,,,0,95,,3376,20,,,0,190,,3381,20,,,0,265,,3362,20,,,0,120,,3365,20,,,0,110,,3373,20,,,0,110,,3374,20,,,0,95,,3375,20,,,0,75,,3364,30,,,0,305,,3377,20,,,0
