100,'Dimanche-01',607,,5264,180,,,0,200,,5253,180,,,0,125,,5254,180,,,0,170,,5255,180,,,0,125,,5256,180,,,0,124,,5257,180,,,0,160,,5258,180,,,0,120,,5259,180,,,0,124,,5260,180,,,0,175,,5261,180,,,0,115,,5262,180,,,0,155,,5263,180,,,0
100,'Samedi-01',607,,5306,180,,,0,200,,5295,180,,,0,125,,5296,180,,,0,170,,5297,180,,,0,125,,5298,180,,,0,124,,5299,180,,,0,160,,5300,180,,,0,120,,5301,180,,,0,124,,5302,180,,,0,175,,5303,180,,,0,115,,5304,180,,,0,155,,5305,180,,,0
100,'Semaine-01',451,,5307,180,,,0,103,,5308,180,,,0,65,,5309,180,,,0,81,,5310,180,,,0,119,,5311,180,,,0,105,,5314,180,,,0,94,,5323,180,,,0,101,,5315,180,,,0,100,,5324,180,,,0,38,,5316,180,,,0,102,,5317,180,,,0,100,,5321,180,,,0,150,,5318,180,,,0,35,,5319,180,,,0,108,,5312,180,,,0,95,,5313,180,,,0,173,,5322,180,,,0,185,,5320,180,,,0
2000,'Dimanche-01',704,,5398,220,,,0,12,,5398,460,,,0,112,,5399,220,,,0,12,,5399,460,,,0,114,,5400,220,,,0,52,,5400,460,,,0,113,,5401,220,,,0,12,,5401,460,,,0,113,,5402,220,,,0,12,,5402,460,,,0,152,,5403,220,,,0,12,,5403,460,,,0,113,,5404,220,,,0,12,,5404,460,,,0,113,,5405,220,,,0,52,,5405,460,,,0
2000,'Samedi-01',704,,5423,220,,,0,12,,5423,460,,,0,112,,5424,220,,,0,12,,5424,460,,,0,114,,5425,220,,,0,52,,5425,460,,,0,113,,5426,220,,,0,12,,5426,460,,,0,113,,5427,220,,,0,12,,5427,460,,,0,152,,5428,220,,,0,12,,5428,460,,,0,113,,5429,220,,,0,12,,5429,460,,,0,113,,5430,220,,,0,52,,5430,460,,,0
2000,'Semaine-01',647,,5431,220,,,0,12,,5431,460,,,0,153,,5432,220,,,0,12,,5432,460,,,0,113,,5433,220,,,0,12,,5433,460,,,0,154,,5434,220,,,0,12,,5434,460,,,0,114,,5435,220,,,0,12,,5435,460,,,0,113,,5436,220,,,0,52,,5436,460,,,0,114,,5437,220,,,0,12,,5437,460,,,0,114,,5438,220,,,0,12,,5438,460,,,0,154,,5439,220,,,0,12,,5439,460,,,0
2000,'Semaine-01-0001100',1937,,5441,220,,,0,12,,5441,460,,,0,152,,5440,220,,,0,12,,5440,460,,,0
2000002000,'Dimanche-01',543,,6570,130,0,11 13,0,170,,6571,130,0,11 13,0,31,,6582,30,,,0,13,,6582,160,,,0,86,,6572,130,0,11 13,0,71,,6583,30,,,0,13,,6583,160,,,0,86,,6573,130,0,11 13,0,32,,6584,30,,,0,13,,6584,160,,,0,86,,6574,130,0,11 13,0,72,,6585,30,,,0,13,,6585,160,,,0,85,,6575,130,0,11 13,0,32,,6586,30,,,0,13,,6586,160,,,0,85,,6576,130,0,11 13,0,72,,6587,30,,,0,13,,6587,160,,,0,85,,6577,130,0,11 13,0,32,,6588,30,,,0,13,,6588,160,,,0,85,,6578,130,0,11 13,0,72,,6589,30,,,0,13,,6589,160,,,0,85,,6579,130,0,11 13,0,31,,6590,30,,,0,13,,6590,160,,,0,86,,6580,130,0,11 13,0,71,,6591,30,,,0,13,,6591,160,,,0,86,,6581,130,0,11 13,0,31,,6592,30,,,0,13,,6592,160,,,0,157,,6593,30,,,0,13,,6593,160,,,0
2000002000,'Samedi-01',543,,6649,130,0,11 13,0,170,,6650,130,0,11 13,0,31,,6661,30,,,0,13,,6661,160,,,0,86,,6651,130,0,11 13,0,71,,6662,30,,,0,13,,6662,160,,,0,86,,6652,130,0,11 13,0,32,,6663,30,,,0,13,,6663,160,,,0,86,,6653,130,0,11 13,0,72,,6664,30,,,0,13,,6664,160,,,0,85,,6654,130,0,11 13,0,32,,6665,30,,,0,13,,6665,160,,,0,85,,6655,130,0,11 13,0,72,,6666,30,,,0,13,,6666,160,,,0,85,,6656,130,0,11 13,0,32,,6667,30,,,0,13,,6667,160,,,0,85,,6657,130,0,11 13,0,72,,6668,30,,,0,13,,6668,160,,,0,85,,6658,130,0,11 13,0,31,,6669,30,,,0,13,,6669,160,,,0,86,,6659,130,0,11 13,0,71,,6670,30,,,0,13,,6670,160,,,0,86,,6660,130,0,11 13,0,31,,6671,30,,,0,13,,6671,160,,,0,157,,6672,30,,,0,13,,6672,160,,,0
2000002000,'Semaine-01',448,,6674,130,0,11 13,0,74,,6673,130,0,11 13,0,9,,6675,30,0,11 13,0,20,,6675,180,0,11 13,0,65,,6676,130,0,11 13,0,20,,6692,30,,,0,20,,6692,180,,,0,78,,6693,30,,,0,20,,6693,180,,,0,48,,6694,30,,,0,13,,6694,160,,,0,99,,6679,130,0,11 13,0,18,,6695,30,,,0,13,,6695,160,,,0,69,,6680,130,0,11 13,0,21,,6696,30,,,0,13,,6696,160,,,0,66,,6681,130,0,11 13,0,21,,6697,30,,,0,13,,6697,160,,,0,61,,6682,130,0,11 13,0,21,,6698,30,,,0,13,,6698,160,,,0,61,,6683,130,0,11 13,0,30,,6699,30,,,0,13,,6699,160,,,0,67,,6684,130,0,11 13,0,22,,6700,30,,,0,20,,6700,180,,,0,3,,6685,30,0,11 13,0,60,,6685,180,0,11 13,0,12,,6701,30,,,0,13,,6701,160,,,0,70,,6686,130,0,11 13,0,16,,6702,30,,,0,20,,6702,180,,,0,85,,6703,30,,,0,13,,6703,160,,,0,87,,6690,30,,,0,13,,6690,160,,,0,61,,6689,30,,,0,13,,6689,160,,,0,80,,6688,30,,,0,13,,6688,160,,,0,40,,6687,30,,,0,53,,6687,160,,,0,50,,6691,130,0,11 13,0,60,,6678,30,,,0,13,,6678,160,,,0,126,,6677,30,,,0,53,,6677,160,,,0
