101,'Dimanche-01',801,,5325,590,,,0,206,,5326,590,,,0,131,,5327,590,,,0,173,,5328,590,,,0,127,,5329,590,,,0,120,,5330,590,,,0,160,,5331,590,,,0,120,,5332,590,,,0,117,,5333,590,,,0,174,,5334,590,,,0,114,,5335,590,,,0,113,,5336,590,,,0
101,'Samedi-01',801,,5367,590,,,0,206,,5368,590,,,0,131,,5369,590,,,0,173,,5370,590,,,0,127,,5371,590,,,0,120,,5372,590,,,0,160,,5373,590,,,0,120,,5374,590,,,0,117,,5375,590,,,0,174,,5376,590,,,0,114,,5377,590,,,0,113,,5378,590,,,0
101,'Semaine-01',656,,5397,460,,,0,45,,5379,590,,,0,101,,5388,590,,,0,30,,5390,590,,,0,90,,5391,590,,,0,110,,5392,590,,,0,105,,5393,590,,,0,95,,5395,590,,,0,105,,5394,590,,,0,106,,5396,590,,,0,81,,5380,590,,,0,105,,5381,590,,,0,96,,5382,590,,,0,105,,5383,590,,,0,74,,5384,590,,,0,103,,5385,590,,,0,43,,5386,590,,,0,173,,5387,590,,,0,134,,5389,590,,,0
2001,'Dimanche-01',733,,5442,90,,,0,11,,5442,330,,,0,113,,5443,90,,,0,51,,5443,330,,,0,115,,5444,90,,,0,11,,5444,330,,,0,114,,5445,90,,,0,11,,5445,330,,,0,154,,5446,90,,,0,11,,5446,330,,,0,114,,5447,90,,,0,12,,5447,330,,,0,153,,5448,90,,,0,12,,5448,330,,,0,113,,5449,90,,,0,12,,5449,330,,,0
2001,'Samedi-01',733,,5467,90,,,0,11,,5467,330,,,0,113,,5468,90,,,0,51,,5468,330,,,0,115,,5469,90,,,0,11,,5469,330,,,0,114,,5470,90,,,0,11,,5470,330,,,0,154,,5471,90,,,0,11,,5471,330,,,0,114,,5472,90,,,0,12,,5472,330,,,0,153,,5473,90,,,0,12,,5473,330,,,0,113,,5474,90,,,0,12,,5474,330,,,0
2001,'Semaine-01',718,,5475,90,,,0,12,,5475,330,,,0,113,,5476,90,,,0,13,,5476,330,,,0,152,,5477,90,,,0,12,,5477,330,,,0,114,,5478,90,,,0,12,,5478,330,,,0,154,,5479,90,,,0,12,,5479,330,,,0,113,,5480,90,,,0,12,,5480,330,,,0,114,,5481,90,,,0,52,,5481,330,,,0,114,,5482,90,,,0,12,,5482,330,,,0,114,,5483,90,,,0,11,,5483,330,,,0
2001,'Semaine-01-0001100',2006,,5485,90,,,0,11,,5485,330,,,0,113,,5484,90,,,0,11,,5484,330,,,0
2801,'Semaine-01',1708,,5695,480,0,23,0,44,,5694,480,,,0,68,,5696,480,0,23,0
2000002000,'Dimanche-01',743,,6582,10,,,0,170,,6583,10,,,0,131,,6584,10,,,0,171,,6585,10,,,0,130,,6586,10,,,0,170,,6587,10,,,0,130,,6588,10,,,0,170,,6589,10,,,0,129,,6590,10,,,0,170,,6591,10,,,0,130,,6592,10,,,0,170,,6593,10,,,0
2000002000,'Samedi-01',743,,6661,10,,,0,170,,6662,10,,,0,131,,6663,10,,,0,171,,6664,10,,,0,130,,6665,10,,,0,170,,6666,10,,,0,130,,6667,10,,,0,170,,6668,10,,,0,129,,6669,10,,,0,170,,6670,10,,,0,130,,6671,10,,,0,170,,6672,10,,,0
2000002000,'Semaine-01',530,,6675,10,0,11 13,0,105,,6692,10,,,0,98,,6693,10,,,0,68,,6694,10,,,0,130,,6695,10,,,0,103,,6696,10,,,0,100,,6697,10,,,0,95,,6698,10,,,0,104,,6699,10,,,0,102,,6700,10,,,0,23,,6685,10,0,11 13,0,72,,6701,10,,,0,99,,6702,10,,,0,105,,6703,10,,,0,100,,6690,10,,,0,74,,6689,10,,,0,93,,6688,10,,,0,53,,6687,10,,,0,163,,6678,10,,,0,139,,6677,10,,,0
