101,'Dimanche-01',734,,5325,160,,,0,205,,5326,160,,,0,170,,5327,160,,,0,133,,5328,160,,,0,166,,5329,160,,,0,120,,5330,160,,,0,120,,5331,160,,,0,160,,5332,160,,,0,119,,5333,160,,,0,174,,5334,160,,,0,114,,5335,160,,,0,114,,5336,160,,,0
101,'Samedi-01',734,,5367,160,,,0,205,,5368,160,,,0,170,,5369,160,,,0,133,,5370,160,,,0,166,,5371,160,,,0,120,,5372,160,,,0,120,,5373,160,,,0,160,,5374,160,,,0,119,,5375,160,,,0,174,,5376,160,,,0,114,,5377,160,,,0,114,,5378,160,,,0
101,'Semaine-01',628,,5397,30,,,0,5,,5379,160,,,0,100,,5388,160,,,0,70,,5390,160,,,0,50,,5391,160,,,0,151,,5392,160,,,0,105,,5393,160,,,0,95,,5395,160,,,0,101,,5394,160,,,0,106,,5396,160,,,0,41,,5380,160,,,0,102,,5381,160,,,0,96,,5382,160,,,0,109,,5383,160,,,0,74,,5384,160,,,0,104,,5385,160,,,0,84,,5386,160,,,0,134,,5387,160,,,0,175,,5389,160,,,0
2100,'Semaine-01',525,,5492,10,,,0,30,,5493,10,,,0,70,,5494,10,,,0,75,,5495,10,,,0,30,,5496,10,,,0,75,,5497,10,,,0
2101,'Semaine-01',1622,,5506,160,,,0,23,,5507,160,,,0,66,,5508,160,,,0,24,,5509,160,,,0,65,,5510,160,,,0,28,,5511,160,,,0
2801,'Semaine-01',1357,,5697,100,0,22,0,188,,5703,100,0,22,0,57,,5706,100,0,22,0,15,,5710,100,0,22,0,12,,5707,100,0,22,0,15,,5695,100,0,23,0,5,,5708,100,0,22,0,10,,5709,100,0,22,0,50,,5698,100,0,22,0,9,,5699,100,0,22,0,10,,5694,100,,,0,10,,5700,100,0,22,0,8,,5701,100,0,22,0,10,,5696,100,0,23,0,54,,5702,100,0,22,0,11,,5704,100,0,22,0,25,,5705,100,0,22,0
3300,'Dimanche-01',540,,5934,30,,,0,82,,5932,30,,,0,90,,5943,30,,,0,41,,5953,30,,,0,83,,5955,30,,,0,93,,5956,30,,,0,80,,5957,30,,,0,40,,5958,30,,,0,80,,5959,30,,,0,80,,5935,30,,,0,40,,5936,30,,,0,79,,5937,30,,,0,80,,5938,30,,,0,40,,5939,30,,,0,79,,5940,30,,,0,79,,5941,30,,,0,39,,5942,30,,,0,79,,5944,30,,,0,79,,5945,30,,,0,40,,5946,30,,,0,87,,5947,30,,,0,85,,5948,30,,,0,86,,5949,30,,,0,47,,5950,30,,,0,86,,5951,30,,,0,83,,5952,30,,,0,88,,5933,30,,,0,43,,5954,30,,,0,159,,5960,30,0,8 6,0
3300,'Samedi-01',600,,6021,30,,,0,41,,6019,30,,,0,81,,6030,30,,,0,82,,6040,30,,,0,42,,6042,30,,,0,84,,6043,30,,,0,81,,6044,30,,,0,42,,6045,30,,,0,82,,6046,30,,,0,82,,6022,30,,,0,42,,6023,30,,,0,82,,6024,30,,,0,82,,6025,30,,,0,82,,6026,30,,,0,42,,6027,30,,,0,82,,6028,30,,,0,82,,6029,30,,,0,45,,6031,30,,,0,79,,6032,30,,,0,82,,6033,30,,,0,42,,6034,30,,,0,79,,6035,30,,,0,82,,6036,30,,,0,81,,6037,30,,,0,42,,6038,30,,,0,83,,6039,30,,,0,86,,6041,30,,,0,46,,6020,30,,,0,153,,6047,30,0,8 6,0
3300,'Semaine-01',607,,6048,30,,,0,40,,6076,30,,,0,80,,6057,30,,,0,80,,6067,30,,,0,40,,6070,30,,,0,80,,6071,30,,,0,80,,6072,30,,,0,41,,6073,30,,,0,81,,6074,30,,,0,83,,6049,30,,,0,43,,6050,30,,,0,83,,6051,30,,,0,82,,6052,30,,,0,82,,6053,30,,,0,45,,6054,30,,,0,85,,6055,30,,,0,85,,6056,30,,,0,85,,6058,30,,,0,45,,6059,30,,,0,83,,6060,30,,,0,82,,6061,30,,,0,40,,6062,30,,,0,80,,6063,30,,,0,80,,6064,30,,,0,40,,6065,30,,,0,80,,6066,30,,,0,80,,6068,30,,,0,40,,6069,30,,,0
9001,'Semaine-01',1839,,6080,70,,,0
