100,'Dimanche-04',646,,4395,680,,,0,200,,4384,680,,,0,167,,4385,680,,,0,131,,4386,680,,,0,165,,4387,680,,,0,123,,4388,680,,,0,118,,4389,680,,,0,160,,4390,680,,,0,123,,4391,680,,,0,175,,4392,680,,,0,115,,4393,680,,,0,115,,4394,680,,,0
100,'Samedi-04',646,,4407,680,,,0,200,,4396,680,,,0,167,,4397,680,,,0,131,,4398,680,,,0,165,,4399,680,,,0,123,,4400,680,,,0,118,,4401,680,,,0,160,,4402,680,,,0,123,,4403,680,,,0,175,,4404,680,,,0,115,,4405,680,,,0,115,,4406,680,,,0
100,'Semaine-02',532,,2638,680,,,0,103,,2639,680,,,0,70,,2640,680,,,0,43,,2641,680,,,0,167,,2642,680,,,0,97,,2645,680,,,0,29,,2654,680,,,0,101,,2646,680,,,0,109,,2655,680,,,0,95,,2647,680,,,0,99,,2648,680,,,0,100,,2652,680,,,0,110,,2649,680,,,0,89,,2650,680,,,0,110,,2643,680,,,0,86,,2644,680,,,0,102,,2653,680,,,0,196,,2651,680,,,0
100,'Semaine-03',534,,2656,680,,,0,105,,2657,680,,,0,66,,2658,680,,,0,43,,2659,680,,,0,157,,2660,680,,,0,103,,2663,680,,,0,93,,2672,680,,,0,102,,2664,680,,,0,103,,2673,680,,,0,38,,2665,680,,,0,101,,2666,680,,,0,100,,2670,680,,,0,110,,2667,680,,,0,75,,2668,680,,,0,104,,2661,680,,,0,92,,2662,680,,,0,131,,2671,680,,,0,184,,2669,680,,,0
2100,'Semaine-02',547,,2782,320,,,0,70,,2783,320,,,0,32,,2784,320,,,0,75,,2785,320,,,0,30,,2786,320,,,0,76,,2787,320,,,0
2100,'Semaine-03',552,,2788,320,,,0,70,,2789,320,,,0,32,,2790,320,,,0,75,,2791,320,,,0,30,,2792,320,,,0,76,,2793,320,,,0
2300,'Semaine-02',552,,2836,360,,,0,66,,2837,360,,,0,16,,2838,360,,,0,75,,2839,360,,,0,26,,2840,360,,,0,15,,2841,360,,,0,65,,2842,360,,,0,20,,2843,360,,,0
2300,'Semaine-03',552,,2844,360,,,0,66,,2845,360,,,0,16,,2846,360,,,0,75,,2847,360,,,0,26,,2848,360,,,0,20,,2849,360,,,0,60,,2850,360,,,0,20,,2851,360,,,0
2500,'Semaine-02',610,,2890,340,,,0,34,,2887,360,,,0,61,,2891,340,,,0,32,,2888,360,,,0,63,,2892,340,,,0,29,,2889,360,,,0
2500,'Semaine-03',610,,2896,340,,,0,34,,2893,360,,,0,61,,2897,340,,,0,29,,2894,360,,,0,66,,2898,340,,,0,29,,2895,360,,,0
2600,'Semaine-02',508,,2911,310,,,0,17,,2912,320,,,0
2600,'Semaine-03',508,,2913,310,,,0,17,,2914,320,,,0
2800,'Semaine-02',527,,2957,210,,,0,20,,2956,210,,,0,55,,2954,460,,,0,15,,2963,210,,,0,15,,2964,210,,,0,15,,2953,500,,,0,55,,2955,460,,,0,16,,2958,210,,,0,15,,2959,210,,,0,15,,2960,210,,,0,61,,2961,210,,,0,20,,2962,210,,,0
2800,'Semaine-03',527,,2969,210,,,0,20,,2968,210,,,0,55,,2966,460,,,0,15,,2978,210,,,0,15,,2975,210,,,0,15,,2965,500,,,0,10,,2976,210,,,0,50,,2967,460,,,0,11,,2977,210,,,0,10,,2970,210,,,0,10,,2971,210,,,0,16,,2972,210,,,0,55,,2973,210,,,0,20,,2974,210,,,0
3100,'Dimanche-04',730,,4473,400,,,0,218,,4474,400,,,0,278,,4472,400,,,0,123,,4465,400,,,0,160,,4466,400,,,0,118,,4467,400,,,0,118,,4468,400,,,0,159,,4469,400,,,0,127,,4470,400,,,0,221,,4464,400,,,0,254,,4471,400,,,0
3100,'Samedi-04',619,,4476,400,,,0,83,,4487,400,,,0,204,,4488,400,,,0,125,,4485,400,,,0,124,,4475,400,,,0,164,,4486,400,,,0,124,,4477,400,,,0,164,,4478,400,,,0,124,,4479,400,,,0,124,,4480,400,,,0,164,,4481,400,,,0,27,,4482,400,,,0,256,,4483,400,,,0,214,,4484,400,,,0
3100,'Semaine-02',622,,3071,400,,,0,81,,3047,400,,,0,42,,3057,400,,,0,82,,3072,400,,,0,82,,3066,400,,,0,42,,3067,400,,,0,81,,3068,400,,,0,81,,3074,400,,,0,45,,3069,400,,,0,83,,3070,400,,,0,83,,3048,400,,,0,83,,3049,400,,,0,43,,3050,400,,,0,85,,3051,400,,,0,85,,3052,400,,,0,88,,3053,400,,,0,46,,3054,400,,,0,85,,3055,400,,,0,81,,3056,400,,,0,80,,3058,400,,,0,41,,3059,400,,,0,80,,3060,400,,,0,81,,3061,400,,,0,40,,3062,400,,,0,80,,3063,400,,,0,80,,3064,400,,,0,40,,3065,400,,,0
3100,'Semaine-03',628,,3099,400,,,0,80,,3075,400,,,0,41,,3085,400,,,0,80,,3100,400,,,0,80,,3094,400,,,0,40,,3095,400,,,0,79,,3096,400,,,0,80,,3102,400,,,0,43,,3097,400,,,0,83,,3098,400,,,0,83,,3076,400,,,0,83,,3077,400,,,0,42,,3078,400,,,0,83,,3079,400,,,0,84,,3080,400,,,0,45,,3081,400,,,0,86,,3082,400,,,0,85,,3083,400,,,0,84,,3084,400,,,0,42,,3086,400,,,0,82,,3087,400,,,0,79,,3088,400,,,0,40,,3089,400,,,0,79,,3090,400,,,0,80,,3091,400,,,0,40,,3092,400,,,0,80,,3093,400,,,0
3200,'Dimanche-04',623,,4489,410,,,0,214,,4494,410,,,0,263,,4497,410,,,0,152,,4498,410,,,0,159,,4490,410,,,0,122,,4500,410,,,0,120,,4491,410,,,0,159,,4493,410,,,0,118,,4492,410,,,0,214,,4495,410,,,0,256,,4496,410,,,0
3200,'Samedi-04',554,,4501,290,,,0,181,,4507,410,,,0,77,,4502,410,,,0,120,,4510,410,,,0,123,,4511,410,,,0,164,,4512,410,,,0,124,,4503,410,,,0,164,,4514,410,,,0,124,,4504,410,,,0,128,,4505,410,,,0,160,,4506,410,,,0,235,,4508,410,,,0,256,,4509,410,,,0
3200,'Semaine-02',650,,3142,410,,,0,81,,3117,410,,,0,82,,3145,410,,,0,42,,3128,410,,,0,81,,3136,410,,,0,82,,3137,410,,,0,82,,3138,410,,,0,43,,3139,410,,,0,83,,3140,410,,,0,83,,3141,410,,,0,43,,3118,410,,,0,83,,3119,410,,,0,84,,3120,410,,,0,87,,3144,410,,,0,23,,3121,60,,,0,24,,3122,410,,,0,63,,3146,60,,,0,22,,3123,410,,,0,64,,3147,60,,,0,21,,3124,410,,,0,82,,3125,410,,,0,41,,3126,410,,,0,81,,3127,410,,,0,81,,3129,410,,,0,41,,3130,410,,,0,81,,3131,410,,,0,80,,3132,410,,,0,40,,3133,410,,,0,80,,3134,410,,,0,80,,3135,410,,,0
3200,'Semaine-03',651,,3173,410,,,0,80,,3148,410,,,0,80,,3176,410,,,0,40,,3159,410,,,0,80,,3167,410,,,0,79,,3168,410,,,0,41,,3169,410,,,0,81,,3170,410,,,0,83,,3171,410,,,0,43,,3172,410,,,0,83,,3149,410,,,0,82,,3150,410,,,0,82,,3151,410,,,0,46,,3175,410,,,0,59,,3152,60,,,0,26,,3153,410,,,0,20,,3177,60,,,0,64,,3154,410,,,0,20,,3178,60,,,0,65,,3155,410,,,0,45,,3156,410,,,0,82,,3157,410,,,0,83,,3158,410,,,0,40,,3160,410,,,0,80,,3161,410,,,0,80,,3162,410,,,0,40,,3163,410,,,0,80,,3164,410,,,0,80,,3165,410,,,0,40,,3166,410,,,0
9800,'Semaine-02',646,,3278,200,0,21 10,0,104,,3266,300,,,0,107,,3270,300,,,0,149,,3271,300,,,0,497,,3272,300,,,0,108,,3273,300,,,0,108,,3274,300,,,0,110,,3275,300,,,0,105,,3276,300,,,0,98,,3277,300,,,0,99,,3267,300,,,0,95,,3268,300,,,0
9800,'Semaine-03',651,,3291,200,0,21 10,0,102,,3279,300,,,0,104,,3283,300,,,0,145,,3284,300,,,0,507,,3285,300,,,0,105,,3286,300,,,0,105,,3287,300,,,0,105,,3288,300,,,0,102,,3289,300,,,0,97,,3290,300,,,0,98,,3280,300,,,0,90,,3281,300,,,0
11100,'Dimanche-04',831,,4574,430,0,5 10,0,188,,4573,430,0,5 10,0,290,,4575,430,0,5 10,0,249,,4576,430,0,5 10,0,345,,4577,430,0,5 10,0
11100,'Samedi-04',831,,4582,430,0,5 10,0,188,,4581,430,0,5 10,0,290,,4583,430,0,5 10,0,249,,4584,430,0,5 10,0,345,,4585,430,0,5 10,0
11100,'Semaine-02',543,,3304,430,0,5 14,0,70,,3302,430,0,5 14,0,33,,3305,430,0,5 14,0,70,,3303,430,0,5 14,0,30,,3309,430,0,5 14,0,70,,3310,430,0,5 14,0,30,,3301,430,0,5 10,0,106,,3311,430,0,5 10,0,97,,3315,430,0,5 10,0,273,,3300,430,0,5 10,0,400,,3306,430,0,5 14,0,23,,3308,430,0,5 14,0,71,,3307,430,0,5 14,0,331,,3314,360,0,5 10,0
11100,'Semaine-03',544,,3324,430,0,5 15,0,14,,3318,430,0,5 10,0,61,,3322,430,0,5 15,0,27,,3325,430,0,5 15,0,5,,3319,430,0,5 10,0,55,,3323,430,0,5 15,0,31,,3331,430,0,5 15,0,20,,3326,430,0,5 15,0,44,,3320,430,0,5 10,0,16,,3333,430,0,5 15,0,39,,3321,430,0,5 10,0,157,,3334,430,0,5 10,0,36,,3316,430,0,5 10,0,265,,3317,430,0,5 10,0,340,,3328,430,0,5 10,0,46,,3327,360,0,5 15,0,53,,3330,430,0,5 10,0,59,,3329,360,0,5 15,0,335,,3332,360,0,5 10,0
