2400,'Fête-2-01',632,,5569,220,,,0,80,,5570,220,,,0,40,,5572,220,,,0,80,,5573,220,,,0,80,,5571,220,,,0
2400,'Semaine-01',610,,5574,220,,,0,22,,5575,220,,,0,74,,5576,220,,,0,52,,5578,220,,,0,74,,5579,220,,,0,80,,5577,220,,,0
2500,'Fête-2-01',600,,5592,260,,,0,34,,5589,280,,,0,21,,5593,260,,,0,69,,5590,280,,,0,26,,5594,260,,,0,69,,5591,280,,,0
2500,'Semaine-01',600,,5598,260,,,0,34,,5595,280,,,0,21,,5599,260,,,0,69,,5596,280,,,0,26,,5600,260,,,0,69,,5597,280,,,0
2700,'Fête-2-01',553,,5617,180,,,0,80,,5618,180,,,0,80,,5619,180,,,0,40,,5620,180,,,0,80,,5621,180,,,0,786,,5622,180,,,0,83,,5623,180,,,0,46,,5624,180,,,0,84,,5625,180,,,0,86,,5626,180,,,0
2700,'Semaine-01',553,,5627,180,,,0,80,,5628,180,,,0,80,,5629,180,,,0,40,,5630,180,,,0,80,,5631,180,,,0,786,,5632,180,,,0,83,,5633,180,,,0,46,,5634,180,,,0,84,,5635,180,,,0,86,,5636,180,,,0
3100,'Dimanche-01',721,,5744,320,,,0,218,,5745,320,,,0,278,,5743,320,,,0,123,,5736,320,,,0,160,,5737,320,,,0,118,,5738,320,,,0,118,,5739,320,,,0,119,,5740,320,,,0,167,,5741,320,,,0,221,,5735,320,,,0,215,,5742,320,,,0
3100,'Fête-1-01',610,,5747,320,,,0,43,,5758,320,,,0,204,,5759,320,,,0,165,,5756,320,,,0,124,,5746,320,,,0,164,,5757,320,,,0,124,,5748,320,,,0,124,,5749,320,,,0,164,,5750,320,,,0,124,,5751,320,,,0,164,,5752,320,,,0,27,,5753,320,,,0,216,,5754,320,,,0,255,,5755,320,,,0
3100,'Fête-2-01',618,,5784,320,,,0,40,,5760,320,,,0,80,,5770,320,,,0,80,,5785,320,,,0,40,,5779,320,,,0,80,,5780,320,,,0,80,,5781,320,,,0,41,,5787,320,,,0,83,,5782,320,,,0,83,,5783,320,,,0,83,,5761,320,,,0,43,,5762,320,,,0,82,,5763,320,,,0,82,,5764,320,,,0,85,,5765,320,,,0,45,,5766,320,,,0,86,,5767,320,,,0,85,,5768,320,,,0,84,,5769,320,,,0,42,,5771,320,,,0,82,,5772,320,,,0,79,,5773,320,,,0,40,,5774,320,,,0,79,,5775,320,,,0,80,,5776,320,,,0,40,,5777,320,,,0,80,,5778,320,,,0,121,,5786,320,0,5 6,0
3100,'Samedi-01',610,,5789,320,,,0,43,,5800,320,,,0,204,,5801,320,,,0,165,,5798,320,,,0,124,,5788,320,,,0,164,,5799,320,,,0,124,,5790,320,,,0,124,,5791,320,,,0,164,,5792,320,,,0,124,,5793,320,,,0,164,,5794,320,,,0,27,,5795,320,,,0,216,,5796,320,,,0,255,,5797,320,,,0
3100,'Semaine-01',618,,5826,320,,,0,40,,5802,320,,,0,80,,5812,320,,,0,80,,5827,320,,,0,40,,5821,320,,,0,80,,5822,320,,,0,80,,5823,320,,,0,41,,5829,320,,,0,83,,5824,320,,,0,83,,5825,320,,,0,83,,5803,320,,,0,43,,5804,320,,,0,82,,5805,320,,,0,82,,5806,320,,,0,85,,5807,320,,,0,45,,5808,320,,,0,86,,5809,320,,,0,85,,5810,320,,,0,84,,5811,320,,,0,42,,5813,320,,,0,82,,5814,320,,,0,79,,5815,320,,,0,40,,5816,320,,,0,79,,5817,320,,,0,80,,5818,320,,,0,40,,5819,320,,,0,80,,5820,320,,,0,121,,5828,320,0,5 6,0
