2700,'Fête-2-02',542,,8242,10,,,0,80,,8243,10,,,0,80,,8244,10,,,0,40,,8245,10,,,0,80,,8246,10,,,0,787,,8247,10,,,0,43,,8248,10,,,0,86,,8249,10,,,0,84,,8250,10,,,0,86,,8251,10,,,0
2700,'Semaine-02',542,,8252,10,,,0,80,,8253,10,,,0,80,,8254,10,,,0,40,,8255,10,,,0,80,,8256,10,,,0,787,,8257,10,,,0,43,,8258,10,,,0,86,,8259,10,,,0,84,,8260,10,,,0,86,,8261,10,,,0
2701,'Fête-2-02',622,,8262,230,4,,0,80,,8263,230,4,,0,40,,8264,230,4,,0,80,,8265,230,4,,0,785,,8269,230,4,,0,41,,8266,230,4,,0,85,,8270,230,4,,0,86,,8267,230,4,,0,85,,8268,230,4,,0
2701,'Semaine-02',622,,8271,230,4,,0,80,,8272,230,4,,0,40,,8273,230,4,,0,80,,8274,230,4,,0,785,,8278,230,4,,0,41,,8275,230,4,,0,85,,8279,230,4,,0,86,,8276,230,4,,0,85,,8277,230,4,,0
2000002700,'Dimanche-02',635,,10030,180,4,,0,90,,10034,180,4,,0,81,,10031,180,4,,0,43,,10035,180,4,,0,93,,10036,180,4,,0,83,,10037,180,4,,0,85,,10038,180,4,,0,35,,10039,180,4,,0,74,,10040,180,4,,0,85,,10041,180,4,,0,39,,10042,180,4,,0,80,,10043,180,4,,0,80,,10044,180,4,,0,42,,10045,180,4,,0,76,,10046,180,4,,0,83,,10047,180,4,,0,35,,10048,180,4,,0,84,,10049,180,4,,0,35,,10050,180,4,,0,84,,10051,180,4,,0,84,,10052,180,4,,0,86,,10053,180,4,,0,44,,10032,180,4,,0,90,,10054,180,4,,0,82,,10055,180,4,,0,84,,10056,180,4,,0,89,,10057,180,4,,0,44,,10058,180,4,,0,82,,10033,180,4,,0
2000002700,'Fête-1-02',614,,10059,180,4,,0,43,,10063,180,4,,0,90,,10060,180,4,,0,77,,10064,180,4,,0,76,,10065,180,4,,0,44,,10066,180,4,,0,81,,10067,180,4,,0,82,,10068,180,4,,0,42,,10069,180,4,,0,82,,10070,180,4,,0,82,,10071,180,4,,0,42,,10072,180,4,,0,82,,10073,180,4,,0,82,,10074,180,4,,0,82,,10075,180,4,,0,42,,10076,180,4,,0,82,,10077,180,4,,0,86,,10078,180,4,,0,38,,10079,180,4,,0,82,,10080,180,4,,0,82,,10081,180,4,,0,42,,10082,180,4,,0,74,,10061,180,4,,0,77,,10083,180,4,,0,50,,10084,180,4,,0,86,,10085,180,4,,0,80,,10086,180,4,,0,89,,10087,180,4,,0,39,,10062,180,4,,0,76,,10088,180,4,,0
2000002700,'Fête-2-02',621,,10108,180,4,,0,281,,10089,180,4,,0,40,,10091,180,4,,0,80,,10107,180,4,,0,81,,10106,180,4,,0,41,,10105,180,4,,0,83,,10104,180,4,,0,83,,10103,180,4,,0,43,,10102,180,4,,0,82,,10101,180,4,,0,82,,10109,180,4,,0,85,,10110,180,4,,0,342,,10100,180,4,,0,83,,10099,180,4,,0,80,,10098,180,4,,0,40,,10097,180,4,,0,80,,10096,180,4,,0,80,,10095,180,4,,0,40,,10094,180,4,,0,80,,10093,180,4,,0,80,,10092,180,4,,0,40,,10090,180,4,,0
2000002700,'Samedi-02',614,,10111,180,4,,0,43,,10115,180,4,,0,90,,10112,180,4,,0,77,,10116,180,4,,0,76,,10117,180,4,,0,44,,10118,180,4,,0,81,,10119,180,4,,0,82,,10120,180,4,,0,42,,10121,180,4,,0,82,,10122,180,4,,0,82,,10123,180,4,,0,42,,10124,180,4,,0,82,,10125,180,4,,0,82,,10126,180,4,,0,82,,10127,180,4,,0,42,,10128,180,4,,0,82,,10129,180,4,,0,86,,10130,180,4,,0,38,,10131,180,4,,0,82,,10132,180,4,,0,82,,10133,180,4,,0,42,,10134,180,4,,0,74,,10113,180,4,,0,77,,10135,180,4,,0,50,,10136,180,4,,0,86,,10137,180,4,,0,80,,10138,180,4,,0,89,,10139,180,4,,0,39,,10114,180,4,,0,76,,10140,180,4,,0
2000002700,'Semaine-02',621,,10160,180,4,,0,281,,10141,180,4,,0,40,,10143,180,4,,0,80,,10159,180,4,,0,81,,10158,180,4,,0,41,,10157,180,4,,0,83,,10156,180,4,,0,83,,10155,180,4,,0,43,,10154,180,4,,0,82,,10153,180,4,,0,82,,10161,180,4,,0,85,,10162,180,4,,0,342,,10152,180,4,,0,83,,10151,180,4,,0,80,,10150,180,4,,0,40,,10149,180,4,,0,80,,10148,180,4,,0,80,,10147,180,4,,0,40,,10146,180,4,,0,80,,10145,180,4,,0,80,,10144,180,4,,0,40,,10142,180,4,,0
2000002701,'Dimanche-02',558,,10163,10,,,0,90,,10165,10,,,0,81,,10190,10,,,0,83,,10188,10,,,0,93,,10189,10,,,0,43,,10186,10,,,0,87,,10187,10,,,0,75,,10185,10,,,0,35,,10184,10,,,0,82,,10181,10,,,0,79,,10183,10,,,0,40,,10182,10,,,0,80,,10180,10,,,0,82,,10179,10,,,0,37,,10177,10,,,0,83,,10178,10,,,0,76,,10176,10,,,0,43,,10175,10,,,0,76,,10174,10,,,0,82,,10173,10,,,0,44,,10172,10,,,0,86,,10171,10,,,0,85,,10164,10,,,0,89,,10170,10,,,0,43,,10169,10,,,0,84,,10168,10,,,0,88,,10167,10,,,0,86,,10166,10,,,0
2000002701,'Fête-1-02',537,,10191,10,,,0,83,,10194,10,,,0,90,,10219,10,,,0,37,,10217,10,,,0,77,,10218,10,,,0,83,,10215,10,,,0,41,,10216,10,,,0,82,,10214,10,,,0,82,,10213,10,,,0,42,,10210,10,,,0,82,,10212,10,,,0,82,,10211,10,,,0,82,,10209,10,,,0,42,,10208,10,,,0,82,,10206,10,,,0,82,,10207,10,,,0,42,,10205,10,,,0,86,,10204,10,,,0,78,,10203,10,,,0,42,,10202,10,,,0,82,,10201,10,,,0,81,,10200,10,,,0,39,,10192,10,,,0,73,,10199,10,,,0,90,,10198,10,,,0,87,,10197,10,,,0,39,,10196,10,,,0,89,,10195,10,,,0,81,,10193,10,,,0
2000002701,'Fête-2-02',544,,10236,10,,,0,360,,10235,10,,,0,40,,10234,10,,,0,81,,10233,10,,,0,81,,10232,10,,,0,43,,10231,10,,,0,83,,10230,10,,,0,83,,10229,10,,,0,42,,10237,10,,,0,82,,10238,10,,,0,85,,10239,10,,,0,425,,10228,10,,,0,80,,10227,10,,,0,80,,10226,10,,,0,40,,10225,10,,,0,80,,10224,10,,,0,80,,10223,10,,,0,40,,10222,10,,,0,81,,10221,10,,,0,80,,10220,10,,,0
2000002701,'Samedi-02',537,,10240,10,,,0,83,,10243,10,,,0,90,,10268,10,,,0,37,,10266,10,,,0,77,,10267,10,,,0,83,,10264,10,,,0,41,,10265,10,,,0,82,,10263,10,,,0,82,,10262,10,,,0,42,,10259,10,,,0,82,,10261,10,,,0,82,,10260,10,,,0,82,,10258,10,,,0,42,,10257,10,,,0,82,,10255,10,,,0,82,,10256,10,,,0,42,,10254,10,,,0,86,,10253,10,,,0,78,,10252,10,,,0,42,,10251,10,,,0,82,,10250,10,,,0,81,,10249,10,,,0,39,,10241,10,,,0,73,,10248,10,,,0,90,,10247,10,,,0,87,,10246,10,,,0,39,,10245,10,,,0,89,,10244,10,,,0,81,,10242,10,,,0
2000002701,'Semaine-02',544,,10285,10,,,0,360,,10284,10,,,0,40,,10283,10,,,0,81,,10282,10,,,0,81,,10281,10,,,0,43,,10280,10,,,0,83,,10279,10,,,0,83,,10278,10,,,0,42,,10286,10,,,0,82,,10287,10,,,0,85,,10288,10,,,0,425,,10277,10,,,0,80,,10276,10,,,0,80,,10275,10,,,0,40,,10274,10,,,0,80,,10273,10,,,0,80,,10272,10,,,0,40,,10271,10,,,0,81,,10270,10,,,0,80,,10269,10,,,0
