100,'Dimanche-04',701,,4395,780,4,,0,201,,4384,780,4,,0,129,,4385,780,4,,0,171,,4386,780,4,,0,125,,4387,780,4,,0,123,,4388,780,4,,0,157,,4389,780,4,,0,120,,4390,780,4,,0,123,,4391,780,4,,0,175,,4392,780,4,,0,115,,4393,780,4,,0,115,,4394,780,4,,0
100,'Samedi-04',701,,4407,780,4,,0,201,,4396,780,4,,0,129,,4397,780,4,,0,171,,4398,780,4,,0,125,,4399,780,4,,0,123,,4400,780,4,,0,157,,4401,780,4,,0,120,,4402,780,4,,0,123,,4403,780,4,,0,175,,4404,780,4,,0,115,,4405,780,4,,0,115,,4406,780,4,,0
100,'Semaine-03',549,,2656,780,4,,0,106,,2657,780,4,,0,68,,2658,780,4,,0,84,,2659,780,4,,0,115,,2660,780,4,,0,103,,2663,780,4,,0,92,,2672,780,4,,0,103,,2664,780,4,,0,105,,2673,780,4,,0,78,,2665,780,4,,0,101,,2666,780,4,,0,100,,2670,780,4,,0,110,,2667,780,4,,0,34,,2668,780,4,,0,103,,2661,780,4,,0,92,,2662,780,4,,0,171,,2671,780,4,,0,142,,2669,780,4,,0
2100,'Semaine-03',607,,2788,420,4,,0,30,,2789,420,4,,0,73,,2790,420,4,,0,37,,2791,420,4,,0,70,,2792,420,4,,0,36,,2793,420,4,,0
2300,'Semaine-03',608,,2844,460,4,,0,27,,2845,460,4,,0,17,,2846,460,4,,0,75,,2847,460,4,,0,26,,2848,460,4,,0,61,,2849,460,4,,0,20,,2850,460,4,,0,20,,2851,460,4,,0
2500,'Semaine-03',624,,2896,440,4,,0,34,,2893,460,4,,0,61,,2897,440,4,,0,29,,2894,460,4,,0,66,,2898,440,4,,0,29,,2895,460,4,,0
2600,'Semaine-03',521,,2913,410,4,,0,16,,2914,420,4,,0
3100,'Dimanche-04',741,,4473,500,4,,0,260,,4474,500,4,,0,238,,4472,500,4,,0,163,,4465,500,4,,0,120,,4466,500,4,,0,118,,4467,500,4,,0,118,,4468,500,4,,0,159,,4469,500,4,,0,127,,4470,500,4,,0,260,,4464,500,4,,0,213,,4471,500,4,,0
3100,'Samedi-04',630,,4476,500,4,,0,83,,4487,500,4,,0,206,,4488,500,4,,0,125,,4485,500,4,,0,164,,4475,500,4,,0,124,,4486,500,4,,0,124,,4477,500,4,,0,164,,4478,500,4,,0,124,,4479,500,4,,0,164,,4480,500,4,,0,124,,4481,500,4,,0,26,,4482,500,4,,0,256,,4483,500,4,,0,213,,4484,500,4,,0
3100,'Semaine-03',644,,3099,500,4,,0,80,,3075,500,4,,0,82,,3085,500,4,,0,41,,3100,500,4,,0,80,,3094,500,4,,0,80,,3095,500,4,,0,37,,3096,500,4,,0,79,,3102,500,4,,0,84,,3097,500,4,,0,43,,3098,500,4,,0,83,,3076,500,4,,0,83,,3077,500,4,,0,42,,3078,500,4,,0,84,,3079,500,4,,0,84,,3080,500,4,,0,85,,3081,500,4,,0,46,,3082,500,4,,0,82,,3083,500,4,,0,84,,3084,500,4,,0,82,,3086,500,4,,0,42,,3087,500,4,,0,79,,3088,500,4,,0,80,,3089,500,4,,0,37,,3090,500,4,,0,80,,3091,500,4,,0,80,,3092,500,4,,0,40,,3093,500,4,,0
3200,'Dimanche-04',637,,4489,510,4,,0,214,,4494,510,4,,0,263,,4497,510,4,,0,192,,4498,510,4,,0,119,,4490,510,4,,0,122,,4500,510,4,,0,160,,4491,510,4,,0,119,,4493,510,4,,0,118,,4492,510,4,,0,212,,4495,510,4,,0,256,,4496,510,4,,0
3200,'Samedi-04',608,,4501,390,4,,0,141,,4507,510,4,,0,77,,4502,510,4,,0,120,,4510,510,4,,0,163,,4511,510,4,,0,124,,4512,510,4,,0,124,,4503,510,4,,0,164,,4514,510,4,,0,124,,4504,510,4,,0,168,,4505,510,4,,0,120,,4506,510,4,,0,273,,4508,510,4,,0,216,,4509,510,4,,0
3200,'Semaine-03',708,,3173,510,4,,0,42,,3148,510,4,,0,80,,3176,510,4,,0,80,,3159,510,4,,0,40,,3167,510,4,,0,77,,3168,510,4,,0,81,,3169,510,4,,0,41,,3170,510,4,,0,83,,3171,510,4,,0,83,,3172,510,4,,0,43,,3149,510,4,,0,82,,3150,510,4,,0,84,,3151,510,4,,0,86,,3175,510,4,,0,17,,3152,160,4,,0,28,,3153,510,4,,0,58,,3177,160,4,,0,24,,3154,510,4,,0,20,,3178,160,4,,0,65,,3155,510,4,,0,84,,3156,510,4,,0,40,,3157,510,4,,0,83,,3158,510,4,,0,80,,3160,510,4,,0,40,,3161,510,4,,0,80,,3162,510,4,,0,80,,3163,510,4,,0,40,,3164,510,4,,0,80,,3165,510,4,,0,80,,3166,510,4,,0
9800,'Semaine-03',709,,3291,300,4,,0,102,,3279,400,4,,0,104,,3283,400,4,,0,105,,3284,400,4,,0,506,,3285,400,4,,0,105,,3286,400,4,,0,105,,3287,400,4,,0,104,,3288,400,4,,0,102,,3289,400,4,,0,97,,3290,400,4,,0,94,,3280,400,4,,0,90,,3281,400,4,,0
11100,'Dimanche-04',847,,4574,530,4,,0,187,,4573,530,4,,0,291,,4575,530,4,,0,290,,4576,530,4,,0,305,,4577,530,4,,0
11100,'Samedi-04',847,,4582,530,4,,0,187,,4581,530,4,,0,291,,4583,530,4,,0,290,,4584,530,4,,0,305,,4585,530,4,,0
11100,'Semaine-03',612,,3318,530,4,,0,98,,3319,530,4,,0,110,,3320,530,4,,0,95,,3321,530,4,,0,114,,3334,530,4,,0,76,,3316,530,4,,0,225,,3317,530,4,,0,380,,3328,530,4,,0,99,,3330,530,4,,0,393,,3332,460,4,,0
