100,'Dimanche-04',608,,4395,240,,,0,200,,4384,240,,,0,125,,4385,240,,,0,170,,4386,240,,,0,125,,4387,240,,,0,124,,4388,240,,,0,160,,4389,240,,,0,120,,4390,240,,,0,124,,4391,240,,,0,175,,4392,240,,,0,115,,4393,240,,,0,155,,4394,240,,,0
100,'Samedi-04',608,,4407,240,,,0,200,,4396,240,,,0,125,,4397,240,,,0,170,,4398,240,,,0,125,,4399,240,,,0,124,,4400,240,,,0,160,,4401,240,,,0,120,,4402,240,,,0,124,,4403,240,,,0,175,,4404,240,,,0,115,,4405,240,,,0,155,,4406,240,,,0
100,'Semaine-02',450,,2638,240,,,0,100,,2639,240,,,0,70,,2640,240,,,0,81,,2641,240,,,0,129,,2642,240,,,0,99,,2645,240,,,0,30,,2654,240,,,0,100,,2646,240,,,0,146,,2655,240,,,0,95,,2647,240,,,0,100,,2648,240,,,0,100,,2652,240,,,0,110,,2649,240,,,0,49,,2650,240,,,0,154,,2643,240,,,0,90,,2644,240,,,0,103,,2653,240,,,0,197,,2651,240,,,0
100,'Semaine-03',452,,2656,240,,,0,103,,2657,240,,,0,65,,2658,240,,,0,81,,2659,240,,,0,119,,2660,240,,,0,105,,2663,240,,,0,94,,2672,240,,,0,101,,2664,240,,,0,100,,2673,240,,,0,38,,2665,240,,,0,142,,2666,240,,,0,100,,2670,240,,,0,110,,2667,240,,,0,35,,2668,240,,,0,108,,2661,240,,,0,95,,2662,240,,,0,173,,2671,240,,,0,185,,2669,240,,,0
2000,'Dimanche-04',718,,4432,520,,,0,124,,4433,520,,,0,166,,4434,520,,,0,125,,4435,520,,,0,125,,4436,520,,,0,164,,4437,520,,,0,125,,4438,520,,,0,165,,4439,520,,,0
2000,'Samedi-04',718,,4440,520,,,0,124,,4441,520,,,0,166,,4442,520,,,0,125,,4443,520,,,0,125,,4444,520,,,0,164,,4445,520,,,0,125,,4446,520,,,0,165,,4447,520,,,0
2000,'Semaine-02',702,,2730,520,,,0,125,,2731,520,,,0,125,,2732,520,,,0,166,,2733,520,,,0,126,,2734,520,,,0,165,,2735,520,,,0,126,,2736,520,,,0,166,,2737,520,,,0,126,,2738,520,,,0
2000,'Semaine-02-0001100',1952,,2740,520,,,0,164,,2739,520,,,0
2000,'Semaine-03',702,,2741,520,,,0,125,,2742,520,,,0,125,,2743,520,,,0,166,,2744,520,,,0,126,,2745,520,,,0,165,,2746,520,,,0,126,,2747,520,,,0,166,,2748,520,,,0,126,,2749,520,,,0
2000,'Semaine-03-0001100',1952,,2751,520,,,0,164,,2750,520,,,0
2800,'Semaine-02',528,,2954,80,,,0,85,,2953,120,,,0,15,,2955,80,,,0
2800,'Semaine-03',528,,2966,80,,,0,85,,2965,120,,,0,20,,2967,80,,,0
