100,'Dimanche-01',637,,5264,610,,,0,200,,5253,610,,,0,167,,5254,610,,,0,130,,5255,610,,,0,125,,5256,610,,,0,163,,5257,610,,,0,118,,5258,610,,,0,160,,5259,610,,,0,123,,5260,610,,,0,135,,5261,610,,,0,155,,5262,610,,,0,115,,5263,610,,,0
100,'Samedi-01',637,,5306,610,,,0,200,,5295,610,,,0,167,,5296,610,,,0,130,,5297,610,,,0,125,,5298,610,,,0,163,,5299,610,,,0,118,,5300,610,,,0,160,,5301,610,,,0,123,,5302,610,,,0,135,,5303,610,,,0,155,,5304,610,,,0,115,,5305,610,,,0
100,'Semaine-01',524,,5307,610,,,0,104,,5308,610,,,0,26,,5309,610,,,0,82,,5310,610,,,0,118,,5311,610,,,0,104,,5314,610,,,0,94,,5323,610,,,0,101,,5315,610,,,0,101,,5324,610,,,0,78,,5316,610,,,0,102,,5317,610,,,0,100,,5321,610,,,0,110,,5318,610,,,0,75,,5319,610,,,0,105,,5312,610,,,0,92,,5313,610,,,0,132,,5322,610,,,0,184,,5320,610,,,0
2100,'Semaine-01',542,,5492,250,,,0,70,,5493,250,,,0,30,,5494,250,,,0,75,,5495,250,,,0,30,,5496,250,,,0,75,,5497,250,,,0
2101,'Semaine-01',1638,,5506,400,,,0,63,,5507,400,,,0,26,,5508,400,,,0,24,,5509,400,,,0,65,,5510,400,,,0,28,,5511,400,,,0
2201,'Semaine-01',1642,,5533,260,,,0,65,,5537,260,,,0,25,,5534,260,,,0,25,,5538,260,,,0,65,,5536,260,,,0,23,,5535,260,,,0
2600,'Semaine-01',502,,5615,240,,,0,17,,5616,250,,,0
2800,'Semaine-01',514,,5669,140,,,0,20,,5668,140,,,0,15,,5666,380,,,0,55,,5680,140,,,0,10,,5676,140,,,0,10,,5677,140,,,0,10,,5665,420,,,0,8,,5678,140,,,0,8,,5667,380,,,0,8,,5681,140,,,0,49,,5679,140,,,0,8,,5670,140,,,0,10,,5671,140,,,0,11,,5672,140,,,0,10,,5673,140,,,0,10,,5674,140,,,0,60,,5675,140,,,0
3200,'Dimanche-01',612,,5830,340,,,0,214,,5835,340,,,0,223,,5838,340,,,0,192,,5839,340,,,0,159,,5831,340,,,0,122,,5841,340,,,0,120,,5832,340,,,0,159,,5834,340,,,0,118,,5833,340,,,0,215,,5836,340,,,0,216,,5837,340,,,0,253,,5840,340,0,6,0
3200,'Samedi-01',543,,5887,220,,,0,181,,5893,340,,,0,77,,5888,340,,,0,120,,5896,340,,,0,123,,5897,340,,,0,164,,5898,340,,,0,124,,5889,340,,,0,124,,5900,340,,,0,164,,5890,340,,,0,128,,5891,340,,,0,160,,5892,340,,,0,236,,5894,340,,,0,256,,5895,340,,,0,207,,5899,340,0,6,0
3200,'Semaine-01',639,,5926,340,,,0,80,,5901,340,,,0,40,,5929,340,,,0,80,,5912,340,,,0,80,,5920,340,,,0,81,,5921,340,,,0,41,,5922,340,,,0,81,,5923,340,,,0,83,,5924,340,,,0,43,,5925,340,,,0,83,,5902,340,,,0,82,,5903,340,,,0,42,,5904,340,,,0,85,,5928,340,,,0,85,,5906,340,,,0,85,,5907,340,,,0,45,,5908,340,,,0,85,,5909,340,,,0,82,,5910,340,,,0,83,,5911,340,,,0,40,,5913,340,,,0,80,,5914,340,,,0,80,,5915,340,,,0,40,,5916,340,,,0,80,,5917,340,,,0,80,,5918,340,,,0,40,,5919,340,,,0
3300,'Dimanche-01',611,,5934,520,,,0,42,,5932,520,,,0,91,,5943,520,,,0,81,,5953,520,,,0,83,,5955,520,,,0,93,,5956,520,,,0,40,,5957,520,,,0,80,,5958,520,,,0,80,,5959,520,,,0,40,,5935,520,,,0,80,,5936,520,,,0,79,,5937,520,,,0,40,,5938,520,,,0,80,,5939,520,,,0,39,,5940,520,,,0,79,,5941,520,,,0,79,,5942,520,,,0,39,,5944,520,,,0,79,,5945,520,,,0,80,,5946,520,,,0,87,,5947,520,,,0,45,,5948,520,,,0,85,,5949,520,,,0,87,,5950,520,,,0,86,,5951,520,,,0,43,,5952,520,,,0,88,,5933,520,,,0,83,,5954,520,,,0
3300,'Samedi-01',631,,6021,520,,,0,81,,6019,520,,,0,42,,6030,520,,,0,82,,6040,520,,,0,82,,6042,520,,,0,84,,6043,520,,,0,41,,6044,520,,,0,82,,6045,520,,,0,82,,6046,520,,,0,42,,6022,520,,,0,82,,6023,520,,,0,82,,6024,520,,,0,42,,6025,520,,,0,82,,6026,520,,,0,82,,6027,520,,,0,82,,6028,520,,,0,42,,6029,520,,,0,85,,6031,520,,,0,79,,6032,520,,,0,42,,6033,520,,,0,82,,6034,520,,,0,79,,6035,520,,,0,41,,6036,520,,,0,81,,6037,520,,,0,82,,6038,520,,,0,43,,6039,520,,,0,86,,6041,520,,,0,86,,6020,520,,,0
3300,'Semaine-01',638,,6048,520,,,0,80,,6076,520,,,0,41,,6057,520,,,0,80,,6067,520,,,0,80,,6070,520,,,0,40,,6071,520,,,0,80,,6072,520,,,0,82,,6073,520,,,0,81,,6074,520,,,0,43,,6049,520,,,0,83,,6050,520,,,0,83,,6051,520,,,0,43,,6052,520,,,0,84,,6053,520,,,0,86,,6054,520,,,0,84,,6055,520,,,0,45,,6056,520,,,0,84,,6058,520,,,0,81,,6059,520,,,0,83,,6060,520,,,0,42,,6061,520,,,0,80,,6062,520,,,0,80,,6063,520,,,0,39,,6064,520,,,0,80,,6065,520,,,0,80,,6066,520,,,0,40,,6068,520,,,0,80,,6069,520,,,0
9000,'Semaine-01',647,,6077,150,,,0,63,,6078,150,,,0
11100,'Dimanche-01',723,,6113,360,0,5 6,0,100,,6109,360,0,5 10,0,188,,6108,360,0,5 10,0,290,,6110,360,0,5 10,0,249,,6111,360,0,5 10,0,198,,6114,360,0,5 6,0,107,,6112,360,0,5 10,0,378,,6115,360,0,5 6,0
11100,'Samedi-01',723,,6143,360,0,5 6,0,100,,6139,360,0,5 10,0,188,,6138,360,0,5 10,0,290,,6140,360,0,5 10,0,249,,6141,360,0,5 10,0,198,,6144,360,0,5 6,0,107,,6142,360,0,5 10,0,378,,6145,360,0,5 6,0
11100,'Semaine-01',535,,6154,360,0,5 15,0,15,,6148,360,0,5 10,0,60,,6152,360,0,5 15,0,27,,6155,360,0,5 15,0,6,,6149,360,0,5 10,0,14,,6153,360,0,5 15,0,51,,6167,360,0,16 17,0,20,,6161,360,0,5 15,0,20,,6156,360,0,5 15,0,5,,6150,360,0,16 17,0,55,,6163,360,0,5 15,0,40,,6151,360,0,16 17,0,157,,6164,360,0,16 17,0,35,,6146,360,0,16 17,0,105,,6166,360,0,5 6,0,160,,6147,360,0,5 10,0,341,,6158,360,0,5 10,0,5,,6157,290,0,5 15,0,92,,6160,360,0,5 10,0,60,,6159,290,0,5 15,0,233,,6165,290,0,5 6,0,103,,6162,290,0,5 10,0
