101,'Dimanche-04',759,,4408,540,,,0,246,,4409,540,,,0,131,,4410,540,,,0,173,,4411,540,,,0,127,,4412,540,,,0,120,,4413,540,,,0,160,,4414,540,,,0,120,,4415,540,,,0,117,,4416,540,,,0,174,,4417,540,,,0,114,,4418,540,,,0,113,,4419,540,,,0
101,'Samedi-04',759,,4420,540,,,0,246,,4421,540,,,0,131,,4422,540,,,0,173,,4423,540,,,0,127,,4424,540,,,0,120,,4425,540,,,0,160,,4426,540,,,0,120,,4427,540,,,0,117,,4428,540,,,0,174,,4429,540,,,0,114,,4430,540,,,0,113,,4431,540,,,0
101,'Semaine-02',654,,2686,540,,,0,101,,2695,540,,,0,70,,2697,540,,,0,100,,2698,540,,,0,105,,2699,540,,,0,95,,2700,540,,,0,100,,2702,540,,,0,100,,2701,540,,,0,111,,2703,540,,,0,86,,2687,540,,,0,109,,2688,540,,,0,91,,2689,540,,,0,106,,2690,540,,,0,29,,2691,540,,,0,69,,2692,540,,,0,108,,2693,540,,,0,182,,2694,540,,,0,189,,2696,540,,,0
101,'Semaine-03',659,,2704,540,,,0,141,,2713,540,,,0,30,,2715,540,,,0,90,,2716,540,,,0,110,,2717,540,,,0,105,,2718,540,,,0,95,,2720,540,,,0,105,,2719,540,,,0,106,,2721,540,,,0,81,,2705,540,,,0,104,,2706,540,,,0,96,,2707,540,,,0,106,,2708,540,,,0,74,,2709,540,,,0,103,,2710,540,,,0,43,,2711,540,,,0,173,,2712,540,,,0,134,,2714,540,,,0
2001,'Dimanche-04',731,,4448,40,,,0,124,,4449,40,,,0,166,,4450,40,,,0,125,,4451,40,,,0,165,,4452,40,,,0,125,,4453,40,,,0,165,,4454,40,,,0,125,,4455,40,,,0
2001,'Samedi-04',731,,4456,40,,,0,124,,4457,40,,,0,166,,4458,40,,,0,125,,4459,40,,,0,165,,4460,40,,,0,125,,4461,40,,,0,165,,4462,40,,,0,125,,4463,40,,,0
2001,'Semaine-02',716,,2760,40,,,0,125,,2761,40,,,0,165,,2762,40,,,0,126,,2763,40,,,0,126,,2764,40,,,0,165,,2765,40,,,0,126,,2766,40,,,0,166,,2767,40,,,0,126,,2768,40,,,0
2001,'Semaine-02-0001100',2004,,2770,40,,,0,124,,2769,40,,,0
2001,'Semaine-03',716,,2771,40,,,0,125,,2772,40,,,0,165,,2773,40,,,0,126,,2774,40,,,0,126,,2775,40,,,0,165,,2776,40,,,0,126,,2777,40,,,0,166,,2778,40,,,0,126,,2779,40,,,0
2001,'Semaine-03-0001100',2004,,2781,40,,,0,124,,2780,40,,,0
2801,'Semaine-02',1655,,2980,430,0,7,0,99,,2979,430,,,0,67,,2981,430,0,7,0
2801,'Semaine-03',1710,,2994,430,0,7,0,39,,2993,430,,,0,68,,2995,430,0,7,0
