2000,'Dimanche-04',707,,4432,290,,,0,124,,4433,290,,,0,126,,4434,290,,,0,165,,4435,290,,,0,125,,4436,290,,,0,164,,4437,290,,,0,125,,4438,290,,,0,165,,4439,290,,,0
2000,'Samedi-04',707,,4440,290,,,0,124,,4441,290,,,0,126,,4442,290,,,0,165,,4443,290,,,0,125,,4444,290,,,0,164,,4445,290,,,0,125,,4446,290,,,0,165,,4447,290,,,0
2000,'Semaine-02',650,,2730,290,,,0,165,,2731,290,,,0,125,,2732,290,,,0,166,,2733,290,,,0,126,,2734,290,,,0,125,,2735,290,,,0,166,,2736,290,,,0,126,,2737,290,,,0,166,,2738,290,,,0
2000,'Semaine-02-0001100',1940,,2740,290,,,0,164,,2739,290,,,0
2000,'Semaine-03',650,,2741,290,,,0,165,,2742,290,,,0,125,,2743,290,,,0,166,,2744,290,,,0,126,,2745,290,,,0,125,,2746,290,,,0,166,,2747,290,,,0,126,,2748,290,,,0,166,,2749,290,,,0
2000,'Semaine-03-0001100',1940,,2751,290,,,0,164,,2750,290,,,0
2000002000,'Dimanche-04',532,,4719,20,0,11 13,0,170,,4720,20,0,11 13,0,44,,4731,50,,,0,86,,4721,20,0,11 13,0,84,,4732,50,,,0,86,,4722,20,0,11 13,0,45,,4733,50,,,0,86,,4723,20,0,11 13,0,85,,4734,50,,,0,85,,4724,20,0,11 13,0,45,,4735,50,,,0,85,,4725,20,0,11 13,0,85,,4736,50,,,0,85,,4726,20,0,11 13,0,45,,4737,50,,,0,85,,4727,20,0,11 13,0,85,,4738,50,,,0,85,,4728,20,0,11 13,0,44,,4739,50,,,0,86,,4729,20,0,11 13,0,84,,4740,50,,,0,86,,4730,20,0,11 13,0,44,,4741,50,,,0,170,,4742,50,,,0
2000002000,'Samedi-04',532,,4743,20,0,11 13,0,170,,4744,20,0,11 13,0,44,,4755,50,,,0,86,,4745,20,0,11 13,0,84,,4756,50,,,0,86,,4746,20,0,11 13,0,45,,4757,50,,,0,86,,4747,20,0,11 13,0,85,,4758,50,,,0,85,,4748,20,0,11 13,0,45,,4759,50,,,0,85,,4749,20,0,11 13,0,85,,4760,50,,,0,85,,4750,20,0,11 13,0,45,,4761,50,,,0,85,,4751,20,0,11 13,0,85,,4762,50,,,0,85,,4752,20,0,11 13,0,44,,4763,50,,,0,86,,4753,20,0,11 13,0,84,,4764,50,,,0,86,,4754,20,0,11 13,0,44,,4765,50,,,0,170,,4766,50,,,0
2000002000,'Semaine-02',437,,3635,20,0,11 13,0,74,,3634,20,0,11 13,0,22,,3636,50,0,11 13,0,72,,3637,20,0,11 13,0,33,,3653,50,,,0,98,,3654,50,,,0,68,,3655,50,,,0,99,,3640,20,0,11 13,0,31,,3656,50,,,0,69,,3641,20,0,11 13,0,34,,3657,50,,,0,66,,3642,20,0,11 13,0,34,,3658,50,,,0,21,,3643,20,0,11 13,0,74,,3659,50,,,0,21,,3644,20,0,11 13,0,83,,3660,50,,,0,67,,3645,20,0,11 13,0,35,,3661,50,,,0,63,,3646,50,0,11 13,0,32,,3662,50,,,0,70,,3647,20,0,11 13,0,29,,3663,50,,,0,105,,3664,50,,,0,100,,3651,50,,,0,74,,3650,50,,,0,93,,3649,50,,,0,53,,3648,50,,,0,90,,3652,20,0,11 13,0,73,,3639,50,,,0,139,,3638,50,,,0
2000002000,'Semaine-03',437,,3666,20,0,11 13,0,74,,3665,20,0,11 13,0,22,,3667,50,0,11 13,0,72,,3668,20,0,11 13,0,33,,3684,50,,,0,98,,3685,50,,,0,68,,3686,50,,,0,99,,3671,20,0,11 13,0,31,,3687,50,,,0,69,,3672,20,0,11 13,0,34,,3688,50,,,0,66,,3673,20,0,11 13,0,34,,3689,50,,,0,21,,3674,20,0,11 13,0,74,,3690,50,,,0,21,,3675,20,0,11 13,0,83,,3691,50,,,0,67,,3676,20,0,11 13,0,35,,3692,50,,,0,63,,3677,50,0,11 13,0,32,,3693,50,,,0,70,,3678,20,0,11 13,0,29,,3694,50,,,0,105,,3695,50,,,0,100,,3682,50,,,0,74,,3681,50,,,0,93,,3680,50,,,0,53,,3679,50,,,0,90,,3683,20,0,11 13,0,73,,3670,50,,,0,139,,3669,50,,,0
