101,'Dimanche-02',742,,7950,310,,,0,206,,7951,310,,,0,171,,7952,310,,,0,133,,7953,310,,,0,167,,7954,310,,,0,120,,7955,310,,,0,120,,7956,310,,,0,160,,7957,310,,,0,117,,7958,310,,,0,174,,7959,310,,,0,114,,7960,310,,,0,113,,7961,310,,,0
101,'Fête-1-02',742,,7962,310,,,0,206,,7963,310,,,0,171,,7964,310,,,0,133,,7965,310,,,0,167,,7966,310,,,0,120,,7967,310,,,0,120,,7968,310,,,0,160,,7969,310,,,0,117,,7970,310,,,0,174,,7971,310,,,0,114,,7972,310,,,0,113,,7973,310,,,0
101,'Fête-2-02',641,,7974,310,,,0,101,,7983,310,,,0,70,,7985,310,,,0,90,,7986,310,,,0,111,,7987,310,,,0,105,,7988,310,,,0,95,,7990,310,,,0,103,,7989,310,,,0,106,,7991,310,,,0,81,,7975,310,,,0,103,,7976,310,,,0,96,,7977,310,,,0,107,,7978,310,,,0,34,,7979,310,,,0,103,,7980,310,,,0,84,,7981,310,,,0,173,,7982,310,,,0,135,,7984,310,,,0
101,'Samedi-02',742,,7992,310,,,0,206,,7993,310,,,0,171,,7994,310,,,0,133,,7995,310,,,0,167,,7996,310,,,0,120,,7997,310,,,0,120,,7998,310,,,0,160,,7999,310,,,0,117,,8000,310,,,0,174,,8001,310,,,0,114,,8002,310,,,0,113,,8003,310,,,0
101,'Semaine-02',636,,8022,180,,,0,5,,8004,310,,,0,101,,8013,310,,,0,70,,8015,310,,,0,90,,8016,310,,,0,111,,8017,310,,,0,105,,8018,310,,,0,95,,8020,310,,,0,103,,8019,310,,,0,106,,8021,310,,,0,81,,8005,310,,,0,103,,8006,310,,,0,96,,8007,310,,,0,107,,8008,310,,,0,34,,8009,310,,,0,103,,8010,310,,,0,84,,8011,310,,,0,173,,8012,310,,,0,135,,8014,310,,,0
2301,'Fête-2-02',1603,,8180,320,,,0,25,,8181,320,,,0,30,,8182,320,,,0,70,,8183,320,,,0,28,,8184,320,,,0,69,,8185,320,,,0,29,,8186,320,,,0
2301,'Semaine-02',1603,,8187,320,,,0,25,,8188,320,,,0,30,,8189,320,,,0,70,,8190,320,,,0,28,,8191,320,,,0,69,,8192,320,,,0,29,,8193,320,,,0
3300,'Dimanche-02',552,,8559,220,,,0,82,,8557,220,,,0,90,,8568,220,,,0,81,,8578,220,,,0,43,,8580,220,,,0,93,,8581,220,,,0,80,,8582,220,,,0,80,,8583,220,,,0,40,,8584,220,,,0,80,,8560,220,,,0,80,,8561,220,,,0,39,,8562,220,,,0,80,,8563,220,,,0,80,,8564,220,,,0,39,,8565,220,,,0,79,,8566,220,,,0,39,,8567,220,,,0,79,,8569,220,,,0,79,,8570,220,,,0,40,,8571,220,,,0,87,,8572,220,,,0,85,,8573,220,,,0,86,,8574,220,,,0,87,,8575,220,,,0,46,,8576,220,,,0,83,,8577,220,,,0,88,,8558,220,,,0,83,,8579,220,,,0,119,,8585,220,0,8 6,0
3300,'Fête-1-02',612,,8588,220,,,0,41,,8586,220,,,0,81,,8597,220,,,0,82,,8607,220,,,0,42,,8609,220,,,0,84,,8610,220,,,0,81,,8611,220,,,0,82,,8612,220,,,0,42,,8613,220,,,0,82,,8589,220,,,0,82,,8590,220,,,0,42,,8591,220,,,0,82,,8592,220,,,0,82,,8593,220,,,0,42,,8594,220,,,0,82,,8595,220,,,0,82,,8596,220,,,0,85,,8598,220,,,0,39,,8599,220,,,0,82,,8600,220,,,0,82,,8601,220,,,0,39,,8602,220,,,0,82,,8603,220,,,0,81,,8604,220,,,0,42,,8605,220,,,0,83,,8606,220,,,0,86,,8608,220,,,0,86,,8587,220,,,0,113,,8614,220,0,8 6,0
3300,'Fête-2-02',619,,8615,220,,,0,40,,8643,220,,,0,81,,8624,220,,,0,80,,8634,220,,,0,80,,8637,220,,,0,40,,8638,220,,,0,80,,8639,220,,,0,82,,8640,220,,,0,41,,8641,220,,,0,83,,8616,220,,,0,83,,8617,220,,,0,43,,8618,220,,,0,82,,8619,220,,,0,83,,8620,220,,,0,86,,8621,220,,,0,45,,8622,220,,,0,85,,8623,220,,,0,84,,8625,220,,,0,42,,8626,220,,,0,83,,8627,220,,,0,82,,8628,220,,,0,80,,8629,220,,,0,40,,8630,220,,,0,79,,8631,220,,,0,80,,8632,220,,,0,40,,8633,220,,,0,80,,8635,220,,,0,80,,8636,220,,,0,56,,8642,170,0,8 6,0
3300,'Samedi-02',612,,8646,220,,,0,41,,8644,220,,,0,81,,8655,220,,,0,82,,8665,220,,,0,42,,8667,220,,,0,84,,8668,220,,,0,81,,8669,220,,,0,82,,8670,220,,,0,42,,8671,220,,,0,82,,8647,220,,,0,82,,8648,220,,,0,42,,8649,220,,,0,82,,8650,220,,,0,82,,8651,220,,,0,42,,8652,220,,,0,82,,8653,220,,,0,82,,8654,220,,,0,85,,8656,220,,,0,39,,8657,220,,,0,82,,8658,220,,,0,82,,8659,220,,,0,39,,8660,220,,,0,82,,8661,220,,,0,81,,8662,220,,,0,42,,8663,220,,,0,83,,8664,220,,,0,86,,8666,220,,,0,86,,8645,220,,,0,113,,8672,220,0,8 6,0
3300,'Semaine-02',619,,8673,220,,,0,40,,8701,220,,,0,81,,8682,220,,,0,80,,8692,220,,,0,80,,8695,220,,,0,40,,8696,220,,,0,80,,8697,220,,,0,82,,8698,220,,,0,41,,8699,220,,,0,83,,8674,220,,,0,83,,8675,220,,,0,43,,8676,220,,,0,82,,8677,220,,,0,83,,8678,220,,,0,86,,8679,220,,,0,45,,8680,220,,,0,85,,8681,220,,,0,84,,8683,220,,,0,42,,8684,220,,,0,83,,8685,220,,,0,82,,8686,220,,,0,80,,8687,220,,,0,40,,8688,220,,,0,79,,8689,220,,,0,80,,8690,220,,,0,40,,8691,220,,,0,80,,8693,220,,,0,80,,8694,220,,,0,56,,8700,170,0,8 6,0
9001,'Semaine-02',1849,,8705,220,,,0
