100,'Dimanche-02',636,,7889,600,,,0,200,,7878,600,,,0,167,,7879,600,,,0,130,,7880,600,,,0,125,,7881,600,,,0,163,,7882,600,,,0,118,,7883,600,,,0,120,,7884,600,,,0,163,,7885,600,,,0,135,,7886,600,,,0,155,,7887,600,,,0,115,,7888,600,,,0
100,'Fête-1-02',636,,7901,600,,,0,200,,7890,600,,,0,167,,7891,600,,,0,130,,7892,600,,,0,125,,7893,600,,,0,163,,7894,600,,,0,118,,7895,600,,,0,120,,7896,600,,,0,163,,7897,600,,,0,135,,7898,600,,,0,155,,7899,600,,,0,115,,7900,600,,,0
100,'Fête-2-02',523,,7902,600,,,0,104,,7903,600,,,0,26,,7904,600,,,0,82,,7905,600,,,0,118,,7906,600,,,0,104,,7909,600,,,0,94,,7918,600,,,0,101,,7910,600,,,0,101,,7919,600,,,0,78,,7911,600,,,0,102,,7912,600,,,0,100,,7916,600,,,0,110,,7913,600,,,0,75,,7914,600,,,0,105,,7907,600,,,0,92,,7908,600,,,0,132,,7917,600,,,0,184,,7915,600,,,0
100,'Samedi-02',636,,7931,600,,,0,200,,7920,600,,,0,167,,7921,600,,,0,130,,7922,600,,,0,125,,7923,600,,,0,163,,7924,600,,,0,118,,7925,600,,,0,120,,7926,600,,,0,163,,7927,600,,,0,135,,7928,600,,,0,155,,7929,600,,,0,115,,7930,600,,,0
100,'Semaine-02',523,,7932,600,,,0,104,,7933,600,,,0,26,,7934,600,,,0,82,,7935,600,,,0,118,,7936,600,,,0,104,,7939,600,,,0,94,,7948,600,,,0,101,,7940,600,,,0,101,,7949,600,,,0,78,,7941,600,,,0,102,,7942,600,,,0,100,,7946,600,,,0,110,,7943,600,,,0,75,,7944,600,,,0,105,,7937,600,,,0,92,,7938,600,,,0,132,,7947,600,,,0,184,,7945,600,,,0
2800,'Fête-2-02',513,,8284,130,,,0,20,,8283,130,,,0,15,,8281,370,,,0,65,,8289,130,,,0,20,,8280,410,,,0,20,,8282,370,,,0,61,,8285,130,,,0,20,,8286,130,,,0,21,,8287,130,,,0,60,,8288,130,,,0
2800,'Semaine-02',513,,8294,130,,,0,20,,8293,130,,,0,15,,8291,370,,,0,55,,8305,130,,,0,10,,8301,130,,,0,10,,8302,130,,,0,10,,8290,410,,,0,8,,8303,130,,,0,8,,8292,370,,,0,8,,8306,130,,,0,49,,8304,130,,,0,8,,8295,130,,,0,10,,8296,130,,,0,11,,8297,130,,,0,10,,8298,130,,,0,10,,8299,130,,,0,60,,8300,130,,,0
3300,'Dimanche-02',611,,8559,510,,,0,42,,8557,510,,,0,91,,8568,510,,,0,81,,8578,510,,,0,83,,8580,510,,,0,93,,8581,510,,,0,40,,8582,510,,,0,80,,8583,510,,,0,80,,8584,510,,,0,40,,8560,510,,,0,80,,8561,510,,,0,79,,8562,510,,,0,40,,8563,510,,,0,80,,8564,510,,,0,39,,8565,510,,,0,79,,8566,510,,,0,79,,8567,510,,,0,39,,8569,510,,,0,79,,8570,510,,,0,80,,8571,510,,,0,87,,8572,510,,,0,45,,8573,510,,,0,85,,8574,510,,,0,87,,8575,510,,,0,86,,8576,510,,,0,43,,8577,510,,,0,88,,8558,510,,,0,83,,8579,510,,,0
3300,'Fête-1-02',631,,8588,510,,,0,81,,8586,510,,,0,42,,8597,510,,,0,82,,8607,510,,,0,82,,8609,510,,,0,84,,8610,510,,,0,41,,8611,510,,,0,82,,8612,510,,,0,82,,8613,510,,,0,42,,8589,510,,,0,82,,8590,510,,,0,82,,8591,510,,,0,42,,8592,510,,,0,82,,8593,510,,,0,82,,8594,510,,,0,82,,8595,510,,,0,42,,8596,510,,,0,85,,8598,510,,,0,79,,8599,510,,,0,42,,8600,510,,,0,82,,8601,510,,,0,79,,8602,510,,,0,41,,8603,510,,,0,81,,8604,510,,,0,82,,8605,510,,,0,43,,8606,510,,,0,86,,8608,510,,,0,86,,8587,510,,,0
3300,'Fête-2-02',638,,8615,510,,,0,80,,8643,510,,,0,41,,8624,510,,,0,80,,8634,510,,,0,80,,8637,510,,,0,40,,8638,510,,,0,80,,8639,510,,,0,82,,8640,510,,,0,81,,8641,510,,,0,43,,8616,510,,,0,83,,8617,510,,,0,83,,8618,510,,,0,43,,8619,510,,,0,84,,8620,510,,,0,86,,8621,510,,,0,84,,8622,510,,,0,45,,8623,510,,,0,84,,8625,510,,,0,81,,8626,510,,,0,83,,8627,510,,,0,42,,8628,510,,,0,80,,8629,510,,,0,80,,8630,510,,,0,39,,8631,510,,,0,80,,8632,510,,,0,80,,8633,510,,,0,40,,8635,510,,,0,80,,8636,510,,,0
3300,'Samedi-02',631,,8646,510,,,0,81,,8644,510,,,0,42,,8655,510,,,0,82,,8665,510,,,0,82,,8667,510,,,0,84,,8668,510,,,0,41,,8669,510,,,0,82,,8670,510,,,0,82,,8671,510,,,0,42,,8647,510,,,0,82,,8648,510,,,0,82,,8649,510,,,0,42,,8650,510,,,0,82,,8651,510,,,0,82,,8652,510,,,0,82,,8653,510,,,0,42,,8654,510,,,0,85,,8656,510,,,0,79,,8657,510,,,0,42,,8658,510,,,0,82,,8659,510,,,0,79,,8660,510,,,0,41,,8661,510,,,0,81,,8662,510,,,0,82,,8663,510,,,0,43,,8664,510,,,0,86,,8666,510,,,0,86,,8645,510,,,0
3300,'Semaine-02',638,,8673,510,,,0,80,,8701,510,,,0,41,,8682,510,,,0,80,,8692,510,,,0,80,,8695,510,,,0,40,,8696,510,,,0,80,,8697,510,,,0,82,,8698,510,,,0,81,,8699,510,,,0,43,,8674,510,,,0,83,,8675,510,,,0,83,,8676,510,,,0,43,,8677,510,,,0,84,,8678,510,,,0,86,,8679,510,,,0,84,,8680,510,,,0,45,,8681,510,,,0,84,,8683,510,,,0,81,,8684,510,,,0,83,,8685,510,,,0,42,,8686,510,,,0,80,,8687,510,,,0,80,,8688,510,,,0,39,,8689,510,,,0,80,,8690,510,,,0,80,,8691,510,,,0,40,,8693,510,,,0,80,,8694,510,,,0
