2301,'Fête-2-02',1550,,8180,140,,,0,65,,8181,140,,,0,30,,8182,140,,,0,70,,8183,140,,,0,29,,8184,140,,,0,69,,8185,140,,,0,30,,8186,140,,,0
2301,'Semaine-02',1550,,8187,140,,,0,65,,8188,140,,,0,30,,8189,140,,,0,70,,8190,140,,,0,29,,8191,140,,,0,69,,8192,140,,,0,30,,8193,140,,,0
2401,'Fête-2-02',1637,,8205,30,,,0,85,,8206,30,,,0,85,,8208,30,,,0,45,,8207,30,,,0
2401,'Semaine-02',1637,,8209,30,,,0,85,,8210,30,,,0,85,,8213,30,,,0,21,,8212,30,,,0,24,,8211,30,,,0
2501,'Fête-2-02',1554,,8226,140,,,0,80,,8227,140,,,0,74,,8228,140,,,0,39,,8229,140,,,0,80,,8230,140,,,0,28,,8231,140,,,0
2501,'Semaine-02',1554,,8232,140,,,0,80,,8233,140,,,0,74,,8234,140,,,0,39,,8235,140,,,0,80,,8236,140,,,0,28,,8237,140,,,0
2701,'Fête-2-02',606,,8262,30,,,0,40,,8263,30,,,0,81,,8264,30,,,0,80,,8265,30,,,0,744,,8269,30,,,0,81,,8266,30,,,0,84,,8270,30,,,0,86,,8267,30,,,0,45,,8268,30,,,0
2701,'Semaine-02',606,,8271,30,,,0,40,,8272,30,,,0,81,,8273,30,,,0,80,,8274,30,,,0,744,,8278,30,,,0,81,,8275,30,,,0,84,,8279,30,,,0,86,,8276,30,,,0,45,,8277,30,,,0
3200,'Dimanche-02',555,,8455,140,,,0,254,,8460,140,,,0,223,,8463,140,,,0,192,,8464,140,,,0,119,,8456,140,,,0,162,,8466,140,,,0,120,,8457,140,,,0,119,,8459,140,,,0,158,,8458,140,,,0,215,,8461,140,,,0,216,,8462,140,,,0,213,,8465,140,0,6,0
3200,'Fête-1-02',526,,8467,20,,,0,181,,8473,140,,,0,37,,8468,140,,,0,160,,8476,140,,,0,123,,8477,140,,,0,124,,8478,140,,,0,164,,8469,140,,,0,124,,8480,140,,,0,164,,8470,140,,,0,128,,8471,140,,,0,120,,8472,140,,,0,276,,8474,140,,,0,216,,8475,140,,,0,208,,8479,140,0,6,0
3200,'Fête-2-02',623,,8506,140,,,0,80,,8481,140,,,0,39,,8509,140,,,0,79,,8492,140,,,0,80,,8500,140,,,0,42,,8501,140,,,0,81,,8502,140,,,0,81,,8503,140,,,0,43,,8504,140,,,0,83,,8505,140,,,0,83,,8482,140,,,0,42,,8483,140,,,0,82,,8484,140,,,0,85,,8508,140,,,0,85,,8486,140,,,0,44,,8487,140,,,0,86,,8488,140,,,0,85,,8489,140,,,0,82,,8490,140,,,0,43,,8491,140,,,0,81,,8493,140,,,0,80,,8494,140,,,0,40,,8495,140,,,0,80,,8496,140,,,0,80,,8497,140,,,0,41,,8498,140,,,0,80,,8499,140,,,0,112,,8507,140,0,6,0
3200,'Samedi-02',526,,8512,20,,,0,181,,8518,140,,,0,37,,8513,140,,,0,160,,8521,140,,,0,123,,8522,140,,,0,124,,8523,140,,,0,164,,8514,140,,,0,124,,8525,140,,,0,164,,8515,140,,,0,128,,8516,140,,,0,120,,8517,140,,,0,276,,8519,140,,,0,216,,8520,140,,,0,208,,8524,140,0,6,0
3200,'Semaine-02',623,,8551,140,,,0,80,,8526,140,,,0,39,,8554,140,,,0,79,,8537,140,,,0,80,,8545,140,,,0,42,,8546,140,,,0,81,,8547,140,,,0,81,,8548,140,,,0,43,,8549,140,,,0,83,,8550,140,,,0,83,,8527,140,,,0,42,,8528,140,,,0,82,,8529,140,,,0,85,,8553,140,,,0,85,,8531,140,,,0,44,,8532,140,,,0,86,,8533,140,,,0,85,,8534,140,,,0,82,,8535,140,,,0,43,,8536,140,,,0,81,,8538,140,,,0,80,,8539,140,,,0,40,,8540,140,,,0,80,,8541,140,,,0,80,,8542,140,,,0,41,,8543,140,,,0,80,,8544,140,,,0,112,,8552,140,0,6,0
