100,'Dimanche-04',630,,4395,530,,,0,200,,4384,530,,,0,126,,4385,530,,,0,170,,4386,530,,,0,125,,4387,530,,,0,164,,4388,530,,,0,118,,4389,530,,,0,120,,4390,530,,,0,163,,4391,530,,,0,135,,4392,530,,,0,155,,4393,530,,,0,115,,4394,530,,,0
100,'Samedi-04',630,,4407,530,,,0,200,,4396,530,,,0,126,,4397,530,,,0,170,,4398,530,,,0,125,,4399,530,,,0,164,,4400,530,,,0,118,,4401,530,,,0,120,,4402,530,,,0,163,,4403,530,,,0,135,,4404,530,,,0,155,,4405,530,,,0,115,,4406,530,,,0
100,'Semaine-02',514,,2638,530,,,0,102,,2639,530,,,0,30,,2640,530,,,0,81,,2641,530,,,0,129,,2642,530,,,0,98,,2645,530,,,0,70,,2654,530,,,0,100,,2646,530,,,0,106,,2655,530,,,0,95,,2647,530,,,0,100,,2648,530,,,0,100,,2652,530,,,0,110,,2649,530,,,0,89,,2650,530,,,0,113,,2643,530,,,0,87,,2644,530,,,0,103,,2653,530,,,0,196,,2651,530,,,0
100,'Semaine-03',516,,2656,530,,,0,104,,2657,530,,,0,26,,2658,530,,,0,81,,2659,530,,,0,119,,2660,530,,,0,104,,2663,530,,,0,94,,2672,530,,,0,101,,2664,530,,,0,100,,2673,530,,,0,78,,2665,530,,,0,102,,2666,530,,,0,100,,2670,530,,,0,110,,2667,530,,,0,75,,2668,530,,,0,107,,2661,530,,,0,92,,2662,530,,,0,133,,2671,530,,,0,184,,2669,530,,,0
2300,'Semaine-02',535,,2836,200,,,0,65,,2837,200,,,0,15,,2838,200,,,0,35,,2839,200,,,0,65,,2840,200,,,0,15,,2841,200,,,0,25,,2842,200,,,0,60,,2843,200,,,0
2300,'Semaine-03',535,,2844,200,,,0,65,,2845,200,,,0,15,,2846,200,,,0,35,,2847,200,,,0,65,,2848,200,,,0,20,,2849,200,,,0,20,,2850,200,,,0,60,,2851,200,,,0
2400,'Semaine-02',548,,2866,140,,,0,78,,2867,140,,,0,81,,2868,140,,,0,42,,2869,140,,,0,82,,2870,140,,,0
2400,'Semaine-03',604,,2871,140,,,0,22,,2872,140,,,0,74,,2873,140,,,0,52,,2875,140,,,0,74,,2876,140,,,0,80,,2874,140,,,0
2600,'Semaine-02',456,,2911,190,,,0
2600,'Semaine-03',456,,2913,190,,,0
2800,'Semaine-02',507,,2957,60,,,0,20,,2956,60,,,0,15,,2954,310,,,0,15,,2963,60,,,0,55,,2964,60,,,0,15,,2953,350,,,0,15,,2955,310,,,0,16,,2958,60,,,0,55,,2959,60,,,0,15,,2960,60,,,0,20,,2961,60,,,0,60,,2962,60,,,0
2800,'Semaine-03',507,,2969,60,,,0,20,,2968,60,,,0,15,,2966,310,,,0,15,,2978,60,,,0,55,,2975,60,,,0,15,,2965,350,,,0,10,,2976,60,,,0,10,,2967,310,,,0,11,,2977,60,,,0,50,,2970,60,,,0,10,,2971,60,,,0,15,,2972,60,,,0,15,,2973,60,,,0,60,,2974,60,,,0
3300,'Dimanche-04',601,,4517,380,,,0,42,,4515,380,,,0,91,,4526,380,,,0,81,,4536,380,,,0,43,,4538,380,,,0,93,,4539,380,,,0,80,,4540,380,,,0,80,,4541,380,,,0,40,,4542,380,,,0,80,,4518,380,,,0,80,,4519,380,,,0,39,,4520,380,,,0,80,,4521,380,,,0,80,,4522,380,,,0,39,,4523,380,,,0,79,,4524,380,,,0,79,,4525,380,,,0,39,,4527,380,,,0,79,,4528,380,,,0,80,,4529,380,,,0,47,,4530,380,,,0,85,,4531,380,,,0,85,,4532,380,,,0,87,,4533,380,,,0,46,,4534,380,,,0,83,,4535,380,,,0,88,,4516,380,,,0,83,,4537,380,,,0
3300,'Samedi-04',621,,4546,380,,,0,81,,4544,380,,,0,42,,4555,380,,,0,82,,4565,380,,,0,82,,4567,380,,,0,44,,4568,380,,,0,81,,4569,380,,,0,82,,4570,380,,,0,42,,4571,380,,,0,82,,4547,380,,,0,82,,4548,380,,,0,82,,4549,380,,,0,42,,4550,380,,,0,82,,4551,380,,,0,82,,4552,380,,,0,42,,4553,380,,,0,82,,4554,380,,,0,85,,4556,380,,,0,39,,4557,380,,,0,82,,4558,380,,,0,82,,4559,380,,,0,79,,4560,380,,,0,41,,4561,380,,,0,81,,4562,380,,,0,82,,4563,380,,,0,43,,4564,380,,,0,86,,4566,380,,,0,86,,4545,380,,,0
3300,'Semaine-02',623,,3208,380,,,0,81,,3236,380,,,0,42,,3217,380,,,0,82,,3227,380,,,0,82,,3230,380,,,0,42,,3231,380,,,0,82,,3232,380,,,0,83,,3233,380,,,0,83,,3234,380,,,0,43,,3209,380,,,0,83,,3210,380,,,0,83,,3211,380,,,0,44,,3212,380,,,0,85,,3213,380,,,0,87,,3214,380,,,0,87,,3215,380,,,0,45,,3216,380,,,0,82,,3218,380,,,0,81,,3219,380,,,0,81,,3220,380,,,0,41,,3221,380,,,0,81,,3222,380,,,0,81,,3223,380,,,0,40,,3224,380,,,0,80,,3225,380,,,0,80,,3226,380,,,0,40,,3228,380,,,0,80,,3229,380,,,0
3300,'Semaine-03',628,,3237,380,,,0,80,,3265,380,,,0,41,,3246,380,,,0,80,,3256,380,,,0,80,,3259,380,,,0,40,,3260,380,,,0,80,,3261,380,,,0,82,,3262,380,,,0,41,,3263,380,,,0,83,,3238,380,,,0,83,,3239,380,,,0,83,,3240,380,,,0,43,,3241,380,,,0,83,,3242,380,,,0,86,,3243,380,,,0,45,,3244,380,,,0,85,,3245,380,,,0,84,,3247,380,,,0,81,,3248,380,,,0,43,,3249,380,,,0,82,,3250,380,,,0,80,,3251,380,,,0,40,,3252,380,,,0,79,,3253,380,,,0,80,,3254,380,,,0,40,,3255,380,,,0,80,,3257,380,,,0,80,,3258,380,,,0
