101,'Dimanche-02',736,,7950,190,,,0,205,,7951,190,,,0,170,,7952,190,,,0,133,,7953,190,,,0,167,,7954,190,,,0,120,,7955,190,,,0,120,,7956,190,,,0,160,,7957,190,,,0,118,,7958,190,,,0,174,,7959,190,,,0,114,,7960,190,,,0,114,,7961,190,,,0
101,'Fête-1-02',736,,7962,190,,,0,205,,7963,190,,,0,170,,7964,190,,,0,133,,7965,190,,,0,167,,7966,190,,,0,120,,7967,190,,,0,120,,7968,190,,,0,160,,7969,190,,,0,118,,7970,190,,,0,174,,7971,190,,,0,114,,7972,190,,,0,114,,7973,190,,,0
101,'Fête-2-02',635,,7974,190,,,0,100,,7983,190,,,0,70,,7985,190,,,0,50,,7986,190,,,0,151,,7987,190,,,0,105,,7988,190,,,0,95,,7990,190,,,0,102,,7989,190,,,0,106,,7991,190,,,0,41,,7975,190,,,0,102,,7976,190,,,0,96,,7977,190,,,0,149,,7978,190,,,0,34,,7979,190,,,0,103,,7980,190,,,0,84,,7981,190,,,0,134,,7982,190,,,0,175,,7984,190,,,0
101,'Samedi-02',736,,7992,190,,,0,205,,7993,190,,,0,170,,7994,190,,,0,133,,7995,190,,,0,167,,7996,190,,,0,120,,7997,190,,,0,120,,7998,190,,,0,160,,7999,190,,,0,118,,8000,190,,,0,174,,8001,190,,,0,114,,8002,190,,,0,114,,8003,190,,,0
101,'Semaine-02',630,,8022,60,,,0,5,,8004,190,,,0,100,,8013,190,,,0,70,,8015,190,,,0,50,,8016,190,,,0,151,,8017,190,,,0,105,,8018,190,,,0,95,,8020,190,,,0,102,,8019,190,,,0,106,,8021,190,,,0,41,,8005,190,,,0,102,,8006,190,,,0,96,,8007,190,,,0,149,,8008,190,,,0,34,,8009,190,,,0,103,,8010,190,,,0,84,,8011,190,,,0,134,,8012,190,,,0,175,,8014,190,,,0
2100,'Fête-2-02',526,,8111,40,,,0,30,,8112,40,,,0,70,,8113,40,,,0,75,,8114,40,,,0,30,,8115,40,,,0,75,,8116,40,,,0
2100,'Semaine-02',526,,8117,40,,,0,30,,8118,40,,,0,70,,8119,40,,,0,75,,8120,40,,,0,30,,8121,40,,,0,75,,8122,40,,,0
2101,'Fête-2-02',1624,,8123,190,,,0,30,,8124,190,,,0,69,,8125,190,,,0,29,,8126,190,,,0,70,,8127,190,,,0
2101,'Semaine-02',1624,,8131,190,,,0,23,,8132,190,,,0,66,,8133,190,,,0,24,,8134,190,,,0,65,,8135,190,,,0,28,,8136,190,,,0
2801,'Fête-2-02',1359,,8310,130,0,22,0,188,,8313,130,0,22,0,72,,8317,130,0,22,0,27,,8308,130,0,23,0,55,,8316,130,0,22,0,19,,8311,130,0,22,0,10,,8307,130,,,0,10,,8312,130,0,22,0,18,,8309,130,0,23,0,59,,8314,130,0,22,0,16,,8318,130,0,22,0,15,,8315,130,0,22,0
2801,'Semaine-02',1359,,8322,130,0,22,0,188,,8328,130,0,22,0,57,,8331,130,0,22,0,15,,8335,130,0,22,0,12,,8332,130,0,22,0,15,,8320,130,0,23,0,5,,8333,130,0,22,0,50,,8334,130,0,22,0,10,,8323,130,0,22,0,9,,8324,130,0,22,0,10,,8319,130,,,0,10,,8325,130,0,22,0,8,,8326,130,0,22,0,10,,8321,130,0,23,0,54,,8327,130,0,22,0,11,,8329,130,0,22,0,25,,8330,130,0,22,0
3300,'Dimanche-02',542,,8559,60,,,0,82,,8557,60,,,0,90,,8568,60,,,0,41,,8578,60,,,0,83,,8580,60,,,0,93,,8581,60,,,0,80,,8582,60,,,0,40,,8583,60,,,0,80,,8584,60,,,0,80,,8560,60,,,0,40,,8561,60,,,0,79,,8562,60,,,0,80,,8563,60,,,0,40,,8564,60,,,0,79,,8565,60,,,0,79,,8566,60,,,0,39,,8567,60,,,0,79,,8569,60,,,0,79,,8570,60,,,0,40,,8571,60,,,0,87,,8572,60,,,0,85,,8573,60,,,0,86,,8574,60,,,0,47,,8575,60,,,0,86,,8576,60,,,0,83,,8577,60,,,0,88,,8558,60,,,0,43,,8579,60,,,0,159,,8585,60,0,8 6,0
3300,'Fête-1-02',602,,8588,60,,,0,41,,8586,60,,,0,81,,8597,60,,,0,82,,8607,60,,,0,42,,8609,60,,,0,84,,8610,60,,,0,81,,8611,60,,,0,42,,8612,60,,,0,82,,8613,60,,,0,82,,8589,60,,,0,82,,8590,60,,,0,42,,8591,60,,,0,82,,8592,60,,,0,82,,8593,60,,,0,42,,8594,60,,,0,82,,8595,60,,,0,82,,8596,60,,,0,45,,8598,60,,,0,79,,8599,60,,,0,82,,8600,60,,,0,82,,8601,60,,,0,39,,8602,60,,,0,82,,8603,60,,,0,81,,8604,60,,,0,42,,8605,60,,,0,83,,8606,60,,,0,86,,8608,60,,,0,86,,8587,60,,,0,113,,8614,60,0,8 6,0
3300,'Fête-2-02',609,,8615,60,,,0,40,,8643,60,,,0,80,,8624,60,,,0,80,,8634,60,,,0,40,,8637,60,,,0,80,,8638,60,,,0,80,,8639,60,,,0,41,,8640,60,,,0,81,,8641,60,,,0,83,,8616,60,,,0,43,,8617,60,,,0,83,,8618,60,,,0,82,,8619,60,,,0,82,,8620,60,,,0,45,,8621,60,,,0,85,,8622,60,,,0,85,,8623,60,,,0,85,,8625,60,,,0,45,,8626,60,,,0,83,,8627,60,,,0,82,,8628,60,,,0,40,,8629,60,,,0,80,,8630,60,,,0,80,,8631,60,,,0,40,,8632,60,,,0,80,,8633,60,,,0,80,,8635,60,,,0,40,,8636,60,,,0,96,,8642,10,0,8 6,0
3300,'Samedi-02',602,,8646,60,,,0,41,,8644,60,,,0,81,,8655,60,,,0,82,,8665,60,,,0,42,,8667,60,,,0,84,,8668,60,,,0,81,,8669,60,,,0,42,,8670,60,,,0,82,,8671,60,,,0,82,,8647,60,,,0,82,,8648,60,,,0,42,,8649,60,,,0,82,,8650,60,,,0,82,,8651,60,,,0,42,,8652,60,,,0,82,,8653,60,,,0,82,,8654,60,,,0,45,,8656,60,,,0,79,,8657,60,,,0,82,,8658,60,,,0,82,,8659,60,,,0,39,,8660,60,,,0,82,,8661,60,,,0,81,,8662,60,,,0,42,,8663,60,,,0,83,,8664,60,,,0,86,,8666,60,,,0,86,,8645,60,,,0,113,,8672,60,0,8 6,0
3300,'Semaine-02',609,,8673,60,,,0,40,,8701,60,,,0,80,,8682,60,,,0,80,,8692,60,,,0,40,,8695,60,,,0,80,,8696,60,,,0,80,,8697,60,,,0,41,,8698,60,,,0,81,,8699,60,,,0,83,,8674,60,,,0,43,,8675,60,,,0,83,,8676,60,,,0,82,,8677,60,,,0,82,,8678,60,,,0,45,,8679,60,,,0,85,,8680,60,,,0,85,,8681,60,,,0,85,,8683,60,,,0,45,,8684,60,,,0,83,,8685,60,,,0,82,,8686,60,,,0,40,,8687,60,,,0,80,,8688,60,,,0,80,,8689,60,,,0,40,,8690,60,,,0,80,,8691,60,,,0,80,,8693,60,,,0,40,,8694,60,,,0,96,,8700,10,0,8 6,0
9001,'Semaine-02',1841,,8705,100,,,0
