101,'Dimanche-01',717,,5325,70,,,0,205,,5326,70,,,0,130,,5327,70,,,0,171,,5328,70,,,0,125,,5329,70,,,0,160,,5330,70,,,0,120,,5331,70,,,0,120,,5332,70,,,0,159,,5333,70,,,0,135,,5334,70,,,0,115,,5335,70,,,0,155,,5336,70,,,0
101,'Samedi-01',717,,5367,70,,,0,205,,5368,70,,,0,130,,5369,70,,,0,171,,5370,70,,,0,125,,5371,70,,,0,160,,5372,70,,,0,120,,5373,70,,,0,120,,5374,70,,,0,159,,5375,70,,,0,135,,5376,70,,,0,115,,5377,70,,,0,155,,5378,70,,,0
101,'Semaine-01',613,,5379,70,,,0,100,,5388,70,,,0,30,,5390,70,,,0,90,,5391,70,,,0,111,,5392,70,,,0,105,,5393,70,,,0,95,,5395,70,,,0,100,,5394,70,,,0,105,,5396,70,,,0,80,,5380,70,,,0,100,,5381,70,,,0,100,,5382,70,,,0,110,,5383,70,,,0,75,,5384,70,,,0,104,,5385,70,,,0,84,,5386,70,,,0,135,,5387,70,,,0,175,,5389,70,,,0
2101,'Semaine-01',646,,5512,70,0,5 6,0,79,,5513,70,0,5 6,0,81,,5514,70,0,5 6,0,795,,5506,70,,,0,23,,5507,70,,,0,26,,5508,70,,,0,65,,5509,70,,,0,25,,5510,70,,,0,68,,5511,70,,,0
2301,'Semaine-01',1534,,5562,70,,,0,25,,5563,70,,,0,70,,5564,70,,,0,30,,5565,70,,,0,70,,5566,70,,,0,29,,5567,70,,,0,70,,5568,70,,,0
2501,'Semaine-01',1539,,5607,70,,,0,80,,5608,70,,,0,34,,5609,70,,,0,80,,5610,70,,,0,80,,5611,70,,,0,29,,5612,70,,,0
3100,'Dimanche-01',652,,5744,70,,,0,255,,5745,70,,,0,238,,5743,70,,,0,163,,5736,70,,,0,120,,5737,70,,,0,118,,5738,70,,,0,158,,5739,70,,,0,119,,5740,70,,,0,127,,5741,70,,,0,261,,5735,70,,,0,216,,5742,70,,,0
3100,'Samedi-01',541,,5789,70,,,0,83,,5800,70,,,0,201,,5801,70,,,0,125,,5798,70,,,0,164,,5788,70,,,0,124,,5799,70,,,0,164,,5790,70,,,0,124,,5791,70,,,0,124,,5792,70,,,0,164,,5793,70,,,0,124,,5794,70,,,0,67,,5795,70,,,0,216,,5796,70,,,0,216,,5797,70,,,0
3100,'Semaine-01',547,,5826,70,,,0,80,,5802,70,,,0,79,,5812,70,,,0,40,,5827,70,,,0,80,,5821,70,,,0,80,,5822,70,,,0,40,,5823,70,,,0,81,,5829,70,,,0,81,,5824,70,,,0,43,,5825,70,,,0,83,,5803,70,,,0,83,,5804,70,,,0,42,,5805,70,,,0,82,,5806,70,,,0,84,,5807,70,,,0,85,,5808,70,,,0,45,,5809,70,,,0,86,,5810,70,,,0,85,,5811,70,,,0,85,,5813,70,,,0,42,,5814,70,,,0,80,,5815,70,,,0,80,,5816,70,,,0,40,,5817,70,,,0,80,,5818,70,,,0,80,,5819,70,,,0,40,,5820,70,,,0,161,,5828,70,0,5 6,0
3200,'Dimanche-01',542,,5830,70,,,0,214,,5835,70,,,0,262,,5838,70,,,0,192,,5839,70,,,0,119,,5831,70,,,0,122,,5841,70,,,0,160,,5832,70,,,0,119,,5834,70,,,0,118,,5833,70,,,0,255,,5836,70,,,0,216,,5837,70,,,0,213,,5840,70,0,6,0
3200,'Samedi-01',654,,5893,70,,,0,77,,5888,70,,,0,120,,5896,70,,,0,162,,5897,70,,,0,124,,5898,70,,,0,164,,5889,70,,,0,124,,5900,70,,,0,124,,5890,70,,,0,168,,5891,70,,,0,120,,5892,70,,,0,276,,5894,70,,,0,216,,5895,70,,,0,211,,5899,70,0,6,0
3200,'Semaine-01',611,,5926,70,,,0,39,,5901,70,,,0,78,,5929,70,,,0,79,,5912,70,,,0,40,,5920,70,,,0,83,,5921,70,,,0,81,,5922,70,,,0,41,,5923,70,,,0,83,,5924,70,,,0,82,,5925,70,,,0,83,,5902,70,,,0,42,,5903,70,,,0,81,,5904,70,,,0,84,,5928,70,,,0,45,,5906,70,,,0,85,,5907,70,,,0,86,,5908,70,,,0,86,,5909,70,,,0,43,,5910,70,,,0,84,,5911,70,,,0,81,,5913,70,,,0,40,,5914,70,,,0,80,,5915,70,,,0,80,,5916,70,,,0,40,,5917,70,,,0,82,,5918,70,,,0,80,,5919,70,,,0,112,,5927,70,0,6,0
9800,'Semaine-01',723,,6095,70,,,0,103,,6099,70,,,0,105,,6100,70,,,0,506,,6101,70,,,0,105,,6102,70,,,0,105,,6103,70,,,0,104,,6104,70,,,0,105,,6105,70,,,0,99,,6106,70,,,0,99,,6096,70,,,0,90,,6097,70,,,0,90,,6098,70,,,0
11101,'Dimanche-01',900,,6169,70,,,0,147,,6168,70,,,0,295,,6170,70,,,0,289,,6171,70,,,0,303,,6172,70,,,0
11101,'Samedi-01',900,,6201,70,,,0,147,,6200,70,,,0,295,,6202,70,,,0,289,,6203,70,,,0,303,,6204,70,,,0
11101,'Semaine-01',631,,6217,70,,,0,95,,6224,70,,,0,130,,6225,70,,,0,95,,6222,70,,,0,192,,6227,70,,,0,265,,6208,80,,,0,120,,6211,80,,,0,110,,6219,80,,,0,110,,6220,80,,,0,94,,6221,80,,,0,75,,6210,80,,,0,305,,6223,70,,,0
