100,'Dimanche-02',702,,7889,790,4,,0,201,,7878,790,4,,0,130,,7879,790,4,,0,171,,7880,790,4,,0,125,,7881,790,4,,0,123,,7882,790,4,,0,157,,7883,790,4,,0,120,,7884,790,4,,0,122,,7885,790,4,,0,175,,7886,790,4,,0,115,,7887,790,4,,0,115,,7888,790,4,,0
100,'Fête-1-02',702,,7901,790,4,,0,201,,7890,790,4,,0,130,,7891,790,4,,0,171,,7892,790,4,,0,125,,7893,790,4,,0,123,,7894,790,4,,0,157,,7895,790,4,,0,120,,7896,790,4,,0,122,,7897,790,4,,0,175,,7898,790,4,,0,115,,7899,790,4,,0,115,,7900,790,4,,0
100,'Fête-2-02',550,,7902,790,4,,0,106,,7903,790,4,,0,69,,7904,790,4,,0,84,,7905,790,4,,0,115,,7906,790,4,,0,103,,7909,790,4,,0,92,,7918,790,4,,0,103,,7910,790,4,,0,105,,7919,790,4,,0,78,,7911,790,4,,0,101,,7912,790,4,,0,100,,7916,790,4,,0,110,,7913,790,4,,0,34,,7914,790,4,,0,102,,7907,790,4,,0,92,,7908,790,4,,0,171,,7917,790,4,,0,142,,7915,790,4,,0
100,'Samedi-02',702,,7931,790,4,,0,201,,7920,790,4,,0,130,,7921,790,4,,0,171,,7922,790,4,,0,125,,7923,790,4,,0,123,,7924,790,4,,0,157,,7925,790,4,,0,120,,7926,790,4,,0,122,,7927,790,4,,0,175,,7928,790,4,,0,115,,7929,790,4,,0,115,,7930,790,4,,0
100,'Semaine-02',550,,7932,790,4,,0,106,,7933,790,4,,0,69,,7934,790,4,,0,84,,7935,790,4,,0,115,,7936,790,4,,0,103,,7939,790,4,,0,92,,7948,790,4,,0,103,,7940,790,4,,0,105,,7949,790,4,,0,78,,7941,790,4,,0,101,,7942,790,4,,0,100,,7946,790,4,,0,110,,7943,790,4,,0,34,,7944,790,4,,0,102,,7937,790,4,,0,92,,7938,790,4,,0,171,,7947,790,4,,0,142,,7945,790,4,,0
2100,'Fête-2-02',608,,8111,430,4,,0,30,,8112,430,4,,0,73,,8113,430,4,,0,38,,8114,430,4,,0,70,,8115,430,4,,0,36,,8116,430,4,,0
2100,'Semaine-02',608,,8117,430,4,,0,30,,8118,430,4,,0,73,,8119,430,4,,0,38,,8120,430,4,,0,70,,8121,430,4,,0,36,,8122,430,4,,0
2300,'Fête-2-02',609,,8164,470,4,,0,27,,8165,470,4,,0,17,,8166,470,4,,0,75,,8167,470,4,,0,26,,8168,470,4,,0,61,,8169,470,4,,0,21,,8170,470,4,,0,20,,8171,470,4,,0
2300,'Semaine-02',609,,8172,470,4,,0,27,,8173,470,4,,0,17,,8174,470,4,,0,75,,8175,470,4,,0,26,,8176,470,4,,0,61,,8177,470,4,,0,21,,8178,470,4,,0,20,,8179,470,4,,0
2500,'Fête-2-02',625,,8217,450,4,,0,34,,8214,470,4,,0,61,,8218,450,4,,0,29,,8215,470,4,,0,66,,8219,450,4,,0,29,,8216,470,4,,0
2500,'Semaine-02',625,,8223,450,4,,0,34,,8220,470,4,,0,61,,8224,450,4,,0,29,,8221,470,4,,0,66,,8225,450,4,,0,29,,8222,470,4,,0
2600,'Fête-2-02',522,,8238,420,4,,0,16,,8239,430,4,,0
2600,'Semaine-02',522,,8240,420,4,,0,16,,8241,430,4,,0
3100,'Dimanche-02',742,,8369,510,4,,0,260,,8370,510,4,,0,238,,8368,510,4,,0,163,,8361,510,4,,0,120,,8362,510,4,,0,118,,8363,510,4,,0,118,,8364,510,4,,0,159,,8365,510,4,,0,127,,8366,510,4,,0,260,,8360,510,4,,0,213,,8367,510,4,,0
3100,'Fête-1-02',631,,8372,510,4,,0,83,,8383,510,4,,0,206,,8384,510,4,,0,125,,8381,510,4,,0,164,,8371,510,4,,0,124,,8382,510,4,,0,124,,8373,510,4,,0,164,,8374,510,4,,0,124,,8375,510,4,,0,164,,8376,510,4,,0,124,,8377,510,4,,0,26,,8378,510,4,,0,256,,8379,510,4,,0,213,,8380,510,4,,0
3100,'Fête-2-02',645,,8409,510,4,,0,80,,8385,510,4,,0,82,,8395,510,4,,0,41,,8410,510,4,,0,80,,8404,510,4,,0,80,,8405,510,4,,0,37,,8406,510,4,,0,79,,8412,510,4,,0,84,,8407,510,4,,0,43,,8408,510,4,,0,83,,8386,510,4,,0,83,,8387,510,4,,0,42,,8388,510,4,,0,84,,8389,510,4,,0,84,,8390,510,4,,0,85,,8391,510,4,,0,46,,8392,510,4,,0,82,,8393,510,4,,0,84,,8394,510,4,,0,82,,8396,510,4,,0,42,,8397,510,4,,0,79,,8398,510,4,,0,80,,8399,510,4,,0,37,,8400,510,4,,0,80,,8401,510,4,,0,80,,8402,510,4,,0,40,,8403,510,4,,0
3100,'Samedi-02',631,,8414,510,4,,0,83,,8425,510,4,,0,206,,8426,510,4,,0,125,,8423,510,4,,0,164,,8413,510,4,,0,124,,8424,510,4,,0,124,,8415,510,4,,0,164,,8416,510,4,,0,124,,8417,510,4,,0,164,,8418,510,4,,0,124,,8419,510,4,,0,26,,8420,510,4,,0,256,,8421,510,4,,0,213,,8422,510,4,,0
3100,'Semaine-02',645,,8451,510,4,,0,80,,8427,510,4,,0,82,,8437,510,4,,0,41,,8452,510,4,,0,80,,8446,510,4,,0,80,,8447,510,4,,0,37,,8448,510,4,,0,79,,8454,510,4,,0,84,,8449,510,4,,0,43,,8450,510,4,,0,83,,8428,510,4,,0,83,,8429,510,4,,0,42,,8430,510,4,,0,84,,8431,510,4,,0,84,,8432,510,4,,0,85,,8433,510,4,,0,46,,8434,510,4,,0,82,,8435,510,4,,0,84,,8436,510,4,,0,82,,8438,510,4,,0,42,,8439,510,4,,0,79,,8440,510,4,,0,80,,8441,510,4,,0,37,,8442,510,4,,0,80,,8443,510,4,,0,80,,8444,510,4,,0,40,,8445,510,4,,0
3200,'Dimanche-02',638,,8455,520,4,,0,214,,8460,520,4,,0,263,,8463,520,4,,0,192,,8464,520,4,,0,119,,8456,520,4,,0,122,,8466,520,4,,0,160,,8457,520,4,,0,119,,8459,520,4,,0,118,,8458,520,4,,0,212,,8461,520,4,,0,256,,8462,520,4,,0
3200,'Fête-1-02',609,,8467,400,4,,0,141,,8473,520,4,,0,77,,8468,520,4,,0,120,,8476,520,4,,0,163,,8477,520,4,,0,124,,8478,520,4,,0,124,,8469,520,4,,0,164,,8480,520,4,,0,124,,8470,520,4,,0,168,,8471,520,4,,0,120,,8472,520,4,,0,273,,8474,520,4,,0,216,,8475,520,4,,0
3200,'Fête-2-02',709,,8506,520,4,,0,42,,8481,520,4,,0,80,,8509,520,4,,0,80,,8492,520,4,,0,40,,8500,520,4,,0,77,,8501,520,4,,0,81,,8502,520,4,,0,41,,8503,520,4,,0,83,,8504,520,4,,0,83,,8505,520,4,,0,43,,8482,520,4,,0,82,,8483,520,4,,0,84,,8484,520,4,,0,86,,8508,520,4,,0,17,,8485,170,4,,0,28,,8486,520,4,,0,58,,8510,170,4,,0,24,,8487,520,4,,0,20,,8511,170,4,,0,65,,8488,520,4,,0,84,,8489,520,4,,0,40,,8490,520,4,,0,83,,8491,520,4,,0,80,,8493,520,4,,0,40,,8494,520,4,,0,80,,8495,520,4,,0,80,,8496,520,4,,0,40,,8497,520,4,,0,80,,8498,520,4,,0,80,,8499,520,4,,0
3200,'Samedi-02',609,,8512,400,4,,0,141,,8518,520,4,,0,77,,8513,520,4,,0,120,,8521,520,4,,0,163,,8522,520,4,,0,124,,8523,520,4,,0,124,,8514,520,4,,0,164,,8525,520,4,,0,124,,8515,520,4,,0,168,,8516,520,4,,0,120,,8517,520,4,,0,273,,8519,520,4,,0,216,,8520,520,4,,0
3200,'Semaine-02',709,,8551,520,4,,0,42,,8526,520,4,,0,80,,8554,520,4,,0,80,,8537,520,4,,0,40,,8545,520,4,,0,77,,8546,520,4,,0,81,,8547,520,4,,0,41,,8548,520,4,,0,83,,8549,520,4,,0,83,,8550,520,4,,0,43,,8527,520,4,,0,82,,8528,520,4,,0,84,,8529,520,4,,0,86,,8553,520,4,,0,17,,8530,170,4,,0,28,,8531,520,4,,0,58,,8555,170,4,,0,24,,8532,520,4,,0,20,,8556,170,4,,0,65,,8533,520,4,,0,84,,8534,520,4,,0,40,,8535,520,4,,0,83,,8536,520,4,,0,80,,8538,520,4,,0,40,,8539,520,4,,0,80,,8540,520,4,,0,80,,8541,520,4,,0,40,,8542,520,4,,0,80,,8543,520,4,,0,80,,8544,520,4,,0
9800,'Fête-2-02',710,,8719,310,4,,0,102,,8707,410,4,,0,104,,8711,410,4,,0,105,,8712,410,4,,0,505,,8713,410,4,,0,105,,8714,410,4,,0,105,,8715,410,4,,0,105,,8716,410,4,,0,102,,8717,410,4,,0,97,,8718,410,4,,0,94,,8708,410,4,,0,90,,8709,410,4,,0
9800,'Semaine-02',710,,8732,310,4,,0,102,,8720,410,4,,0,104,,8724,410,4,,0,105,,8725,410,4,,0,505,,8726,410,4,,0,105,,8727,410,4,,0,105,,8728,410,4,,0,105,,8729,410,4,,0,102,,8730,410,4,,0,97,,8731,410,4,,0,94,,8721,410,4,,0,90,,8722,410,4,,0
11100,'Dimanche-02',848,,8734,540,4,,0,187,,8733,540,4,,0,291,,8735,540,4,,0,291,,8736,540,4,,0,305,,8737,540,4,,0
11100,'Fête-1-02',848,,8742,540,4,,0,187,,8741,540,4,,0,291,,8743,540,4,,0,291,,8744,540,4,,0,305,,8745,540,4,,0
11100,'Fête-2-02',607,,8753,540,4,,0,30,,8751,540,4,,0,70,,8754,540,4,,0,30,,8752,540,4,,0,70,,8758,540,4,,0,30,,8759,540,4,,0,70,,8750,540,4,,0,100,,8760,540,4,,0,329,,8749,540,4,,0,397,,8755,540,4,,0,70,,8757,540,4,,0,30,,8756,540,4,,0,170,,8761,540,4,,0
11100,'Samedi-02',848,,8764,540,4,,0,187,,8763,540,4,,0,291,,8765,540,4,,0,291,,8766,540,4,,0,305,,8767,540,4,,0
11100,'Semaine-02',613,,8773,540,4,,0,98,,8774,540,4,,0,111,,8775,540,4,,0,95,,8776,540,4,,0,114,,8789,540,4,,0,75,,8771,540,4,,0,225,,8772,540,4,,0,380,,8783,540,4,,0,97,,8785,540,4,,0,395,,8787,470,4,,0
