101,'Dimanche-04',809,,4408,730,,,0,206,,4409,730,,,0,131,,4410,730,,,0,173,,4411,730,,,0,127,,4412,730,,,0,160,,4413,730,,,0,120,,4414,730,,,0,120,,4415,730,,,0,157,,4416,730,,,0,134,,4417,730,,,0,114,,4418,730,,,0,153,,4419,730,,,0
101,'Samedi-04',809,,4420,730,,,0,206,,4421,730,,,0,131,,4422,730,,,0,173,,4423,730,,,0,127,,4424,730,,,0,160,,4425,730,,,0,120,,4426,730,,,0,120,,4427,730,,,0,157,,4428,730,,,0,134,,4429,730,,,0,114,,4430,730,,,0,153,,4431,730,,,0
101,'Semaine-02',704,,2686,730,,,0,101,,2695,730,,,0,30,,2697,730,,,0,100,,2698,730,,,0,105,,2699,730,,,0,95,,2700,730,,,0,100,,2702,730,,,0,100,,2701,730,,,0,111,,2703,730,,,0,86,,2687,730,,,0,110,,2688,730,,,0,91,,2689,730,,,0,105,,2690,730,,,0,69,,2691,730,,,0,29,,2692,730,,,0,108,,2693,730,,,0,182,,2694,730,,,0,188,,2696,730,,,0
101,'Semaine-03',709,,2704,730,,,0,101,,2713,730,,,0,30,,2715,730,,,0,90,,2716,730,,,0,110,,2717,730,,,0,105,,2718,730,,,0,95,,2720,730,,,0,105,,2719,730,,,0,106,,2721,730,,,0,81,,2705,730,,,0,105,,2706,730,,,0,96,,2707,730,,,0,105,,2708,730,,,0,74,,2709,730,,,0,103,,2710,730,,,0,43,,2711,730,,,0,173,,2712,730,,,0,173,,2714,730,,,0
2001,'Dimanche-04',803,,4448,550,,,0,124,,4449,550,,,0,126,,4450,550,,,0,165,,4451,550,,,0,125,,4452,550,,,0,165,,4453,550,,,0,125,,4454,550,,,0,125,,4455,550,,,0
2001,'Samedi-04',803,,4456,550,,,0,124,,4457,550,,,0,126,,4458,550,,,0,165,,4459,550,,,0,125,,4460,550,,,0,165,,4461,550,,,0,125,,4462,550,,,0,125,,4463,550,,,0
2001,'Semaine-02',748,,2760,550,,,0,166,,2761,550,,,0,125,,2762,550,,,0,166,,2763,550,,,0,126,,2764,550,,,0,125,,2765,550,,,0,166,,2766,550,,,0,126,,2767,550,,,0,164,,2768,550,,,0
2001,'Semaine-02-0001100',2034,,2770,550,,,0,124,,2769,550,,,0
2001,'Semaine-03',748,,2771,550,,,0,166,,2772,550,,,0,125,,2773,550,,,0,166,,2774,550,,,0,126,,2775,550,,,0,125,,2776,550,,,0,166,,2777,550,,,0,126,,2778,550,,,0,164,,2779,550,,,0
2001,'Semaine-03-0001100',2034,,2781,550,,,0,124,,2780,550,,,0
2801,'Semaine-02',1816,,2979,540,,,0
2801,'Semaine-03',1801,,2993,540,,,0
