101,'Dimanche-04',728,,4408,120,,,0,205,,4409,120,,,0,170,,4410,120,,,0,132,,4411,120,,,0,166,,4412,120,,,0,120,,4413,120,,,0,120,,4414,120,,,0,160,,4415,120,,,0,119,,4416,120,,,0,134,,4417,120,,,0,154,,4418,120,,,0,115,,4419,120,,,0
101,'Samedi-04',728,,4420,120,,,0,205,,4421,120,,,0,170,,4422,120,,,0,132,,4423,120,,,0,166,,4424,120,,,0,120,,4425,120,,,0,120,,4426,120,,,0,160,,4427,120,,,0,119,,4428,120,,,0,134,,4429,120,,,0,154,,4430,120,,,0,115,,4431,120,,,0
101,'Semaine-02',621,,2686,120,,,0,100,,2695,120,,,0,30,,2697,120,,,0,100,,2698,120,,,0,106,,2699,120,,,0,95,,2700,120,,,0,100,,2702,120,,,0,96,,2701,120,,,0,111,,2703,120,,,0,85,,2687,120,,,0,107,,2688,120,,,0,92,,2689,120,,,0,109,,2690,120,,,0,69,,2691,120,,,0,29,,2692,120,,,0,109,,2693,120,,,0,184,,2694,120,,,0,190,,2696,120,,,0
101,'Semaine-03',626,,2704,120,,,0,100,,2713,120,,,0,30,,2715,120,,,0,90,,2716,120,,,0,111,,2717,120,,,0,145,,2718,120,,,0,55,,2720,120,,,0,101,,2719,120,,,0,146,,2721,120,,,0,40,,2705,120,,,0,102,,2706,120,,,0,97,,2707,120,,,0,109,,2708,120,,,0,74,,2709,120,,,0,104,,2710,120,,,0,84,,2711,120,,,0,134,,2712,120,,,0,175,,2714,120,,,0
2101,'Semaine-02',656,,2800,120,0,5 6,0,82,,2801,120,0,5 6,0,82,,2802,120,0,5 6,0,797,,2794,120,,,0,25,,2795,120,,,0,64,,2796,120,,,0,25,,2797,120,,,0,25,,2798,120,,,0,68,,2799,120,,,0
2101,'Semaine-03',658,,2809,120,0,5 6,0,79,,2810,120,0,5 6,0,81,,2811,120,0,5 6,0,796,,2803,120,,,0,23,,2804,120,,,0,66,,2805,120,,,0,25,,2806,120,,,0,25,,2807,120,,,0,68,,2808,120,,,0
2301,'Semaine-02',1548,,2852,120,,,0,65,,2853,120,,,0,30,,2854,120,,,0,70,,2855,120,,,0,24,,2856,120,,,0,74,,2857,120,,,0,30,,2858,120,,,0
2301,'Semaine-03',1548,,2859,120,,,0,65,,2860,120,,,0,30,,2861,120,,,0,70,,2862,120,,,0,29,,2863,120,,,0,69,,2864,120,,,0,30,,2865,120,,,0
2501,'Semaine-02',1552,,2899,120,,,0,80,,2900,120,,,0,74,,2901,120,,,0,39,,2902,120,,,0,75,,2903,120,,,0,33,,2904,120,,,0
2501,'Semaine-03',1552,,2905,120,,,0,80,,2906,120,,,0,74,,2907,120,,,0,39,,2908,120,,,0,80,,2909,120,,,0,28,,2910,120,,,0
2801,'Semaine-02',1352,,2982,60,0,6,0,186,,2986,60,0,6,0,17,,2989,60,0,6,0,55,,2992,60,0,6,0,17,,2980,60,0,7,0,15,,2990,60,0,6,0,15,,2991,60,0,6,0,54,,2983,60,0,6,0,15,,2979,60,,,0,13,,2984,60,0,6,0,14,,2981,60,0,7,0,55,,2985,60,0,6,0,11,,2987,60,0,6,0,20,,2988,60,0,6,0
2801,'Semaine-03',1352,,2996,60,0,6,0,186,,3002,60,0,6,0,17,,3005,60,0,6,0,55,,3008,60,0,6,0,17,,3006,60,0,6,0,15,,2994,60,0,7,0,10,,3007,60,0,6,0,50,,2997,60,0,6,0,9,,2998,60,0,6,0,10,,2993,60,,,0,10,,2999,60,0,6,0,8,,3000,60,0,6,0,10,,2995,60,0,7,0,54,,3001,60,0,6,0,11,,3003,60,0,6,0,25,,3004,60,0,6,0
3100,'Dimanche-04',702,,4473,120,,,0,217,,4474,120,,,0,238,,4472,120,,,0,163,,4465,120,,,0,120,,4466,120,,,0,118,,4467,120,,,0,158,,4468,120,,,0,119,,4469,120,,,0,167,,4470,120,,,0,221,,4464,120,,,0,215,,4471,120,,,0
3100,'Samedi-04',551,,4476,120,,,0,83,,4487,120,,,0,203,,4488,120,,,0,165,,4485,120,,,0,124,,4475,120,,,0,124,,4486,120,,,0,164,,4477,120,,,0,124,,4478,120,,,0,164,,4479,120,,,0,124,,4480,120,,,0,124,,4481,120,,,0,67,,4482,120,,,0,216,,4483,120,,,0,215,,4484,120,,,0
3100,'Semaine-02',552,,3071,120,,,0,81,,3047,120,,,0,81,,3057,120,,,0,42,,3072,120,,,0,82,,3066,120,,,0,82,,3067,120,,,0,82,,3068,120,,,0,42,,3074,120,,,0,83,,3069,120,,,0,83,,3070,120,,,0,43,,3048,120,,,0,83,,3049,120,,,0,83,,3050,120,,,0,84,,3051,120,,,0,46,,3052,120,,,0,87,,3053,120,,,0,86,,3054,120,,,0,85,,3055,120,,,0,42,,3056,120,,,0,81,,3058,120,,,0,81,,3059,120,,,0,41,,3060,120,,,0,81,,3061,120,,,0,81,,3062,120,,,0,40,,3063,120,,,0,80,,3064,120,,,0,80,,3065,120,,,0,111,,3073,120,0,5 6,0
3100,'Semaine-03',558,,3099,120,,,0,80,,3075,120,,,0,80,,3085,120,,,0,40,,3100,120,,,0,80,,3094,120,,,0,80,,3095,120,,,0,40,,3096,120,,,0,81,,3102,120,,,0,81,,3097,120,,,0,83,,3098,120,,,0,43,,3076,120,,,0,83,,3077,120,,,0,82,,3078,120,,,0,42,,3079,120,,,0,85,,3080,120,,,0,85,,3081,120,,,0,85,,3082,120,,,0,45,,3083,120,,,0,85,,3084,120,,,0,83,,3086,120,,,0,82,,3087,120,,,0,40,,3088,120,,,0,80,,3089,120,,,0,80,,3090,120,,,0,40,,3091,120,,,0,80,,3092,120,,,0,80,,3093,120,,,0,121,,3101,120,0,5 6,0
3200,'Dimanche-04',553,,4489,120,,,0,254,,4494,120,,,0,223,,4497,120,,,0,192,,4498,120,,,0,119,,4490,120,,,0,162,,4500,120,,,0,120,,4491,120,,,0,119,,4493,120,,,0,158,,4492,120,,,0,215,,4495,120,,,0,216,,4496,120,,,0,213,,4499,120,0,6,0
3200,'Samedi-04',705,,4507,120,,,0,37,,4502,120,,,0,160,,4510,120,,,0,123,,4511,120,,,0,124,,4512,120,,,0,164,,4503,120,,,0,124,,4514,120,,,0,164,,4504,120,,,0,128,,4505,120,,,0,120,,4506,120,,,0,276,,4508,120,,,0,216,,4509,120,,,0,208,,4513,120,0,6,0
3200,'Semaine-02',620,,3142,120,,,0,81,,3117,120,,,0,41,,3145,120,,,0,81,,3128,120,,,0,84,,3136,120,,,0,42,,3137,120,,,0,82,,3138,120,,,0,83,,3139,120,,,0,43,,3140,120,,,0,83,,3141,120,,,0,83,,3118,120,,,0,83,,3119,120,,,0,44,,3120,120,,,0,86,,3144,120,,,0,87,,3122,120,,,0,86,,3123,120,,,0,45,,3124,120,,,0,82,,3125,120,,,0,81,,3126,120,,,0,41,,3127,120,,,0,82,,3129,120,,,0,81,,3130,120,,,0,81,,3131,120,,,0,40,,3132,120,,,0,81,,3133,120,,,0,80,,3134,120,,,0,40,,3135,120,,,0,98,,3143,120,0,6,0
3200,'Semaine-03',621,,3173,120,,,0,80,,3148,120,,,0,39,,3176,120,,,0,79,,3159,120,,,0,40,,3167,120,,,0,82,,3168,120,,,0,81,,3169,120,,,0,81,,3170,120,,,0,43,,3171,120,,,0,83,,3172,120,,,0,83,,3149,120,,,0,42,,3150,120,,,0,82,,3151,120,,,0,85,,3175,120,,,0,85,,3153,120,,,0,44,,3154,120,,,0,86,,3155,120,,,0,85,,3156,120,,,0,82,,3157,120,,,0,43,,3158,120,,,0,81,,3160,120,,,0,80,,3161,120,,,0,40,,3162,120,,,0,80,,3163,120,,,0,80,,3164,120,,,0,41,,3165,120,,,0,80,,3166,120,,,0,112,,3174,120,0,6,0
11101,'Dimanche-04',911,,4590,120,,,0,148,,4589,120,,,0,296,,4591,120,,,0,288,,4592,120,,,0,304,,4593,120,,,0
11101,'Samedi-04',911,,4598,120,,,0,148,,4597,120,,,0,296,,4599,120,,,0,288,,4600,120,,,0,304,,4601,120,,,0
11101,'Semaine-02',720,,3353,130,,,0,107,,3356,130,,,0,101,,3357,130,,,0,8,,3355,120,,,0,270,,3359,120,,,0,205,,3345,120,,,0,143,,3346,130,,,0,65,,3348,130,,,0,30,,3349,130,,,0,70,,3350,130,,,0,30,,3351,130,,,0,70,,3352,130,,,0,89,,3354,130,,,0,24,,3347,130,,,0,305,,3361,120,,,0
11101,'Semaine-03',640,,3372,60,,,0,2,,3371,120,,,0,95,,3378,120,,,0,169,,3379,120,,,0,95,,3376,120,,,0,155,,3381,120,,,0,265,,3362,120,,,0,110,,3363,60,,,0,10,,3365,120,,,0,91,,3366,60,,,0,19,,3373,120,,,0,56,,3368,60,,,0,30,,3369,60,,,0,13,,3367,60,,,0,51,,3374,120,,,0,9,,3370,60,,,0,45,,3375,120,,,0,77,,3364,130,,,0,302,,3377,120,,,0
