101,'Dimanche-01',729,,5325,130,,,0,205,,5326,130,,,0,170,,5327,130,,,0,132,,5328,130,,,0,166,,5329,130,,,0,120,,5330,130,,,0,120,,5331,130,,,0,160,,5332,130,,,0,119,,5333,130,,,0,134,,5334,130,,,0,154,,5335,130,,,0,115,,5336,130,,,0
101,'Samedi-01',729,,5367,130,,,0,205,,5368,130,,,0,170,,5369,130,,,0,132,,5370,130,,,0,166,,5371,130,,,0,120,,5372,130,,,0,120,,5373,130,,,0,160,,5374,130,,,0,119,,5375,130,,,0,134,,5376,130,,,0,154,,5377,130,,,0,115,,5378,130,,,0
101,'Semaine-01',627,,5379,130,,,0,100,,5388,130,,,0,30,,5390,130,,,0,90,,5391,130,,,0,111,,5392,130,,,0,145,,5393,130,,,0,55,,5395,130,,,0,101,,5394,130,,,0,146,,5396,130,,,0,41,,5380,130,,,0,102,,5381,130,,,0,96,,5382,130,,,0,109,,5383,130,,,0,74,,5384,130,,,0,104,,5385,130,,,0,84,,5386,130,,,0,134,,5387,130,,,0,175,,5389,130,,,0
2101,'Semaine-01',700,,5512,130,0,5 6,0,39,,5513,130,0,5 6,0,81,,5514,130,0,5 6,0,796,,5506,130,,,0,23,,5507,130,,,0,66,,5508,130,,,0,25,,5509,130,,,0,25,,5510,130,,,0,68,,5511,130,,,0
2801,'Semaine-01',1353,,5697,70,0,22,0,187,,5703,70,0,22,0,17,,5706,70,0,22,0,55,,5710,70,0,22,0,12,,5707,70,0,22,0,15,,5695,70,0,23,0,5,,5708,70,0,22,0,10,,5709,70,0,22,0,50,,5698,70,0,22,0,9,,5699,70,0,22,0,10,,5694,70,,,0,10,,5700,70,0,22,0,8,,5701,70,0,22,0,10,,5696,70,0,23,0,54,,5702,70,0,22,0,11,,5704,70,0,22,0,25,,5705,70,0,22,0
3100,'Dimanche-01',704,,5744,130,,,0,217,,5745,130,,,0,238,,5743,130,,,0,163,,5736,130,,,0,120,,5737,130,,,0,158,,5738,130,,,0,118,,5739,130,,,0,119,,5740,130,,,0,167,,5741,130,,,0,221,,5735,130,,,0,215,,5742,130,,,0
3100,'Samedi-01',553,,5789,130,,,0,83,,5800,130,,,0,203,,5801,130,,,0,165,,5798,130,,,0,124,,5788,130,,,0,124,,5799,130,,,0,164,,5790,130,,,0,124,,5791,130,,,0,164,,5792,130,,,0,124,,5793,130,,,0,124,,5794,130,,,0,67,,5795,130,,,0,216,,5796,130,,,0,215,,5797,130,,,0
3100,'Semaine-01',600,,5826,130,,,0,40,,5802,130,,,0,80,,5812,130,,,0,80,,5827,130,,,0,40,,5821,130,,,0,80,,5822,130,,,0,80,,5823,130,,,0,41,,5829,130,,,0,81,,5824,130,,,0,83,,5825,130,,,0,43,,5803,130,,,0,83,,5804,130,,,0,82,,5805,130,,,0,42,,5806,130,,,0,85,,5807,130,,,0,85,,5808,130,,,0,85,,5809,130,,,0,45,,5810,130,,,0,85,,5811,130,,,0,83,,5813,130,,,0,82,,5814,130,,,0,40,,5815,130,,,0,80,,5816,130,,,0,80,,5817,130,,,0,40,,5818,130,,,0,80,,5819,130,,,0,80,,5820,130,,,0,121,,5828,130,0,5 6,0
9001,'Semaine-01',1654,,6081,40,0,5 6,0,95,,6079,40,0,5 6,0,87,,6080,40,,,0
11101,'Dimanche-01',912,,6169,130,,,0,188,,6168,130,,,0,257,,6170,130,,,0,288,,6171,130,,,0,303,,6172,130,,,0
11101,'Samedi-01',912,,6201,130,,,0,188,,6200,130,,,0,257,,6202,130,,,0,288,,6203,130,,,0,303,,6204,130,,,0
11101,'Semaine-01',641,,6218,70,,,0,2,,6217,130,,,0,95,,6224,130,,,0,169,,6225,130,,,0,95,,6222,130,,,0,155,,6227,130,,,0,265,,6208,140,,,0,110,,6209,70,,,0,10,,6211,140,,,0,91,,6212,70,,,0,19,,6219,140,,,0,56,,6214,70,,,0,30,,6215,70,,,0,13,,6213,70,,,0,51,,6220,140,,,0,9,,6216,70,,,0,45,,6221,140,,,0,77,,6210,140,,,0,302,,6223,130,,,0
