100,'Dimanche-01',638,,5264,620,,,0,200,,5253,620,,,0,167,,5254,620,,,0,131,,5255,620,,,0,165,,5256,620,,,0,123,,5257,620,,,0,118,,5258,620,,,0,160,,5259,620,,,0,123,,5260,620,,,0,175,,5261,620,,,0,115,,5262,620,,,0,115,,5263,620,,,0
100,'Samedi-01',638,,5306,620,,,0,200,,5295,620,,,0,167,,5296,620,,,0,131,,5297,620,,,0,165,,5298,620,,,0,123,,5299,620,,,0,118,,5300,620,,,0,160,,5301,620,,,0,123,,5302,620,,,0,175,,5303,620,,,0,115,,5304,620,,,0,115,,5305,620,,,0
100,'Semaine-01',526,,5307,620,,,0,104,,5308,620,,,0,26,,5309,620,,,0,82,,5310,620,,,0,118,,5311,620,,,0,144,,5314,620,,,0,54,,5323,620,,,0,101,,5315,620,,,0,101,,5324,620,,,0,78,,5316,620,,,0,102,,5317,620,,,0,100,,5321,620,,,0,110,,5318,620,,,0,75,,5319,620,,,0,105,,5312,620,,,0,92,,5313,620,,,0,131,,5322,620,,,0,184,,5320,620,,,0
2100,'Semaine-01',542,,5492,260,,,0,70,,5493,260,,,0,30,,5494,260,,,0,75,,5495,260,,,0,30,,5496,260,,,0,75,,5497,260,,,0
2101,'Semaine-01',1640,,5506,410,,,0,63,,5507,410,,,0,26,,5508,410,,,0,24,,5509,410,,,0,64,,5510,410,,,0,28,,5511,410,,,0
2201,'Semaine-01',1643,,5533,270,,,0,65,,5537,270,,,0,25,,5534,270,,,0,25,,5538,270,,,0,65,,5536,270,,,0,23,,5535,270,,,0
2600,'Semaine-01',502,,5615,250,,,0,17,,5616,260,,,0
2800,'Semaine-01',515,,5669,150,,,0,20,,5668,150,,,0,15,,5666,390,,,0,55,,5680,150,,,0,10,,5676,150,,,0,10,,5677,150,,,0,10,,5665,430,,,0,8,,5678,150,,,0,8,,5667,390,,,0,8,,5681,150,,,0,49,,5679,150,,,0,8,,5670,150,,,0,10,,5671,150,,,0,11,,5672,150,,,0,10,,5673,150,,,0,10,,5674,150,,,0,60,,5675,150,,,0
3200,'Dimanche-01',614,,5830,350,,,0,214,,5835,350,,,0,223,,5838,350,,,0,192,,5839,350,,,0,159,,5831,350,,,0,122,,5841,350,,,0,120,,5832,350,,,0,159,,5834,350,,,0,118,,5833,350,,,0,214,,5836,350,,,0,216,,5837,350,,,0,253,,5840,350,0,6,0
3200,'Samedi-01',545,,5887,230,,,0,181,,5893,350,,,0,77,,5888,350,,,0,120,,5896,350,,,0,123,,5897,350,,,0,164,,5898,350,,,0,124,,5889,350,,,0,124,,5900,350,,,0,164,,5890,350,,,0,128,,5891,350,,,0,160,,5892,350,,,0,235,,5894,350,,,0,256,,5895,350,,,0,207,,5899,350,0,6,0
3200,'Semaine-01',641,,5926,350,,,0,80,,5901,350,,,0,80,,5929,350,,,0,40,,5912,350,,,0,80,,5920,350,,,0,80,,5921,350,,,0,41,,5922,350,,,0,81,,5923,350,,,0,83,,5924,350,,,0,43,,5925,350,,,0,83,,5902,350,,,0,82,,5903,350,,,0,42,,5904,350,,,0,85,,5928,350,,,0,85,,5906,350,,,0,85,,5907,350,,,0,45,,5908,350,,,0,85,,5909,350,,,0,82,,5910,350,,,0,83,,5911,350,,,0,40,,5913,350,,,0,80,,5914,350,,,0,80,,5915,350,,,0,40,,5916,350,,,0,80,,5917,350,,,0,80,,5918,350,,,0,40,,5919,350,,,0
3300,'Dimanche-01',612,,5934,530,,,0,42,,5932,530,,,0,91,,5943,530,,,0,81,,5953,530,,,0,83,,5955,530,,,0,93,,5956,530,,,0,40,,5957,530,,,0,80,,5958,530,,,0,80,,5959,530,,,0,40,,5935,530,,,0,80,,5936,530,,,0,79,,5937,530,,,0,40,,5938,530,,,0,80,,5939,530,,,0,79,,5940,530,,,0,39,,5941,530,,,0,79,,5942,530,,,0,39,,5944,530,,,0,79,,5945,530,,,0,80,,5946,530,,,0,87,,5947,530,,,0,45,,5948,530,,,0,85,,5949,530,,,0,87,,5950,530,,,0,86,,5951,530,,,0,43,,5952,530,,,0,88,,5933,530,,,0,83,,5954,530,,,0
3300,'Samedi-01',632,,6021,530,,,0,81,,6019,530,,,0,42,,6030,530,,,0,82,,6040,530,,,0,82,,6042,530,,,0,84,,6043,530,,,0,41,,6044,530,,,0,82,,6045,530,,,0,82,,6046,530,,,0,42,,6022,530,,,0,82,,6023,530,,,0,82,,6024,530,,,0,42,,6025,530,,,0,82,,6026,530,,,0,82,,6027,530,,,0,82,,6028,530,,,0,42,,6029,530,,,0,85,,6031,530,,,0,79,,6032,530,,,0,42,,6033,530,,,0,82,,6034,530,,,0,79,,6035,530,,,0,41,,6036,530,,,0,81,,6037,530,,,0,82,,6038,530,,,0,43,,6039,530,,,0,86,,6041,530,,,0,86,,6020,530,,,0
3300,'Semaine-01',639,,6048,530,,,0,80,,6076,530,,,0,81,,6057,530,,,0,40,,6067,530,,,0,80,,6070,530,,,0,80,,6071,530,,,0,40,,6072,530,,,0,82,,6073,530,,,0,81,,6074,530,,,0,43,,6049,530,,,0,83,,6050,530,,,0,83,,6051,530,,,0,43,,6052,530,,,0,84,,6053,530,,,0,86,,6054,530,,,0,84,,6055,530,,,0,45,,6056,530,,,0,84,,6058,530,,,0,81,,6059,530,,,0,83,,6060,530,,,0,42,,6061,530,,,0,80,,6062,530,,,0,80,,6063,530,,,0,39,,6064,530,,,0,80,,6065,530,,,0,80,,6066,530,,,0,40,,6068,530,,,0,80,,6069,530,,,0
9000,'Semaine-01',648,,6077,160,,,0,63,,6078,160,,,0
11100,'Dimanche-01',724,,6113,370,0,5 6,0,100,,6109,370,0,5 10,0,188,,6108,370,0,5 10,0,290,,6110,370,0,5 10,0,249,,6111,370,0,5 10,0,198,,6114,370,0,5 6,0,107,,6112,370,0,5 10,0,378,,6115,370,0,5 6,0
11100,'Samedi-01',724,,6143,370,0,5 6,0,100,,6139,370,0,5 10,0,188,,6138,370,0,5 10,0,290,,6140,370,0,5 10,0,249,,6141,370,0,5 10,0,198,,6144,370,0,5 6,0,107,,6142,370,0,5 10,0,378,,6145,370,0,5 6,0
11100,'Semaine-01',536,,6154,370,0,5 15,0,15,,6148,370,0,5 10,0,60,,6152,370,0,5 15,0,27,,6155,370,0,5 15,0,6,,6149,370,0,5 10,0,14,,6153,370,0,5 15,0,51,,6167,370,0,16 17,0,20,,6161,370,0,5 15,0,20,,6156,370,0,5 15,0,5,,6150,370,0,16 17,0,55,,6163,370,0,5 15,0,40,,6151,370,0,16 17,0,157,,6164,370,0,16 17,0,35,,6146,370,0,16 17,0,105,,6166,370,0,5 6,0,160,,6147,370,0,5 10,0,341,,6158,370,0,5 10,0,5,,6157,300,0,5 15,0,92,,6160,370,0,5 10,0,60,,6159,300,0,5 15,0,233,,6165,300,0,5 6,0,103,,6162,300,0,5 10,0
