101,'Dimanche-01',736,,5325,200,,,0,205,,5326,200,,,0,171,,5327,200,,,0,133,,5328,200,,,0,167,,5329,200,,,0,120,,5330,200,,,0,120,,5331,200,,,0,160,,5332,200,,,0,117,,5333,200,,,0,174,,5334,200,,,0,114,,5335,200,,,0,114,,5336,200,,,0
101,'Fête-1-01',736,,5337,200,,,0,205,,5338,200,,,0,171,,5339,200,,,0,133,,5340,200,,,0,167,,5341,200,,,0,120,,5342,200,,,0,120,,5343,200,,,0,160,,5344,200,,,0,117,,5345,200,,,0,174,,5346,200,,,0,114,,5347,200,,,0,114,,5348,200,,,0
101,'Fête-2-01',635,,5349,200,,,0,100,,5358,200,,,0,70,,5360,200,,,0,50,,5361,200,,,0,151,,5362,200,,,0,105,,5363,200,,,0,95,,5365,200,,,0,103,,5364,200,,,0,106,,5366,200,,,0,41,,5350,200,,,0,102,,5351,200,,,0,96,,5352,200,,,0,148,,5353,200,,,0,34,,5354,200,,,0,103,,5355,200,,,0,84,,5356,200,,,0,134,,5357,200,,,0,175,,5359,200,,,0
101,'Samedi-01',736,,5367,200,,,0,205,,5368,200,,,0,171,,5369,200,,,0,133,,5370,200,,,0,167,,5371,200,,,0,120,,5372,200,,,0,120,,5373,200,,,0,160,,5374,200,,,0,117,,5375,200,,,0,174,,5376,200,,,0,114,,5377,200,,,0,114,,5378,200,,,0
101,'Semaine-01',630,,5397,70,,,0,5,,5379,200,,,0,100,,5388,200,,,0,70,,5390,200,,,0,50,,5391,200,,,0,151,,5392,200,,,0,105,,5393,200,,,0,95,,5395,200,,,0,103,,5394,200,,,0,106,,5396,200,,,0,41,,5380,200,,,0,102,,5381,200,,,0,96,,5382,200,,,0,148,,5383,200,,,0,34,,5384,200,,,0,103,,5385,200,,,0,84,,5386,200,,,0,134,,5387,200,,,0,175,,5389,200,,,0
2100,'Fête-2-01',527,,5486,50,,,0,30,,5487,50,,,0,70,,5488,50,,,0,75,,5489,50,,,0,30,,5490,50,,,0,75,,5491,50,,,0
2100,'Semaine-01',527,,5492,50,,,0,30,,5493,50,,,0,70,,5494,50,,,0,75,,5495,50,,,0,30,,5496,50,,,0,75,,5497,50,,,0
2101,'Fête-2-01',1625,,5498,200,,,0,30,,5499,200,,,0,69,,5500,200,,,0,29,,5501,200,,,0,70,,5502,200,,,0
2101,'Semaine-01',1625,,5506,200,,,0,23,,5507,200,,,0,66,,5508,200,,,0,24,,5509,200,,,0,65,,5510,200,,,0,28,,5511,200,,,0
2801,'Fête-2-01',1400,,5685,140,0,22,0,148,,5688,140,0,22,0,72,,5692,140,0,22,0,27,,5683,140,0,23,0,55,,5691,140,0,22,0,19,,5686,140,0,22,0,10,,5682,140,,,0,10,,5687,140,0,22,0,18,,5684,140,0,23,0,59,,5689,140,0,22,0,16,,5693,140,0,22,0,15,,5690,140,0,22,0
2801,'Semaine-01',1400,,5697,140,0,22,0,148,,5703,140,0,22,0,57,,5706,140,0,22,0,15,,5710,140,0,22,0,12,,5707,140,0,22,0,15,,5695,140,0,23,0,5,,5708,140,0,22,0,50,,5709,140,0,22,0,10,,5698,140,0,22,0,9,,5699,140,0,22,0,10,,5694,140,,,0,10,,5700,140,0,22,0,8,,5701,140,0,22,0,10,,5696,140,0,23,0,54,,5702,140,0,22,0,11,,5704,140,0,22,0,25,,5705,140,0,22,0
3100,'Dimanche-01',718,,5744,280,,,0,218,,5745,280,,,0,278,,5743,280,,,0,123,,5736,280,,,0,120,,5737,280,,,0,158,,5738,280,,,0,118,,5739,280,,,0,119,,5740,280,,,0,167,,5741,280,,,0,221,,5735,280,,,0,215,,5742,280,,,0
3100,'Fête-1-01',607,,5747,280,,,0,43,,5758,280,,,0,204,,5759,280,,,0,165,,5756,280,,,0,124,,5746,280,,,0,164,,5757,280,,,0,124,,5748,280,,,0,124,,5749,280,,,0,164,,5750,280,,,0,124,,5751,280,,,0,164,,5752,280,,,0,27,,5753,280,,,0,216,,5754,280,,,0,255,,5755,280,,,0
3100,'Fête-2-01',615,,5784,280,,,0,40,,5760,280,,,0,80,,5770,280,,,0,80,,5785,280,,,0,40,,5779,280,,,0,80,,5780,280,,,0,80,,5781,280,,,0,41,,5787,280,,,0,83,,5782,280,,,0,83,,5783,280,,,0,83,,5761,280,,,0,43,,5762,280,,,0,82,,5763,280,,,0,82,,5764,280,,,0,45,,5765,280,,,0,85,,5766,280,,,0,86,,5767,280,,,0,85,,5768,280,,,0,44,,5769,280,,,0,82,,5771,280,,,0,82,,5772,280,,,0,79,,5773,280,,,0,40,,5774,280,,,0,80,,5775,280,,,0,80,,5776,280,,,0,40,,5777,280,,,0,80,,5778,280,,,0,121,,5786,280,0,5 6,0
3100,'Samedi-01',607,,5789,280,,,0,43,,5800,280,,,0,204,,5801,280,,,0,165,,5798,280,,,0,124,,5788,280,,,0,164,,5799,280,,,0,124,,5790,280,,,0,124,,5791,280,,,0,164,,5792,280,,,0,124,,5793,280,,,0,164,,5794,280,,,0,27,,5795,280,,,0,216,,5796,280,,,0,255,,5797,280,,,0
3100,'Semaine-01',615,,5826,280,,,0,40,,5802,280,,,0,80,,5812,280,,,0,80,,5827,280,,,0,40,,5821,280,,,0,80,,5822,280,,,0,80,,5823,280,,,0,41,,5829,280,,,0,83,,5824,280,,,0,83,,5825,280,,,0,83,,5803,280,,,0,43,,5804,280,,,0,82,,5805,280,,,0,82,,5806,280,,,0,45,,5807,280,,,0,85,,5808,280,,,0,86,,5809,280,,,0,85,,5810,280,,,0,44,,5811,280,,,0,82,,5813,280,,,0,82,,5814,280,,,0,79,,5815,280,,,0,40,,5816,280,,,0,80,,5817,280,,,0,80,,5818,280,,,0,40,,5819,280,,,0,80,,5820,280,,,0,121,,5828,280,0,5 6,0
3300,'Dimanche-01',542,,5934,80,,,0,82,,5932,80,,,0,90,,5943,80,,,0,41,,5953,80,,,0,83,,5955,80,,,0,93,,5956,80,,,0,80,,5957,80,,,0,40,,5958,80,,,0,80,,5959,80,,,0,80,,5935,80,,,0,40,,5936,80,,,0,79,,5937,80,,,0,80,,5938,80,,,0,40,,5939,80,,,0,79,,5940,80,,,0,79,,5941,80,,,0,39,,5942,80,,,0,79,,5944,80,,,0,79,,5945,80,,,0,40,,5946,80,,,0,87,,5947,80,,,0,85,,5948,80,,,0,86,,5949,80,,,0,47,,5950,80,,,0,86,,5951,80,,,0,83,,5952,80,,,0,88,,5933,80,,,0,43,,5954,80,,,0,159,,5960,80,0,8 6,0
3300,'Fête-1-01',602,,5963,80,,,0,41,,5961,80,,,0,81,,5972,80,,,0,82,,5982,80,,,0,42,,5984,80,,,0,84,,5985,80,,,0,81,,5986,80,,,0,42,,5987,80,,,0,82,,5988,80,,,0,82,,5964,80,,,0,82,,5965,80,,,0,42,,5966,80,,,0,82,,5967,80,,,0,82,,5968,80,,,0,42,,5969,80,,,0,82,,5970,80,,,0,82,,5971,80,,,0,45,,5973,80,,,0,79,,5974,80,,,0,82,,5975,80,,,0,82,,5976,80,,,0,39,,5977,80,,,0,82,,5978,80,,,0,81,,5979,80,,,0,42,,5980,80,,,0,83,,5981,80,,,0,86,,5983,80,,,0,86,,5962,80,,,0,113,,5989,80,0,8 6,0
3300,'Fête-2-01',609,,5990,80,,,0,40,,6018,80,,,0,81,,5999,80,,,0,80,,6009,80,,,0,40,,6012,80,,,0,79,,6013,80,,,0,80,,6014,80,,,0,42,,6015,80,,,0,81,,6016,80,,,0,83,,5991,80,,,0,43,,5992,80,,,0,83,,5993,80,,,0,82,,5994,80,,,0,82,,5995,80,,,0,45,,5996,80,,,0,85,,5997,80,,,0,85,,5998,80,,,0,85,,6000,80,,,0,44,,6001,80,,,0,83,,6002,80,,,0,82,,6003,80,,,0,40,,6004,80,,,0,80,,6005,80,,,0,80,,6006,80,,,0,40,,6007,80,,,0,80,,6008,80,,,0,80,,6010,80,,,0,40,,6011,80,,,0,96,,6017,30,0,8 6,0
3300,'Samedi-01',602,,6021,80,,,0,41,,6019,80,,,0,81,,6030,80,,,0,82,,6040,80,,,0,42,,6042,80,,,0,84,,6043,80,,,0,81,,6044,80,,,0,42,,6045,80,,,0,82,,6046,80,,,0,82,,6022,80,,,0,82,,6023,80,,,0,42,,6024,80,,,0,82,,6025,80,,,0,82,,6026,80,,,0,42,,6027,80,,,0,82,,6028,80,,,0,82,,6029,80,,,0,45,,6031,80,,,0,79,,6032,80,,,0,82,,6033,80,,,0,82,,6034,80,,,0,39,,6035,80,,,0,82,,6036,80,,,0,81,,6037,80,,,0,42,,6038,80,,,0,83,,6039,80,,,0,86,,6041,80,,,0,86,,6020,80,,,0,113,,6047,80,0,8 6,0
3300,'Semaine-01',609,,6048,80,,,0,40,,6076,80,,,0,81,,6057,80,,,0,80,,6067,80,,,0,40,,6070,80,,,0,79,,6071,80,,,0,80,,6072,80,,,0,42,,6073,80,,,0,81,,6074,80,,,0,83,,6049,80,,,0,43,,6050,80,,,0,83,,6051,80,,,0,82,,6052,80,,,0,82,,6053,80,,,0,45,,6054,80,,,0,85,,6055,80,,,0,85,,6056,80,,,0,85,,6058,80,,,0,44,,6059,80,,,0,83,,6060,80,,,0,82,,6061,80,,,0,40,,6062,80,,,0,80,,6063,80,,,0,80,,6064,80,,,0,40,,6065,80,,,0,80,,6066,80,,,0,80,,6068,80,,,0,40,,6069,80,,,0,96,,6075,30,0,8 6,0
9001,'Semaine-01',1842,,6080,110,,,0
14001,'Dimanche-01',817,,6231,20,,,0,114,,6232,20,,,0,115,,6233,20,,,0,155,,6234,20,,,0,115,,6235,20,,,0,115,,6236,20,,,0,120,,6237,20,,,0,160,,6230,20,,,0
14001,'Fête-1-01',817,,6240,20,,,0,114,,6241,20,,,0,115,,6242,20,,,0,155,,6243,20,,,0,115,,6244,20,,,0,115,,6245,20,,,0,120,,6246,20,,,0,160,,6239,20,,,0
14001,'Fête-2-01',851,,6249,20,,,0,160,,6250,20,,,0,120,,6251,20,,,0,125,,6252,20,,,0,165,,6253,20,,,0,125,,6254,20,,,0,165,,6255,20,,,0,125,,6256,20,,,0,120,,6257,20,,,0,155,,6258,20,,,0
14001,'Samedi-01',817,,6262,20,,,0,114,,6263,20,,,0,115,,6264,20,,,0,155,,6265,20,,,0,115,,6266,20,,,0,115,,6267,20,,,0,120,,6268,20,,,0,160,,6261,20,,,0
14001,'Semaine-01',851,,6271,20,,,0,160,,6272,20,,,0,120,,6273,20,,,0,125,,6274,20,,,0,165,,6275,20,,,0,125,,6276,20,,,0,165,,6277,20,,,0,125,,6278,20,,,0,120,,6279,20,,,0,155,,6280,20,,,0
