101,'Dimanche-01',734,,5325,170,,,0,205,,5326,170,,,0,170,,5327,170,,,0,133,,5328,170,,,0,167,,5329,170,,,0,120,,5330,170,,,0,120,,5331,170,,,0,160,,5332,170,,,0,118,,5333,170,,,0,174,,5334,170,,,0,114,,5335,170,,,0,114,,5336,170,,,0
101,'Samedi-01',734,,5367,170,,,0,205,,5368,170,,,0,170,,5369,170,,,0,133,,5370,170,,,0,167,,5371,170,,,0,120,,5372,170,,,0,120,,5373,170,,,0,160,,5374,170,,,0,118,,5375,170,,,0,174,,5376,170,,,0,114,,5377,170,,,0,114,,5378,170,,,0
101,'Semaine-01',628,,5397,40,,,0,5,,5379,170,,,0,100,,5388,170,,,0,70,,5390,170,,,0,50,,5391,170,,,0,151,,5392,170,,,0,105,,5393,170,,,0,95,,5395,170,,,0,102,,5394,170,,,0,106,,5396,170,,,0,41,,5380,170,,,0,102,,5381,170,,,0,96,,5382,170,,,0,149,,5383,170,,,0,34,,5384,170,,,0,103,,5385,170,,,0,84,,5386,170,,,0,134,,5387,170,,,0,175,,5389,170,,,0
2100,'Semaine-01',525,,5492,20,,,0,30,,5493,20,,,0,70,,5494,20,,,0,75,,5495,20,,,0,30,,5496,20,,,0,75,,5497,20,,,0
2101,'Semaine-01',1622,,5506,170,,,0,23,,5507,170,,,0,66,,5508,170,,,0,25,,5509,170,,,0,65,,5510,170,,,0,28,,5511,170,,,0
2801,'Semaine-01',1357,,5697,110,0,22,0,188,,5703,110,0,22,0,57,,5706,110,0,22,0,15,,5710,110,0,22,0,12,,5707,110,0,22,0,15,,5695,110,0,23,0,5,,5708,110,0,22,0,10,,5709,110,0,22,0,50,,5698,110,0,22,0,9,,5699,110,0,22,0,10,,5694,110,,,0,10,,5700,110,0,22,0,8,,5701,110,0,22,0,10,,5696,110,0,23,0,54,,5702,110,0,22,0,11,,5704,110,0,22,0,25,,5705,110,0,22,0
3300,'Dimanche-01',540,,5934,40,,,0,82,,5932,40,,,0,90,,5943,40,,,0,41,,5953,40,,,0,83,,5955,40,,,0,93,,5956,40,,,0,80,,5957,40,,,0,40,,5958,40,,,0,80,,5959,40,,,0,80,,5935,40,,,0,40,,5936,40,,,0,79,,5937,40,,,0,80,,5938,40,,,0,40,,5939,40,,,0,79,,5940,40,,,0,79,,5941,40,,,0,39,,5942,40,,,0,79,,5944,40,,,0,79,,5945,40,,,0,40,,5946,40,,,0,87,,5947,40,,,0,85,,5948,40,,,0,86,,5949,40,,,0,47,,5950,40,,,0,86,,5951,40,,,0,83,,5952,40,,,0,88,,5933,40,,,0,43,,5954,40,,,0,159,,5960,40,0,8 6,0
3300,'Samedi-01',600,,6021,40,,,0,41,,6019,40,,,0,81,,6030,40,,,0,82,,6040,40,,,0,42,,6042,40,,,0,84,,6043,40,,,0,81,,6044,40,,,0,42,,6045,40,,,0,82,,6046,40,,,0,82,,6022,40,,,0,42,,6023,40,,,0,82,,6024,40,,,0,82,,6025,40,,,0,82,,6026,40,,,0,42,,6027,40,,,0,82,,6028,40,,,0,82,,6029,40,,,0,45,,6031,40,,,0,79,,6032,40,,,0,82,,6033,40,,,0,42,,6034,40,,,0,79,,6035,40,,,0,82,,6036,40,,,0,81,,6037,40,,,0,42,,6038,40,,,0,83,,6039,40,,,0,86,,6041,40,,,0,46,,6020,40,,,0,153,,6047,40,0,8 6,0
3300,'Semaine-01',607,,6048,40,,,0,40,,6076,40,,,0,80,,6057,40,,,0,80,,6067,40,,,0,40,,6070,40,,,0,80,,6071,40,,,0,80,,6072,40,,,0,41,,6073,40,,,0,81,,6074,40,,,0,83,,6049,40,,,0,43,,6050,40,,,0,83,,6051,40,,,0,82,,6052,40,,,0,82,,6053,40,,,0,45,,6054,40,,,0,85,,6055,40,,,0,85,,6056,40,,,0,85,,6058,40,,,0,45,,6059,40,,,0,83,,6060,40,,,0,82,,6061,40,,,0,40,,6062,40,,,0,80,,6063,40,,,0,80,,6064,40,,,0,40,,6065,40,,,0,80,,6066,40,,,0,80,,6068,40,,,0,40,,6069,40,,,0
9001,'Semaine-01',1839,,6080,80,,,0
