2301,'Fête-2-01',1550,,5555,130,,,0,65,,5556,130,,,0,30,,5557,130,,,0,70,,5558,130,,,0,29,,5559,130,,,0,69,,5560,130,,,0,30,,5561,130,,,0
2301,'Semaine-01',1550,,5562,130,,,0,65,,5563,130,,,0,30,,5564,130,,,0,70,,5565,130,,,0,29,,5566,130,,,0,69,,5567,130,,,0,30,,5568,130,,,0
2401,'Fête-2-01',1637,,5580,20,,,0,85,,5581,20,,,0,85,,5583,20,,,0,45,,5582,20,,,0
2401,'Semaine-01',1637,,5584,20,,,0,85,,5585,20,,,0,85,,5588,20,,,0,21,,5587,20,,,0,24,,5586,20,,,0
2501,'Fête-2-01',1554,,5601,130,,,0,80,,5602,130,,,0,74,,5603,130,,,0,39,,5604,130,,,0,80,,5605,130,,,0,28,,5606,130,,,0
2501,'Semaine-01',1554,,5607,130,,,0,80,,5608,130,,,0,74,,5609,130,,,0,39,,5610,130,,,0,80,,5611,130,,,0,28,,5612,130,,,0
2701,'Fête-2-01',606,,5637,20,,,0,40,,5638,20,,,0,81,,5639,20,,,0,80,,5640,20,,,0,744,,5644,20,,,0,81,,5641,20,,,0,84,,5645,20,,,0,86,,5642,20,,,0,45,,5643,20,,,0
2701,'Semaine-01',606,,5646,20,,,0,40,,5647,20,,,0,81,,5648,20,,,0,80,,5649,20,,,0,744,,5653,20,,,0,81,,5650,20,,,0,84,,5654,20,,,0,86,,5651,20,,,0,45,,5652,20,,,0
3200,'Dimanche-01',555,,5830,130,,,0,254,,5835,130,,,0,223,,5838,130,,,0,192,,5839,130,,,0,119,,5831,130,,,0,162,,5841,130,,,0,120,,5832,130,,,0,119,,5834,130,,,0,158,,5833,130,,,0,215,,5836,130,,,0,216,,5837,130,,,0,213,,5840,130,0,6,0
3200,'Fête-1-01',526,,5842,10,,,0,181,,5848,130,,,0,37,,5843,130,,,0,160,,5851,130,,,0,123,,5852,130,,,0,124,,5853,130,,,0,164,,5844,130,,,0,124,,5855,130,,,0,164,,5845,130,,,0,128,,5846,130,,,0,120,,5847,130,,,0,276,,5849,130,,,0,216,,5850,130,,,0,208,,5854,130,0,6,0
3200,'Fête-2-01',623,,5881,130,,,0,80,,5856,130,,,0,39,,5884,130,,,0,79,,5867,130,,,0,80,,5875,130,,,0,42,,5876,130,,,0,81,,5877,130,,,0,81,,5878,130,,,0,43,,5879,130,,,0,83,,5880,130,,,0,83,,5857,130,,,0,42,,5858,130,,,0,82,,5859,130,,,0,85,,5883,130,,,0,85,,5861,130,,,0,44,,5862,130,,,0,86,,5863,130,,,0,85,,5864,130,,,0,82,,5865,130,,,0,43,,5866,130,,,0,81,,5868,130,,,0,80,,5869,130,,,0,40,,5870,130,,,0,80,,5871,130,,,0,80,,5872,130,,,0,41,,5873,130,,,0,80,,5874,130,,,0,112,,5882,130,0,6,0
3200,'Samedi-01',526,,5887,10,,,0,181,,5893,130,,,0,37,,5888,130,,,0,160,,5896,130,,,0,123,,5897,130,,,0,124,,5898,130,,,0,164,,5889,130,,,0,124,,5900,130,,,0,164,,5890,130,,,0,128,,5891,130,,,0,120,,5892,130,,,0,276,,5894,130,,,0,216,,5895,130,,,0,208,,5899,130,0,6,0
3200,'Semaine-01',623,,5926,130,,,0,80,,5901,130,,,0,39,,5929,130,,,0,79,,5912,130,,,0,80,,5920,130,,,0,42,,5921,130,,,0,81,,5922,130,,,0,81,,5923,130,,,0,43,,5924,130,,,0,83,,5925,130,,,0,83,,5902,130,,,0,42,,5903,130,,,0,82,,5904,130,,,0,85,,5928,130,,,0,85,,5906,130,,,0,44,,5907,130,,,0,86,,5908,130,,,0,85,,5909,130,,,0,82,,5910,130,,,0,43,,5911,130,,,0,81,,5913,130,,,0,80,,5914,130,,,0,40,,5915,130,,,0,80,,5916,130,,,0,80,,5917,130,,,0,41,,5918,130,,,0,80,,5919,130,,,0,112,,5927,130,0,6,0
