101,'Dimanche-02',745,,7950,340,,,0,206,,7951,340,,,0,171,,7952,340,,,0,133,,7953,340,,,0,167,,7954,340,,,0,120,,7955,340,,,0,160,,7956,340,,,0,120,,7957,340,,,0,117,,7958,340,,,0,174,,7959,340,,,0,114,,7960,340,,,0,113,,7961,340,,,0
101,'Fête-1-02',745,,7962,340,,,0,206,,7963,340,,,0,171,,7964,340,,,0,133,,7965,340,,,0,167,,7966,340,,,0,120,,7967,340,,,0,160,,7968,340,,,0,120,,7969,340,,,0,117,,7970,340,,,0,174,,7971,340,,,0,114,,7972,340,,,0,113,,7973,340,,,0
101,'Fête-2-02',644,,7974,340,,,0,101,,7983,340,,,0,70,,7985,340,,,0,90,,7986,340,,,0,111,,7987,340,,,0,105,,7988,340,,,0,95,,7990,340,,,0,104,,7989,340,,,0,106,,7991,340,,,0,81,,7975,340,,,0,103,,7976,340,,,0,96,,7977,340,,,0,107,,7978,340,,,0,34,,7979,340,,,0,103,,7980,340,,,0,83,,7981,340,,,0,173,,7982,340,,,0,135,,7984,340,,,0
101,'Samedi-02',745,,7992,340,,,0,206,,7993,340,,,0,171,,7994,340,,,0,133,,7995,340,,,0,167,,7996,340,,,0,120,,7997,340,,,0,160,,7998,340,,,0,120,,7999,340,,,0,117,,8000,340,,,0,174,,8001,340,,,0,114,,8002,340,,,0,113,,8003,340,,,0
101,'Semaine-02',639,,8022,210,,,0,5,,8004,340,,,0,101,,8013,340,,,0,70,,8015,340,,,0,90,,8016,340,,,0,111,,8017,340,,,0,105,,8018,340,,,0,95,,8020,340,,,0,104,,8019,340,,,0,106,,8021,340,,,0,81,,8005,340,,,0,103,,8006,340,,,0,96,,8007,340,,,0,107,,8008,340,,,0,34,,8009,340,,,0,103,,8010,340,,,0,83,,8011,340,,,0,173,,8012,340,,,0,135,,8014,340,,,0
3300,'Dimanche-02',554,,8559,250,,,0,82,,8557,250,,,0,91,,8568,250,,,0,81,,8578,250,,,0,43,,8580,250,,,0,93,,8581,250,,,0,80,,8582,250,,,0,80,,8583,250,,,0,40,,8584,250,,,0,80,,8560,250,,,0,80,,8561,250,,,0,39,,8562,250,,,0,80,,8563,250,,,0,80,,8564,250,,,0,39,,8565,250,,,0,79,,8566,250,,,0,79,,8567,250,,,0,39,,8569,250,,,0,79,,8570,250,,,0,40,,8571,250,,,0,87,,8572,250,,,0,85,,8573,250,,,0,85,,8574,250,,,0,87,,8575,250,,,0,46,,8576,250,,,0,83,,8577,250,,,0,88,,8558,250,,,0,83,,8579,250,,,0,119,,8585,250,0,8 6,0
3300,'Fête-1-02',614,,8588,250,,,0,41,,8586,250,,,0,82,,8597,250,,,0,82,,8607,250,,,0,82,,8609,250,,,0,44,,8610,250,,,0,81,,8611,250,,,0,82,,8612,250,,,0,42,,8613,250,,,0,82,,8589,250,,,0,82,,8590,250,,,0,42,,8591,250,,,0,82,,8592,250,,,0,82,,8593,250,,,0,82,,8594,250,,,0,42,,8595,250,,,0,82,,8596,250,,,0,85,,8598,250,,,0,39,,8599,250,,,0,82,,8600,250,,,0,82,,8601,250,,,0,39,,8602,250,,,0,81,,8603,250,,,0,81,,8604,250,,,0,42,,8605,250,,,0,83,,8606,250,,,0,86,,8608,250,,,0,86,,8587,250,,,0,113,,8614,250,0,8 6,0
3300,'Fête-2-02',622,,8615,250,,,0,80,,8643,250,,,0,41,,8624,250,,,0,80,,8634,250,,,0,80,,8637,250,,,0,40,,8638,250,,,0,80,,8639,250,,,0,82,,8640,250,,,0,41,,8641,250,,,0,83,,8616,250,,,0,83,,8617,250,,,0,43,,8618,250,,,0,82,,8619,250,,,0,83,,8620,250,,,0,86,,8621,250,,,0,45,,8622,250,,,0,85,,8623,250,,,0,84,,8625,250,,,0,82,,8626,250,,,0,43,,8627,250,,,0,82,,8628,250,,,0,80,,8629,250,,,0,40,,8630,250,,,0,79,,8631,250,,,0,80,,8632,250,,,0,40,,8633,250,,,0,80,,8635,250,,,0,80,,8636,250,,,0,96,,8642,200,0,8 6,0
3300,'Samedi-02',614,,8646,250,,,0,41,,8644,250,,,0,82,,8655,250,,,0,82,,8665,250,,,0,82,,8667,250,,,0,44,,8668,250,,,0,81,,8669,250,,,0,82,,8670,250,,,0,42,,8671,250,,,0,82,,8647,250,,,0,82,,8648,250,,,0,42,,8649,250,,,0,82,,8650,250,,,0,82,,8651,250,,,0,82,,8652,250,,,0,42,,8653,250,,,0,82,,8654,250,,,0,85,,8656,250,,,0,39,,8657,250,,,0,82,,8658,250,,,0,82,,8659,250,,,0,39,,8660,250,,,0,81,,8661,250,,,0,81,,8662,250,,,0,42,,8663,250,,,0,83,,8664,250,,,0,86,,8666,250,,,0,86,,8645,250,,,0,113,,8672,250,0,8 6,0
3300,'Semaine-02',622,,8673,250,,,0,80,,8701,250,,,0,41,,8682,250,,,0,80,,8692,250,,,0,80,,8695,250,,,0,40,,8696,250,,,0,80,,8697,250,,,0,82,,8698,250,,,0,41,,8699,250,,,0,83,,8674,250,,,0,83,,8675,250,,,0,43,,8676,250,,,0,82,,8677,250,,,0,83,,8678,250,,,0,86,,8679,250,,,0,45,,8680,250,,,0,85,,8681,250,,,0,84,,8683,250,,,0,82,,8684,250,,,0,43,,8685,250,,,0,82,,8686,250,,,0,80,,8687,250,,,0,40,,8688,250,,,0,79,,8689,250,,,0,80,,8690,250,,,0,40,,8691,250,,,0,80,,8693,250,,,0,80,,8694,250,,,0,96,,8700,200,0,8 6,0
14001,'Dimanche-02',826,,8856,40,,,0,114,,8857,40,,,0,115,,8858,40,,,0,155,,8859,40,,,0,115,,8860,40,,,0,115,,8861,40,,,0,160,,8862,40,,,0,120,,8855,40,,,0
14001,'Fête-1-02',826,,8865,40,,,0,114,,8866,40,,,0,115,,8867,40,,,0,155,,8868,40,,,0,115,,8869,40,,,0,115,,8870,40,,,0,160,,8871,40,,,0,120,,8864,40,,,0
14001,'Fête-2-02',735,,8884,500,,,0,165,,8874,40,,,0,120,,8875,40,,,0,121,,8876,40,,,0,165,,8877,40,,,0,125,,8878,40,,,0,125,,8879,40,,,0,165,,8880,40,,,0,125,,8881,40,,,0,160,,8882,40,,,0,114,,8883,40,,,0
14001,'Samedi-02',826,,8887,40,,,0,114,,8888,40,,,0,115,,8889,40,,,0,155,,8890,40,,,0,115,,8891,40,,,0,115,,8892,40,,,0,160,,8893,40,,,0,120,,8886,40,,,0
14001,'Semaine-02',735,,8906,500,,,0,165,,8896,40,,,0,120,,8897,40,,,0,121,,8898,40,,,0,165,,8899,40,,,0,125,,8900,40,,,0,125,,8901,40,,,0,165,,8902,40,,,0,125,,8903,40,,,0,160,,8904,40,,,0,114,,8905,40,,,0
